Time,Model,Params,Seed,Has0_acc_2,Has0_F1_score,Non0_acc_2,Non0_F1_score,Mult_acc_5,Mult_acc_7,MAE,Corr,Loss,Loss(pred_m)
2026-01-21_06-27-40,emt-dlfr,"<Storage{'need_task_scheduling': False, 'is_tune': False, 'train_mode': 'regression', 'modelName': 'emt-dlfr', 'datasetName': 'mosi', 'num_workers': 4, 'model_save_dir': 'results/mosi/emt-dlfr/run_once/models', 'res_save_dir': 'results/mosi/emt-dlfr/run_once/results', 'gpu_ids': ['0'], 'missing_rates': array([0. , 0.1, 0.2, 0.3, 0.4, 0.5, 0.6, 0.7, 0.8, 0.9, 1. ]), 'seed': 11111, 'num_seeds': 3, 'exp_name': 'moe-uncertainty', 'diff_missing': None, 'KeyEval': 'Loss', 'save_model': True, 'use_normalized_data': False, 'seeds': [111, 1111, 11111], 'missing_rate': (0.4, 0.4, 0.4), 'dataPath': '/mnt/HDD2/teng/Master-23/sjc/work2/EMT-DLFR-master/MMSA/Datasets/MOSI/Processed/unaligned_50.pkl', 'seq_lens': (50, 375, 500), 'feature_dims': (768, 5, 20), 'train_samples': 1284, 'num_classes': 3, 'language': 'en', 'missing_seed': (111, 1111, 11111), 'data_missing': True, 'deal_missing': False, 'need_data_aligned': False, 'need_model_aligned': False, 'need_normalized': False, 'use_bert': True, 'use_finetune': True, 'save_labels': False, 'early_stop': 8, 'update_epochs': 4, 'batch_size': 32, 'learning_rate_bert': 5e-05, 'learning_rate_audio': 0.001, 'learning_rate_video': 0.0001, 'learning_rate_other': 0.001, 'weight_decay_bert': 0.001, 'weight_decay_audio': 0.01, 'weight_decay_video': 0.001, 'weight_decay_other': 0.001, 'a_lstm_hidden_size': 32, 'v_lstm_hidden_size': 64, 'a_lstm_layers': 1, 'v_lstm_layers': 1, 'text_out': 768, 'audio_out': 16, 'video_out': 32, 'a_lstm_dropout': 0.0, 'v_lstm_dropout': 0.0, 't_bert_dropout': 0.1, 'd_model': 128, 'fusion_layers': 3, 'heads': 4, 'learnable_pos_emb': False, 'emb_dropout': 0.0, 'attn_dropout': 0.3, 'ff_dropout': 0.1, 'ff_expansion': 4, 'mpu_share': True, 'modality_share': True, 'layer_share': True, 'attn_act_fn': 'tanh', 'gmc_tokens_pred_dim': 128, 'text_pred_dim': 256, 'audio_pred_dim': 8, 'video_pred_dim': 16, 'recon_loss': 'SmoothL1Loss', 'loss_attra_weight': 1, 'loss_recon_weight': 1, 'post_fusion_dim': 256, 'post_fusion_dropout': 0.3, 'H': 3.0, 'cur_time': 3, 'model_save_path': 'results/mosi/emt-dlfr/run_once/models/emt-dlfr-mosi-regression-mr0.4-11111.pth', 'device': device(type='cuda', index=0), 'tasks': 'M'}>",111,70.7,70.75,70.73,70.89,35.13,31.2,108.96,53.94,138.61,110.38
2026-01-21_06-27-40,emt-dlfr,"<Storage{'need_task_scheduling': False, 'is_tune': False, 'train_mode': 'regression', 'modelName': 'emt-dlfr', 'datasetName': 'mosi', 'num_workers': 4, 'model_save_dir': 'results/mosi/emt-dlfr/run_once/models', 'res_save_dir': 'results/mosi/emt-dlfr/run_once/results', 'gpu_ids': ['0'], 'missing_rates': array([0. , 0.1, 0.2, 0.3, 0.4, 0.5, 0.6, 0.7, 0.8, 0.9, 1. ]), 'seed': 11111, 'num_seeds': 3, 'exp_name': 'moe-uncertainty', 'diff_missing': None, 'KeyEval': 'Loss', 'save_model': True, 'use_normalized_data': False, 'seeds': [111, 1111, 11111], 'missing_rate': (0.4, 0.4, 0.4), 'dataPath': '/mnt/HDD2/teng/Master-23/sjc/work2/EMT-DLFR-master/MMSA/Datasets/MOSI/Processed/unaligned_50.pkl', 'seq_lens': (50, 375, 500), 'feature_dims': (768, 5, 20), 'train_samples': 1284, 'num_classes': 3, 'language': 'en', 'missing_seed': (111, 1111, 11111), 'data_missing': True, 'deal_missing': False, 'need_data_aligned': False, 'need_model_aligned': False, 'need_normalized': False, 'use_bert': True, 'use_finetune': True, 'save_labels': False, 'early_stop': 8, 'update_epochs': 4, 'batch_size': 32, 'learning_rate_bert': 5e-05, 'learning_rate_audio': 0.001, 'learning_rate_video': 0.0001, 'learning_rate_other': 0.001, 'weight_decay_bert': 0.001, 'weight_decay_audio': 0.01, 'weight_decay_video': 0.001, 'weight_decay_other': 0.001, 'a_lstm_hidden_size': 32, 'v_lstm_hidden_size': 64, 'a_lstm_layers': 1, 'v_lstm_layers': 1, 'text_out': 768, 'audio_out': 16, 'video_out': 32, 'a_lstm_dropout': 0.0, 'v_lstm_dropout': 0.0, 't_bert_dropout': 0.1, 'd_model': 128, 'fusion_layers': 3, 'heads': 4, 'learnable_pos_emb': False, 'emb_dropout': 0.0, 'attn_dropout': 0.3, 'ff_dropout': 0.1, 'ff_expansion': 4, 'mpu_share': True, 'modality_share': True, 'layer_share': True, 'attn_act_fn': 'tanh', 'gmc_tokens_pred_dim': 128, 'text_pred_dim': 256, 'audio_pred_dim': 8, 'video_pred_dim': 16, 'recon_loss': 'SmoothL1Loss', 'loss_attra_weight': 1, 'loss_recon_weight': 1, 'post_fusion_dim': 256, 'post_fusion_dropout': 0.3, 'H': 3.0, 'cur_time': 3, 'model_save_path': 'results/mosi/emt-dlfr/run_once/models/emt-dlfr-mosi-regression-mr0.4-11111.pth', 'device': device(type='cuda', index=0), 'tasks': 'M'}>",1111,72.16,72.19,72.87,72.98,38.78,33.67,101.35,56.32,127.63,100.77
2026-01-21_06-27-40,emt-dlfr,"<Storage{'need_task_scheduling': False, 'is_tune': False, 'train_mode': 'regression', 'modelName': 'emt-dlfr', 'datasetName': 'mosi', 'num_workers': 4, 'model_save_dir': 'results/mosi/emt-dlfr/run_once/models', 'res_save_dir': 'results/mosi/emt-dlfr/run_once/results', 'gpu_ids': ['0'], 'missing_rates': array([0. , 0.1, 0.2, 0.3, 0.4, 0.5, 0.6, 0.7, 0.8, 0.9, 1. ]), 'seed': 11111, 'num_seeds': 3, 'exp_name': 'moe-uncertainty', 'diff_missing': None, 'KeyEval': 'Loss', 'save_model': True, 'use_normalized_data': False, 'seeds': [111, 1111, 11111], 'missing_rate': (0.4, 0.4, 0.4), 'dataPath': '/mnt/HDD2/teng/Master-23/sjc/work2/EMT-DLFR-master/MMSA/Datasets/MOSI/Processed/unaligned_50.pkl', 'seq_lens': (50, 375, 500), 'feature_dims': (768, 5, 20), 'train_samples': 1284, 'num_classes': 3, 'language': 'en', 'missing_seed': (111, 1111, 11111), 'data_missing': True, 'deal_missing': False, 'need_data_aligned': False, 'need_model_aligned': False, 'need_normalized': False, 'use_bert': True, 'use_finetune': True, 'save_labels': False, 'early_stop': 8, 'update_epochs': 4, 'batch_size': 32, 'learning_rate_bert': 5e-05, 'learning_rate_audio': 0.001, 'learning_rate_video': 0.0001, 'learning_rate_other': 0.001, 'weight_decay_bert': 0.001, 'weight_decay_audio': 0.01, 'weight_decay_video': 0.001, 'weight_decay_other': 0.001, 'a_lstm_hidden_size': 32, 'v_lstm_hidden_size': 64, 'a_lstm_layers': 1, 'v_lstm_layers': 1, 'text_out': 768, 'audio_out': 16, 'video_out': 32, 'a_lstm_dropout': 0.0, 'v_lstm_dropout': 0.0, 't_bert_dropout': 0.1, 'd_model': 128, 'fusion_layers': 3, 'heads': 4, 'learnable_pos_emb': False, 'emb_dropout': 0.0, 'attn_dropout': 0.3, 'ff_dropout': 0.1, 'ff_expansion': 4, 'mpu_share': True, 'modality_share': True, 'layer_share': True, 'attn_act_fn': 'tanh', 'gmc_tokens_pred_dim': 128, 'text_pred_dim': 256, 'audio_pred_dim': 8, 'video_pred_dim': 16, 'recon_loss': 'SmoothL1Loss', 'loss_attra_weight': 1, 'loss_recon_weight': 1, 'post_fusion_dim': 256, 'post_fusion_dropout': 0.3, 'H': 3.0, 'cur_time': 3, 'model_save_path': 'results/mosi/emt-dlfr/run_once/models/emt-dlfr-mosi-regression-mr0.4-11111.pth', 'device': device(type='cuda', index=0), 'tasks': 'M'}>",11111,71.28,71.36,71.8,71.96,37.17,31.78,107.71,53.4,136.0,107.43
2026-01-21_06-27-40,emt-dlfr,"<Storage{'need_task_scheduling': False, 'is_tune': False, 'train_mode': 'regression', 'modelName': 'emt-dlfr', 'datasetName': 'mosi', 'num_workers': 4, 'model_save_dir': 'results/mosi/emt-dlfr/run_once/models', 'res_save_dir': 'results/mosi/emt-dlfr/run_once/results', 'gpu_ids': ['0'], 'missing_rates': array([0. , 0.1, 0.2, 0.3, 0.4, 0.5, 0.6, 0.7, 0.8, 0.9, 1. ]), 'seed': 11111, 'num_seeds': 3, 'exp_name': 'moe-uncertainty', 'diff_missing': None, 'KeyEval': 'Loss', 'save_model': True, 'use_normalized_data': False, 'seeds': [111, 1111, 11111], 'missing_rate': (0.4, 0.4, 0.4), 'dataPath': '/mnt/HDD2/teng/Master-23/sjc/work2/EMT-DLFR-master/MMSA/Datasets/MOSI/Processed/unaligned_50.pkl', 'seq_lens': (50, 375, 500), 'feature_dims': (768, 5, 20), 'train_samples': 1284, 'num_classes': 3, 'language': 'en', 'missing_seed': (111, 1111, 11111), 'data_missing': True, 'deal_missing': False, 'need_data_aligned': False, 'need_model_aligned': False, 'need_normalized': False, 'use_bert': True, 'use_finetune': True, 'save_labels': False, 'early_stop': 8, 'update_epochs': 4, 'batch_size': 32, 'learning_rate_bert': 5e-05, 'learning_rate_audio': 0.001, 'learning_rate_video': 0.0001, 'learning_rate_other': 0.001, 'weight_decay_bert': 0.001, 'weight_decay_audio': 0.01, 'weight_decay_video': 0.001, 'weight_decay_other': 0.001, 'a_lstm_hidden_size': 32, 'v_lstm_hidden_size': 64, 'a_lstm_layers': 1, 'v_lstm_layers': 1, 'text_out': 768, 'audio_out': 16, 'video_out': 32, 'a_lstm_dropout': 0.0, 'v_lstm_dropout': 0.0, 't_bert_dropout': 0.1, 'd_model': 128, 'fusion_layers': 3, 'heads': 4, 'learnable_pos_emb': False, 'emb_dropout': 0.0, 'attn_dropout': 0.3, 'ff_dropout': 0.1, 'ff_expansion': 4, 'mpu_share': True, 'modality_share': True, 'layer_share': True, 'attn_act_fn': 'tanh', 'gmc_tokens_pred_dim': 128, 'text_pred_dim': 256, 'audio_pred_dim': 8, 'video_pred_dim': 16, 'recon_loss': 'SmoothL1Loss', 'loss_attra_weight': 1, 'loss_recon_weight': 1, 'post_fusion_dim': 256, 'post_fusion_dropout': 0.3, 'H': 3.0, 'cur_time': 3, 'model_save_path': 'results/mosi/emt-dlfr/run_once/models/emt-dlfr-mosi-regression-mr0.4-11111.pth', 'device': device(type='cuda', index=0), 'tasks': 'M'}>",<mean/std>,"(71.38, 0.6)","(71.43, 0.59)","(71.8, 0.87)","(71.94, 0.85)","(37.03, 1.49)","(32.22, 1.05)","(106.01, 3.33)","(54.55, 1.27)","(134.08, 4.68)","(106.19, 4.02)"
2026-01-21_06-27-40,emt-dlfr,"<Storage{'need_task_scheduling': False, 'is_tune': False, 'train_mode': 'regression', 'modelName': 'emt-dlfr', 'datasetName': 'mosi', 'num_workers': 4, 'model_save_dir': 'results/mosi/emt-dlfr/run_once/models', 'res_save_dir': 'results/mosi/emt-dlfr/run_once/results', 'gpu_ids': ['0'], 'missing_rates': array([0. , 0.1, 0.2, 0.3, 0.4, 0.5, 0.6, 0.7, 0.8, 0.9, 1. ]), 'seed': 11111, 'num_seeds': 3, 'exp_name': 'moe-uncertainty', 'diff_missing': None, 'KeyEval': 'Loss', 'save_model': True, 'use_normalized_data': False, 'seeds': [111, 1111, 11111], 'missing_rate': (0.4, 0.4, 0.4), 'dataPath': '/mnt/HDD2/teng/Master-23/sjc/work2/EMT-DLFR-master/MMSA/Datasets/MOSI/Processed/unaligned_50.pkl', 'seq_lens': (50, 375, 500), 'feature_dims': (768, 5, 20), 'train_samples': 1284, 'num_classes': 3, 'language': 'en', 'missing_seed': (111, 1111, 11111), 'data_missing': True, 'deal_missing': False, 'need_data_aligned': False, 'need_model_aligned': False, 'need_normalized': False, 'use_bert': True, 'use_finetune': True, 'save_labels': False, 'early_stop': 8, 'update_epochs': 4, 'batch_size': 32, 'learning_rate_bert': 5e-05, 'learning_rate_audio': 0.001, 'learning_rate_video': 0.0001, 'learning_rate_other': 0.001, 'weight_decay_bert': 0.001, 'weight_decay_audio': 0.01, 'weight_decay_video': 0.001, 'weight_decay_other': 0.001, 'a_lstm_hidden_size': 32, 'v_lstm_hidden_size': 64, 'a_lstm_layers': 1, 'v_lstm_layers': 1, 'text_out': 768, 'audio_out': 16, 'video_out': 32, 'a_lstm_dropout': 0.0, 'v_lstm_dropout': 0.0, 't_bert_dropout': 0.1, 'd_model': 128, 'fusion_layers': 3, 'heads': 4, 'learnable_pos_emb': False, 'emb_dropout': 0.0, 'attn_dropout': 0.3, 'ff_dropout': 0.1, 'ff_expansion': 4, 'mpu_share': True, 'modality_share': True, 'layer_share': True, 'attn_act_fn': 'tanh', 'gmc_tokens_pred_dim': 128, 'text_pred_dim': 256, 'audio_pred_dim': 8, 'video_pred_dim': 16, 'recon_loss': 'SmoothL1Loss', 'loss_attra_weight': 1, 'loss_recon_weight': 1, 'post_fusion_dim': 256, 'post_fusion_dropout': 0.3, 'H': 3.0, 'cur_time': 3, 'model_save_path': 'results/mosi/emt-dlfr/run_once/models/emt-dlfr-mosi-regression-mr0.4-11111.pth', 'device': device(type='cuda', index=0), 'tasks': 'M'}>",<max/seed>,"(72.16, 1111)","(72.19, 1111)","(72.87, 1111)","(72.98, 1111)","(38.78, 1111)","(33.67, 1111)","(108.96, 111)","(56.32, 1111)","(138.61, 111)","(110.38, 111)"
2026-01-21_06-27-40,emt-dlfr,"<Storage{'need_task_scheduling': False, 'is_tune': False, 'train_mode': 'regression', 'modelName': 'emt-dlfr', 'datasetName': 'mosi', 'num_workers': 4, 'model_save_dir': 'results/mosi/emt-dlfr/run_once/models', 'res_save_dir': 'results/mosi/emt-dlfr/run_once/results', 'gpu_ids': ['0'], 'missing_rates': array([0. , 0.1, 0.2, 0.3, 0.4, 0.5, 0.6, 0.7, 0.8, 0.9, 1. ]), 'seed': 11111, 'num_seeds': 3, 'exp_name': 'moe-uncertainty', 'diff_missing': None, 'KeyEval': 'Loss', 'save_model': True, 'use_normalized_data': False, 'seeds': [111, 1111, 11111], 'missing_rate': (0.4, 0.4, 0.4), 'dataPath': '/mnt/HDD2/teng/Master-23/sjc/work2/EMT-DLFR-master/MMSA/Datasets/MOSI/Processed/unaligned_50.pkl', 'seq_lens': (50, 375, 500), 'feature_dims': (768, 5, 20), 'train_samples': 1284, 'num_classes': 3, 'language': 'en', 'missing_seed': (111, 1111, 11111), 'data_missing': True, 'deal_missing': False, 'need_data_aligned': False, 'need_model_aligned': False, 'need_normalized': False, 'use_bert': True, 'use_finetune': True, 'save_labels': False, 'early_stop': 8, 'update_epochs': 4, 'batch_size': 32, 'learning_rate_bert': 5e-05, 'learning_rate_audio': 0.001, 'learning_rate_video': 0.0001, 'learning_rate_other': 0.001, 'weight_decay_bert': 0.001, 'weight_decay_audio': 0.01, 'weight_decay_video': 0.001, 'weight_decay_other': 0.001, 'a_lstm_hidden_size': 32, 'v_lstm_hidden_size': 64, 'a_lstm_layers': 1, 'v_lstm_layers': 1, 'text_out': 768, 'audio_out': 16, 'video_out': 32, 'a_lstm_dropout': 0.0, 'v_lstm_dropout': 0.0, 't_bert_dropout': 0.1, 'd_model': 128, 'fusion_layers': 3, 'heads': 4, 'learnable_pos_emb': False, 'emb_dropout': 0.0, 'attn_dropout': 0.3, 'ff_dropout': 0.1, 'ff_expansion': 4, 'mpu_share': True, 'modality_share': True, 'layer_share': True, 'attn_act_fn': 'tanh', 'gmc_tokens_pred_dim': 128, 'text_pred_dim': 256, 'audio_pred_dim': 8, 'video_pred_dim': 16, 'recon_loss': 'SmoothL1Loss', 'loss_attra_weight': 1, 'loss_recon_weight': 1, 'post_fusion_dim': 256, 'post_fusion_dropout': 0.3, 'H': 3.0, 'cur_time': 3, 'model_save_path': 'results/mosi/emt-dlfr/run_once/models/emt-dlfr-mosi-regression-mr0.4-11111.pth', 'device': device(type='cuda', index=0), 'tasks': 'M'}>",<min/seed>,"(70.7, 111)","(70.75, 111)","(70.73, 111)","(70.89, 111)","(35.13, 111)","(31.2, 111)","(101.35, 1111)","(53.4, 11111)","(127.63, 1111)","(100.77, 1111)"
2026-01-21_11-31-05,emt-dlfr,"<Storage{'need_task_scheduling': False, 'is_tune': False, 'train_mode': 'regression', 'modelName': 'emt-dlfr', 'datasetName': 'mosi', 'num_workers': 4, 'model_save_dir': 'results/mosi/emt-dlfr/run_once/models', 'res_save_dir': 'results/mosi/emt-dlfr/run_once/results', 'gpu_ids': ['1'], 'missing_rates': array([0. , 0.1, 0.2, 0.3, 0.4, 0.5, 0.6, 0.7, 0.8, 0.9, 1. ]), 'seed': 11111, 'num_seeds': 3, 'exp_name': 'moe-uncertainty', 'diff_missing': None, 'KeyEval': 'Loss', 'save_model': True, 'use_normalized_data': False, 'seeds': [111, 1111, 11111], 'missing_rate': (0.4, 0.4, 0.4), 'dataPath': '/mnt/HDD2/teng/Master-23/sjc/work2/EMT-DLFR-master-based/MMSA/Datasets/MOSI/Processed/unaligned_50.pkl', 'seq_lens': (50, 375, 500), 'feature_dims': (768, 5, 20), 'train_samples': 1284, 'num_classes': 3, 'language': 'en', 'missing_seed': (111, 1111, 11111), 'data_missing': True, 'deal_missing': False, 'need_data_aligned': False, 'need_model_aligned': False, 'need_normalized': False, 'use_bert': True, 'use_finetune': True, 'save_labels': False, 'early_stop': 8, 'update_epochs': 4, 'batch_size': 32, 'learning_rate_bert': 5e-05, 'learning_rate_audio': 0.001, 'learning_rate_video': 0.0001, 'learning_rate_other': 0.001, 'weight_decay_bert': 0.001, 'weight_decay_audio': 0.01, 'weight_decay_video': 0.001, 'weight_decay_other': 0.001, 'a_lstm_hidden_size': 32, 'v_lstm_hidden_size': 64, 'a_lstm_layers': 1, 'v_lstm_layers': 1, 'text_out': 768, 'audio_out': 16, 'video_out': 32, 'a_lstm_dropout': 0.0, 'v_lstm_dropout': 0.0, 't_bert_dropout': 0.1, 'd_model': 128, 'fusion_layers': 3, 'heads': 4, 'learnable_pos_emb': False, 'emb_dropout': 0.0, 'attn_dropout': 0.3, 'ff_dropout': 0.1, 'ff_expansion': 4, 'mpu_share': True, 'modality_share': True, 'layer_share': True, 'attn_act_fn': 'tanh', 'gmc_tokens_pred_dim': 128, 'text_pred_dim': 256, 'audio_pred_dim': 8, 'video_pred_dim': 16, 'recon_loss': 'SmoothL1Loss', 'loss_attra_weight': 1, 'loss_recon_weight': 1, 'post_fusion_dim': 256, 'post_fusion_dropout': 0.3, 'H': 3.0, 'cur_time': 3, 'model_save_path': 'results/mosi/emt-dlfr/run_once/models/emt-dlfr-mosi-regression-mr0.4-11111.pth', 'device': device(type='cuda', index=1), 'tasks': 'M'}>",111,73.03,73.1,73.63,73.77,36.44,32.65,103.36,56.04,128.62,102.98
2026-01-21_11-31-05,emt-dlfr,"<Storage{'need_task_scheduling': False, 'is_tune': False, 'train_mode': 'regression', 'modelName': 'emt-dlfr', 'datasetName': 'mosi', 'num_workers': 4, 'model_save_dir': 'results/mosi/emt-dlfr/run_once/models', 'res_save_dir': 'results/mosi/emt-dlfr/run_once/results', 'gpu_ids': ['1'], 'missing_rates': array([0. , 0.1, 0.2, 0.3, 0.4, 0.5, 0.6, 0.7, 0.8, 0.9, 1. ]), 'seed': 11111, 'num_seeds': 3, 'exp_name': 'moe-uncertainty', 'diff_missing': None, 'KeyEval': 'Loss', 'save_model': True, 'use_normalized_data': False, 'seeds': [111, 1111, 11111], 'missing_rate': (0.4, 0.4, 0.4), 'dataPath': '/mnt/HDD2/teng/Master-23/sjc/work2/EMT-DLFR-master-based/MMSA/Datasets/MOSI/Processed/unaligned_50.pkl', 'seq_lens': (50, 375, 500), 'feature_dims': (768, 5, 20), 'train_samples': 1284, 'num_classes': 3, 'language': 'en', 'missing_seed': (111, 1111, 11111), 'data_missing': True, 'deal_missing': False, 'need_data_aligned': False, 'need_model_aligned': False, 'need_normalized': False, 'use_bert': True, 'use_finetune': True, 'save_labels': False, 'early_stop': 8, 'update_epochs': 4, 'batch_size': 32, 'learning_rate_bert': 5e-05, 'learning_rate_audio': 0.001, 'learning_rate_video': 0.0001, 'learning_rate_other': 0.001, 'weight_decay_bert': 0.001, 'weight_decay_audio': 0.01, 'weight_decay_video': 0.001, 'weight_decay_other': 0.001, 'a_lstm_hidden_size': 32, 'v_lstm_hidden_size': 64, 'a_lstm_layers': 1, 'v_lstm_layers': 1, 'text_out': 768, 'audio_out': 16, 'video_out': 32, 'a_lstm_dropout': 0.0, 'v_lstm_dropout': 0.0, 't_bert_dropout': 0.1, 'd_model': 128, 'fusion_layers': 3, 'heads': 4, 'learnable_pos_emb': False, 'emb_dropout': 0.0, 'attn_dropout': 0.3, 'ff_dropout': 0.1, 'ff_expansion': 4, 'mpu_share': True, 'modality_share': True, 'layer_share': True, 'attn_act_fn': 'tanh', 'gmc_tokens_pred_dim': 128, 'text_pred_dim': 256, 'audio_pred_dim': 8, 'video_pred_dim': 16, 'recon_loss': 'SmoothL1Loss', 'loss_attra_weight': 1, 'loss_recon_weight': 1, 'post_fusion_dim': 256, 'post_fusion_dropout': 0.3, 'H': 3.0, 'cur_time': 3, 'model_save_path': 'results/mosi/emt-dlfr/run_once/models/emt-dlfr-mosi-regression-mr0.4-11111.pth', 'device': device(type='cuda', index=1), 'tasks': 'M'}>",1111,72.59,72.46,73.78,73.73,33.97,30.17,103.61,56.04,127.7,102.96
2026-01-21_11-31-05,emt-dlfr,"<Storage{'need_task_scheduling': False, 'is_tune': False, 'train_mode': 'regression', 'modelName': 'emt-dlfr', 'datasetName': 'mosi', 'num_workers': 4, 'model_save_dir': 'results/mosi/emt-dlfr/run_once/models', 'res_save_dir': 'results/mosi/emt-dlfr/run_once/results', 'gpu_ids': ['1'], 'missing_rates': array([0. , 0.1, 0.2, 0.3, 0.4, 0.5, 0.6, 0.7, 0.8, 0.9, 1. ]), 'seed': 11111, 'num_seeds': 3, 'exp_name': 'moe-uncertainty', 'diff_missing': None, 'KeyEval': 'Loss', 'save_model': True, 'use_normalized_data': False, 'seeds': [111, 1111, 11111], 'missing_rate': (0.4, 0.4, 0.4), 'dataPath': '/mnt/HDD2/teng/Master-23/sjc/work2/EMT-DLFR-master-based/MMSA/Datasets/MOSI/Processed/unaligned_50.pkl', 'seq_lens': (50, 375, 500), 'feature_dims': (768, 5, 20), 'train_samples': 1284, 'num_classes': 3, 'language': 'en', 'missing_seed': (111, 1111, 11111), 'data_missing': True, 'deal_missing': False, 'need_data_aligned': False, 'need_model_aligned': False, 'need_normalized': False, 'use_bert': True, 'use_finetune': True, 'save_labels': False, 'early_stop': 8, 'update_epochs': 4, 'batch_size': 32, 'learning_rate_bert': 5e-05, 'learning_rate_audio': 0.001, 'learning_rate_video': 0.0001, 'learning_rate_other': 0.001, 'weight_decay_bert': 0.001, 'weight_decay_audio': 0.01, 'weight_decay_video': 0.001, 'weight_decay_other': 0.001, 'a_lstm_hidden_size': 32, 'v_lstm_hidden_size': 64, 'a_lstm_layers': 1, 'v_lstm_layers': 1, 'text_out': 768, 'audio_out': 16, 'video_out': 32, 'a_lstm_dropout': 0.0, 'v_lstm_dropout': 0.0, 't_bert_dropout': 0.1, 'd_model': 128, 'fusion_layers': 3, 'heads': 4, 'learnable_pos_emb': False, 'emb_dropout': 0.0, 'attn_dropout': 0.3, 'ff_dropout': 0.1, 'ff_expansion': 4, 'mpu_share': True, 'modality_share': True, 'layer_share': True, 'attn_act_fn': 'tanh', 'gmc_tokens_pred_dim': 128, 'text_pred_dim': 256, 'audio_pred_dim': 8, 'video_pred_dim': 16, 'recon_loss': 'SmoothL1Loss', 'loss_attra_weight': 1, 'loss_recon_weight': 1, 'post_fusion_dim': 256, 'post_fusion_dropout': 0.3, 'H': 3.0, 'cur_time': 3, 'model_save_path': 'results/mosi/emt-dlfr/run_once/models/emt-dlfr-mosi-regression-mr0.4-11111.pth', 'device': device(type='cuda', index=1), 'tasks': 'M'}>",11111,72.74,72.81,73.32,73.48,34.4,31.05,112.47,53.55,137.5,111.06
2026-01-21_11-31-05,emt-dlfr,"<Storage{'need_task_scheduling': False, 'is_tune': False, 'train_mode': 'regression', 'modelName': 'emt-dlfr', 'datasetName': 'mosi', 'num_workers': 4, 'model_save_dir': 'results/mosi/emt-dlfr/run_once/models', 'res_save_dir': 'results/mosi/emt-dlfr/run_once/results', 'gpu_ids': ['1'], 'missing_rates': array([0. , 0.1, 0.2, 0.3, 0.4, 0.5, 0.6, 0.7, 0.8, 0.9, 1. ]), 'seed': 11111, 'num_seeds': 3, 'exp_name': 'moe-uncertainty', 'diff_missing': None, 'KeyEval': 'Loss', 'save_model': True, 'use_normalized_data': False, 'seeds': [111, 1111, 11111], 'missing_rate': (0.4, 0.4, 0.4), 'dataPath': '/mnt/HDD2/teng/Master-23/sjc/work2/EMT-DLFR-master-based/MMSA/Datasets/MOSI/Processed/unaligned_50.pkl', 'seq_lens': (50, 375, 500), 'feature_dims': (768, 5, 20), 'train_samples': 1284, 'num_classes': 3, 'language': 'en', 'missing_seed': (111, 1111, 11111), 'data_missing': True, 'deal_missing': False, 'need_data_aligned': False, 'need_model_aligned': False, 'need_normalized': False, 'use_bert': True, 'use_finetune': True, 'save_labels': False, 'early_stop': 8, 'update_epochs': 4, 'batch_size': 32, 'learning_rate_bert': 5e-05, 'learning_rate_audio': 0.001, 'learning_rate_video': 0.0001, 'learning_rate_other': 0.001, 'weight_decay_bert': 0.001, 'weight_decay_audio': 0.01, 'weight_decay_video': 0.001, 'weight_decay_other': 0.001, 'a_lstm_hidden_size': 32, 'v_lstm_hidden_size': 64, 'a_lstm_layers': 1, 'v_lstm_layers': 1, 'text_out': 768, 'audio_out': 16, 'video_out': 32, 'a_lstm_dropout': 0.0, 'v_lstm_dropout': 0.0, 't_bert_dropout': 0.1, 'd_model': 128, 'fusion_layers': 3, 'heads': 4, 'learnable_pos_emb': False, 'emb_dropout': 0.0, 'attn_dropout': 0.3, 'ff_dropout': 0.1, 'ff_expansion': 4, 'mpu_share': True, 'modality_share': True, 'layer_share': True, 'attn_act_fn': 'tanh', 'gmc_tokens_pred_dim': 128, 'text_pred_dim': 256, 'audio_pred_dim': 8, 'video_pred_dim': 16, 'recon_loss': 'SmoothL1Loss', 'loss_attra_weight': 1, 'loss_recon_weight': 1, 'post_fusion_dim': 256, 'post_fusion_dropout': 0.3, 'H': 3.0, 'cur_time': 3, 'model_save_path': 'results/mosi/emt-dlfr/run_once/models/emt-dlfr-mosi-regression-mr0.4-11111.pth', 'device': device(type='cuda', index=1), 'tasks': 'M'}>",<mean/std>,"(72.79, 0.18)","(72.79, 0.26)","(73.58, 0.19)","(73.66, 0.13)","(34.94, 1.08)","(31.29, 1.03)","(106.48, 4.24)","(55.21, 1.17)","(131.27, 4.42)","(105.67, 3.81)"
2026-01-21_11-31-05,emt-dlfr,"<Storage{'need_task_scheduling': False, 'is_tune': False, 'train_mode': 'regression', 'modelName': 'emt-dlfr', 'datasetName': 'mosi', 'num_workers': 4, 'model_save_dir': 'results/mosi/emt-dlfr/run_once/models', 'res_save_dir': 'results/mosi/emt-dlfr/run_once/results', 'gpu_ids': ['1'], 'missing_rates': array([0. , 0.1, 0.2, 0.3, 0.4, 0.5, 0.6, 0.7, 0.8, 0.9, 1. ]), 'seed': 11111, 'num_seeds': 3, 'exp_name': 'moe-uncertainty', 'diff_missing': None, 'KeyEval': 'Loss', 'save_model': True, 'use_normalized_data': False, 'seeds': [111, 1111, 11111], 'missing_rate': (0.4, 0.4, 0.4), 'dataPath': '/mnt/HDD2/teng/Master-23/sjc/work2/EMT-DLFR-master-based/MMSA/Datasets/MOSI/Processed/unaligned_50.pkl', 'seq_lens': (50, 375, 500), 'feature_dims': (768, 5, 20), 'train_samples': 1284, 'num_classes': 3, 'language': 'en', 'missing_seed': (111, 1111, 11111), 'data_missing': True, 'deal_missing': False, 'need_data_aligned': False, 'need_model_aligned': False, 'need_normalized': False, 'use_bert': True, 'use_finetune': True, 'save_labels': False, 'early_stop': 8, 'update_epochs': 4, 'batch_size': 32, 'learning_rate_bert': 5e-05, 'learning_rate_audio': 0.001, 'learning_rate_video': 0.0001, 'learning_rate_other': 0.001, 'weight_decay_bert': 0.001, 'weight_decay_audio': 0.01, 'weight_decay_video': 0.001, 'weight_decay_other': 0.001, 'a_lstm_hidden_size': 32, 'v_lstm_hidden_size': 64, 'a_lstm_layers': 1, 'v_lstm_layers': 1, 'text_out': 768, 'audio_out': 16, 'video_out': 32, 'a_lstm_dropout': 0.0, 'v_lstm_dropout': 0.0, 't_bert_dropout': 0.1, 'd_model': 128, 'fusion_layers': 3, 'heads': 4, 'learnable_pos_emb': False, 'emb_dropout': 0.0, 'attn_dropout': 0.3, 'ff_dropout': 0.1, 'ff_expansion': 4, 'mpu_share': True, 'modality_share': True, 'layer_share': True, 'attn_act_fn': 'tanh', 'gmc_tokens_pred_dim': 128, 'text_pred_dim': 256, 'audio_pred_dim': 8, 'video_pred_dim': 16, 'recon_loss': 'SmoothL1Loss', 'loss_attra_weight': 1, 'loss_recon_weight': 1, 'post_fusion_dim': 256, 'post_fusion_dropout': 0.3, 'H': 3.0, 'cur_time': 3, 'model_save_path': 'results/mosi/emt-dlfr/run_once/models/emt-dlfr-mosi-regression-mr0.4-11111.pth', 'device': device(type='cuda', index=1), 'tasks': 'M'}>",<max/seed>,"(73.03, 111)","(73.1, 111)","(73.78, 1111)","(73.77, 111)","(36.44, 111)","(32.65, 111)","(112.47, 11111)","(56.04, 111)","(137.5, 11111)","(111.06, 11111)"
2026-01-21_11-31-05,emt-dlfr,"<Storage{'need_task_scheduling': False, 'is_tune': False, 'train_mode': 'regression', 'modelName': 'emt-dlfr', 'datasetName': 'mosi', 'num_workers': 4, 'model_save_dir': 'results/mosi/emt-dlfr/run_once/models', 'res_save_dir': 'results/mosi/emt-dlfr/run_once/results', 'gpu_ids': ['1'], 'missing_rates': array([0. , 0.1, 0.2, 0.3, 0.4, 0.5, 0.6, 0.7, 0.8, 0.9, 1. ]), 'seed': 11111, 'num_seeds': 3, 'exp_name': 'moe-uncertainty', 'diff_missing': None, 'KeyEval': 'Loss', 'save_model': True, 'use_normalized_data': False, 'seeds': [111, 1111, 11111], 'missing_rate': (0.4, 0.4, 0.4), 'dataPath': '/mnt/HDD2/teng/Master-23/sjc/work2/EMT-DLFR-master-based/MMSA/Datasets/MOSI/Processed/unaligned_50.pkl', 'seq_lens': (50, 375, 500), 'feature_dims': (768, 5, 20), 'train_samples': 1284, 'num_classes': 3, 'language': 'en', 'missing_seed': (111, 1111, 11111), 'data_missing': True, 'deal_missing': False, 'need_data_aligned': False, 'need_model_aligned': False, 'need_normalized': False, 'use_bert': True, 'use_finetune': True, 'save_labels': False, 'early_stop': 8, 'update_epochs': 4, 'batch_size': 32, 'learning_rate_bert': 5e-05, 'learning_rate_audio': 0.001, 'learning_rate_video': 0.0001, 'learning_rate_other': 0.001, 'weight_decay_bert': 0.001, 'weight_decay_audio': 0.01, 'weight_decay_video': 0.001, 'weight_decay_other': 0.001, 'a_lstm_hidden_size': 32, 'v_lstm_hidden_size': 64, 'a_lstm_layers': 1, 'v_lstm_layers': 1, 'text_out': 768, 'audio_out': 16, 'video_out': 32, 'a_lstm_dropout': 0.0, 'v_lstm_dropout': 0.0, 't_bert_dropout': 0.1, 'd_model': 128, 'fusion_layers': 3, 'heads': 4, 'learnable_pos_emb': False, 'emb_dropout': 0.0, 'attn_dropout': 0.3, 'ff_dropout': 0.1, 'ff_expansion': 4, 'mpu_share': True, 'modality_share': True, 'layer_share': True, 'attn_act_fn': 'tanh', 'gmc_tokens_pred_dim': 128, 'text_pred_dim': 256, 'audio_pred_dim': 8, 'video_pred_dim': 16, 'recon_loss': 'SmoothL1Loss', 'loss_attra_weight': 1, 'loss_recon_weight': 1, 'post_fusion_dim': 256, 'post_fusion_dropout': 0.3, 'H': 3.0, 'cur_time': 3, 'model_save_path': 'results/mosi/emt-dlfr/run_once/models/emt-dlfr-mosi-regression-mr0.4-11111.pth', 'device': device(type='cuda', index=1), 'tasks': 'M'}>",<min/seed>,"(72.59, 1111)","(72.46, 1111)","(73.32, 11111)","(73.48, 11111)","(33.97, 1111)","(30.17, 1111)","(103.36, 111)","(53.55, 11111)","(127.7, 1111)","(102.96, 1111)"
2026-01-21_14-24-17,emt-dlfr,"<Storage{'need_task_scheduling': False, 'is_tune': False, 'train_mode': 'regression', 'modelName': 'emt-dlfr', 'datasetName': 'mosi', 'num_workers': 4, 'model_save_dir': 'results/mosi/emt-dlfr/run_once/models', 'res_save_dir': 'results/mosi/emt-dlfr/run_once/results', 'gpu_ids': ['1'], 'missing_rates': array([0. , 0.1, 0.2, 0.3, 0.4, 0.5, 0.6, 0.7, 0.8, 0.9, 1. ]), 'seed': 11111, 'num_seeds': 3, 'exp_name': 'moe-uncertainty', 'diff_missing': None, 'KeyEval': 'Loss', 'save_model': True, 'use_normalized_data': False, 'seeds': [111, 1111, 11111], 'missing_rate': (0.4, 0.4, 0.4), 'dataPath': '/mnt/HDD2/teng/Master-23/sjc/work2/EMT-DLFR-master-based/MMSA/Datasets/MOSI/Processed/unaligned_50.pkl', 'seq_lens': (50, 375, 500), 'feature_dims': (768, 5, 20), 'train_samples': 1284, 'num_classes': 3, 'language': 'en', 'missing_seed': (111, 1111, 11111), 'data_missing': True, 'deal_missing': False, 'need_data_aligned': False, 'need_model_aligned': False, 'need_normalized': False, 'use_bert': True, 'use_finetune': True, 'save_labels': False, 'early_stop': 8, 'update_epochs': 4, 'batch_size': 32, 'learning_rate_bert': 5e-05, 'learning_rate_audio': 0.001, 'learning_rate_video': 0.0001, 'learning_rate_other': 0.001, 'weight_decay_bert': 0.001, 'weight_decay_audio': 0.01, 'weight_decay_video': 0.001, 'weight_decay_other': 0.001, 'a_lstm_hidden_size': 32, 'v_lstm_hidden_size': 64, 'a_lstm_layers': 1, 'v_lstm_layers': 1, 'text_out': 768, 'audio_out': 16, 'video_out': 32, 'a_lstm_dropout': 0.0, 'v_lstm_dropout': 0.0, 't_bert_dropout': 0.1, 'd_model': 128, 'fusion_layers': 3, 'heads': 4, 'learnable_pos_emb': False, 'emb_dropout': 0.0, 'attn_dropout': 0.3, 'ff_dropout': 0.1, 'ff_expansion': 4, 'mpu_share': True, 'modality_share': True, 'layer_share': True, 'attn_act_fn': 'tanh', 'gmc_tokens_pred_dim': 128, 'text_pred_dim': 256, 'audio_pred_dim': 8, 'video_pred_dim': 16, 'recon_loss': 'SmoothL1Loss', 'loss_attra_weight': 1, 'loss_recon_weight': 1, 'post_fusion_dim': 256, 'post_fusion_dropout': 0.3, 'H': 3.0, 'cur_time': 3, 'model_save_path': 'results/mosi/emt-dlfr/run_once/models/emt-dlfr-mosi-regression-mr0.4-11111.pth', 'device': device(type='cuda', index=1), 'tasks': 'M'}>",111,73.03,73.1,73.63,73.77,36.44,32.65,103.36,56.04,128.62,102.98
2026-01-21_14-24-17,emt-dlfr,"<Storage{'need_task_scheduling': False, 'is_tune': False, 'train_mode': 'regression', 'modelName': 'emt-dlfr', 'datasetName': 'mosi', 'num_workers': 4, 'model_save_dir': 'results/mosi/emt-dlfr/run_once/models', 'res_save_dir': 'results/mosi/emt-dlfr/run_once/results', 'gpu_ids': ['1'], 'missing_rates': array([0. , 0.1, 0.2, 0.3, 0.4, 0.5, 0.6, 0.7, 0.8, 0.9, 1. ]), 'seed': 11111, 'num_seeds': 3, 'exp_name': 'moe-uncertainty', 'diff_missing': None, 'KeyEval': 'Loss', 'save_model': True, 'use_normalized_data': False, 'seeds': [111, 1111, 11111], 'missing_rate': (0.4, 0.4, 0.4), 'dataPath': '/mnt/HDD2/teng/Master-23/sjc/work2/EMT-DLFR-master-based/MMSA/Datasets/MOSI/Processed/unaligned_50.pkl', 'seq_lens': (50, 375, 500), 'feature_dims': (768, 5, 20), 'train_samples': 1284, 'num_classes': 3, 'language': 'en', 'missing_seed': (111, 1111, 11111), 'data_missing': True, 'deal_missing': False, 'need_data_aligned': False, 'need_model_aligned': False, 'need_normalized': False, 'use_bert': True, 'use_finetune': True, 'save_labels': False, 'early_stop': 8, 'update_epochs': 4, 'batch_size': 32, 'learning_rate_bert': 5e-05, 'learning_rate_audio': 0.001, 'learning_rate_video': 0.0001, 'learning_rate_other': 0.001, 'weight_decay_bert': 0.001, 'weight_decay_audio': 0.01, 'weight_decay_video': 0.001, 'weight_decay_other': 0.001, 'a_lstm_hidden_size': 32, 'v_lstm_hidden_size': 64, 'a_lstm_layers': 1, 'v_lstm_layers': 1, 'text_out': 768, 'audio_out': 16, 'video_out': 32, 'a_lstm_dropout': 0.0, 'v_lstm_dropout': 0.0, 't_bert_dropout': 0.1, 'd_model': 128, 'fusion_layers': 3, 'heads': 4, 'learnable_pos_emb': False, 'emb_dropout': 0.0, 'attn_dropout': 0.3, 'ff_dropout': 0.1, 'ff_expansion': 4, 'mpu_share': True, 'modality_share': True, 'layer_share': True, 'attn_act_fn': 'tanh', 'gmc_tokens_pred_dim': 128, 'text_pred_dim': 256, 'audio_pred_dim': 8, 'video_pred_dim': 16, 'recon_loss': 'SmoothL1Loss', 'loss_attra_weight': 1, 'loss_recon_weight': 1, 'post_fusion_dim': 256, 'post_fusion_dropout': 0.3, 'H': 3.0, 'cur_time': 3, 'model_save_path': 'results/mosi/emt-dlfr/run_once/models/emt-dlfr-mosi-regression-mr0.4-11111.pth', 'device': device(type='cuda', index=1), 'tasks': 'M'}>",1111,72.59,72.46,73.78,73.73,33.97,30.17,103.61,56.04,127.7,102.96
2026-01-21_14-24-17,emt-dlfr,"<Storage{'need_task_scheduling': False, 'is_tune': False, 'train_mode': 'regression', 'modelName': 'emt-dlfr', 'datasetName': 'mosi', 'num_workers': 4, 'model_save_dir': 'results/mosi/emt-dlfr/run_once/models', 'res_save_dir': 'results/mosi/emt-dlfr/run_once/results', 'gpu_ids': ['1'], 'missing_rates': array([0. , 0.1, 0.2, 0.3, 0.4, 0.5, 0.6, 0.7, 0.8, 0.9, 1. ]), 'seed': 11111, 'num_seeds': 3, 'exp_name': 'moe-uncertainty', 'diff_missing': None, 'KeyEval': 'Loss', 'save_model': True, 'use_normalized_data': False, 'seeds': [111, 1111, 11111], 'missing_rate': (0.4, 0.4, 0.4), 'dataPath': '/mnt/HDD2/teng/Master-23/sjc/work2/EMT-DLFR-master-based/MMSA/Datasets/MOSI/Processed/unaligned_50.pkl', 'seq_lens': (50, 375, 500), 'feature_dims': (768, 5, 20), 'train_samples': 1284, 'num_classes': 3, 'language': 'en', 'missing_seed': (111, 1111, 11111), 'data_missing': True, 'deal_missing': False, 'need_data_aligned': False, 'need_model_aligned': False, 'need_normalized': False, 'use_bert': True, 'use_finetune': True, 'save_labels': False, 'early_stop': 8, 'update_epochs': 4, 'batch_size': 32, 'learning_rate_bert': 5e-05, 'learning_rate_audio': 0.001, 'learning_rate_video': 0.0001, 'learning_rate_other': 0.001, 'weight_decay_bert': 0.001, 'weight_decay_audio': 0.01, 'weight_decay_video': 0.001, 'weight_decay_other': 0.001, 'a_lstm_hidden_size': 32, 'v_lstm_hidden_size': 64, 'a_lstm_layers': 1, 'v_lstm_layers': 1, 'text_out': 768, 'audio_out': 16, 'video_out': 32, 'a_lstm_dropout': 0.0, 'v_lstm_dropout': 0.0, 't_bert_dropout': 0.1, 'd_model': 128, 'fusion_layers': 3, 'heads': 4, 'learnable_pos_emb': False, 'emb_dropout': 0.0, 'attn_dropout': 0.3, 'ff_dropout': 0.1, 'ff_expansion': 4, 'mpu_share': True, 'modality_share': True, 'layer_share': True, 'attn_act_fn': 'tanh', 'gmc_tokens_pred_dim': 128, 'text_pred_dim': 256, 'audio_pred_dim': 8, 'video_pred_dim': 16, 'recon_loss': 'SmoothL1Loss', 'loss_attra_weight': 1, 'loss_recon_weight': 1, 'post_fusion_dim': 256, 'post_fusion_dropout': 0.3, 'H': 3.0, 'cur_time': 3, 'model_save_path': 'results/mosi/emt-dlfr/run_once/models/emt-dlfr-mosi-regression-mr0.4-11111.pth', 'device': device(type='cuda', index=1), 'tasks': 'M'}>",11111,72.74,72.81,73.32,73.48,34.4,31.05,112.47,53.55,137.5,111.06
2026-01-21_14-24-17,emt-dlfr,"<Storage{'need_task_scheduling': False, 'is_tune': False, 'train_mode': 'regression', 'modelName': 'emt-dlfr', 'datasetName': 'mosi', 'num_workers': 4, 'model_save_dir': 'results/mosi/emt-dlfr/run_once/models', 'res_save_dir': 'results/mosi/emt-dlfr/run_once/results', 'gpu_ids': ['1'], 'missing_rates': array([0. , 0.1, 0.2, 0.3, 0.4, 0.5, 0.6, 0.7, 0.8, 0.9, 1. ]), 'seed': 11111, 'num_seeds': 3, 'exp_name': 'moe-uncertainty', 'diff_missing': None, 'KeyEval': 'Loss', 'save_model': True, 'use_normalized_data': False, 'seeds': [111, 1111, 11111], 'missing_rate': (0.4, 0.4, 0.4), 'dataPath': '/mnt/HDD2/teng/Master-23/sjc/work2/EMT-DLFR-master-based/MMSA/Datasets/MOSI/Processed/unaligned_50.pkl', 'seq_lens': (50, 375, 500), 'feature_dims': (768, 5, 20), 'train_samples': 1284, 'num_classes': 3, 'language': 'en', 'missing_seed': (111, 1111, 11111), 'data_missing': True, 'deal_missing': False, 'need_data_aligned': False, 'need_model_aligned': False, 'need_normalized': False, 'use_bert': True, 'use_finetune': True, 'save_labels': False, 'early_stop': 8, 'update_epochs': 4, 'batch_size': 32, 'learning_rate_bert': 5e-05, 'learning_rate_audio': 0.001, 'learning_rate_video': 0.0001, 'learning_rate_other': 0.001, 'weight_decay_bert': 0.001, 'weight_decay_audio': 0.01, 'weight_decay_video': 0.001, 'weight_decay_other': 0.001, 'a_lstm_hidden_size': 32, 'v_lstm_hidden_size': 64, 'a_lstm_layers': 1, 'v_lstm_layers': 1, 'text_out': 768, 'audio_out': 16, 'video_out': 32, 'a_lstm_dropout': 0.0, 'v_lstm_dropout': 0.0, 't_bert_dropout': 0.1, 'd_model': 128, 'fusion_layers': 3, 'heads': 4, 'learnable_pos_emb': False, 'emb_dropout': 0.0, 'attn_dropout': 0.3, 'ff_dropout': 0.1, 'ff_expansion': 4, 'mpu_share': True, 'modality_share': True, 'layer_share': True, 'attn_act_fn': 'tanh', 'gmc_tokens_pred_dim': 128, 'text_pred_dim': 256, 'audio_pred_dim': 8, 'video_pred_dim': 16, 'recon_loss': 'SmoothL1Loss', 'loss_attra_weight': 1, 'loss_recon_weight': 1, 'post_fusion_dim': 256, 'post_fusion_dropout': 0.3, 'H': 3.0, 'cur_time': 3, 'model_save_path': 'results/mosi/emt-dlfr/run_once/models/emt-dlfr-mosi-regression-mr0.4-11111.pth', 'device': device(type='cuda', index=1), 'tasks': 'M'}>",<mean/std>,"(72.79, 0.18)","(72.79, 0.26)","(73.58, 0.19)","(73.66, 0.13)","(34.94, 1.08)","(31.29, 1.03)","(106.48, 4.24)","(55.21, 1.17)","(131.27, 4.42)","(105.67, 3.81)"
2026-01-21_14-24-17,emt-dlfr,"<Storage{'need_task_scheduling': False, 'is_tune': False, 'train_mode': 'regression', 'modelName': 'emt-dlfr', 'datasetName': 'mosi', 'num_workers': 4, 'model_save_dir': 'results/mosi/emt-dlfr/run_once/models', 'res_save_dir': 'results/mosi/emt-dlfr/run_once/results', 'gpu_ids': ['1'], 'missing_rates': array([0. , 0.1, 0.2, 0.3, 0.4, 0.5, 0.6, 0.7, 0.8, 0.9, 1. ]), 'seed': 11111, 'num_seeds': 3, 'exp_name': 'moe-uncertainty', 'diff_missing': None, 'KeyEval': 'Loss', 'save_model': True, 'use_normalized_data': False, 'seeds': [111, 1111, 11111], 'missing_rate': (0.4, 0.4, 0.4), 'dataPath': '/mnt/HDD2/teng/Master-23/sjc/work2/EMT-DLFR-master-based/MMSA/Datasets/MOSI/Processed/unaligned_50.pkl', 'seq_lens': (50, 375, 500), 'feature_dims': (768, 5, 20), 'train_samples': 1284, 'num_classes': 3, 'language': 'en', 'missing_seed': (111, 1111, 11111), 'data_missing': True, 'deal_missing': False, 'need_data_aligned': False, 'need_model_aligned': False, 'need_normalized': False, 'use_bert': True, 'use_finetune': True, 'save_labels': False, 'early_stop': 8, 'update_epochs': 4, 'batch_size': 32, 'learning_rate_bert': 5e-05, 'learning_rate_audio': 0.001, 'learning_rate_video': 0.0001, 'learning_rate_other': 0.001, 'weight_decay_bert': 0.001, 'weight_decay_audio': 0.01, 'weight_decay_video': 0.001, 'weight_decay_other': 0.001, 'a_lstm_hidden_size': 32, 'v_lstm_hidden_size': 64, 'a_lstm_layers': 1, 'v_lstm_layers': 1, 'text_out': 768, 'audio_out': 16, 'video_out': 32, 'a_lstm_dropout': 0.0, 'v_lstm_dropout': 0.0, 't_bert_dropout': 0.1, 'd_model': 128, 'fusion_layers': 3, 'heads': 4, 'learnable_pos_emb': False, 'emb_dropout': 0.0, 'attn_dropout': 0.3, 'ff_dropout': 0.1, 'ff_expansion': 4, 'mpu_share': True, 'modality_share': True, 'layer_share': True, 'attn_act_fn': 'tanh', 'gmc_tokens_pred_dim': 128, 'text_pred_dim': 256, 'audio_pred_dim': 8, 'video_pred_dim': 16, 'recon_loss': 'SmoothL1Loss', 'loss_attra_weight': 1, 'loss_recon_weight': 1, 'post_fusion_dim': 256, 'post_fusion_dropout': 0.3, 'H': 3.0, 'cur_time': 3, 'model_save_path': 'results/mosi/emt-dlfr/run_once/models/emt-dlfr-mosi-regression-mr0.4-11111.pth', 'device': device(type='cuda', index=1), 'tasks': 'M'}>",<max/seed>,"(73.03, 111)","(73.1, 111)","(73.78, 1111)","(73.77, 111)","(36.44, 111)","(32.65, 111)","(112.47, 11111)","(56.04, 111)","(137.5, 11111)","(111.06, 11111)"
2026-01-21_14-24-17,emt-dlfr,"<Storage{'need_task_scheduling': False, 'is_tune': False, 'train_mode': 'regression', 'modelName': 'emt-dlfr', 'datasetName': 'mosi', 'num_workers': 4, 'model_save_dir': 'results/mosi/emt-dlfr/run_once/models', 'res_save_dir': 'results/mosi/emt-dlfr/run_once/results', 'gpu_ids': ['1'], 'missing_rates': array([0. , 0.1, 0.2, 0.3, 0.4, 0.5, 0.6, 0.7, 0.8, 0.9, 1. ]), 'seed': 11111, 'num_seeds': 3, 'exp_name': 'moe-uncertainty', 'diff_missing': None, 'KeyEval': 'Loss', 'save_model': True, 'use_normalized_data': False, 'seeds': [111, 1111, 11111], 'missing_rate': (0.4, 0.4, 0.4), 'dataPath': '/mnt/HDD2/teng/Master-23/sjc/work2/EMT-DLFR-master-based/MMSA/Datasets/MOSI/Processed/unaligned_50.pkl', 'seq_lens': (50, 375, 500), 'feature_dims': (768, 5, 20), 'train_samples': 1284, 'num_classes': 3, 'language': 'en', 'missing_seed': (111, 1111, 11111), 'data_missing': True, 'deal_missing': False, 'need_data_aligned': False, 'need_model_aligned': False, 'need_normalized': False, 'use_bert': True, 'use_finetune': True, 'save_labels': False, 'early_stop': 8, 'update_epochs': 4, 'batch_size': 32, 'learning_rate_bert': 5e-05, 'learning_rate_audio': 0.001, 'learning_rate_video': 0.0001, 'learning_rate_other': 0.001, 'weight_decay_bert': 0.001, 'weight_decay_audio': 0.01, 'weight_decay_video': 0.001, 'weight_decay_other': 0.001, 'a_lstm_hidden_size': 32, 'v_lstm_hidden_size': 64, 'a_lstm_layers': 1, 'v_lstm_layers': 1, 'text_out': 768, 'audio_out': 16, 'video_out': 32, 'a_lstm_dropout': 0.0, 'v_lstm_dropout': 0.0, 't_bert_dropout': 0.1, 'd_model': 128, 'fusion_layers': 3, 'heads': 4, 'learnable_pos_emb': False, 'emb_dropout': 0.0, 'attn_dropout': 0.3, 'ff_dropout': 0.1, 'ff_expansion': 4, 'mpu_share': True, 'modality_share': True, 'layer_share': True, 'attn_act_fn': 'tanh', 'gmc_tokens_pred_dim': 128, 'text_pred_dim': 256, 'audio_pred_dim': 8, 'video_pred_dim': 16, 'recon_loss': 'SmoothL1Loss', 'loss_attra_weight': 1, 'loss_recon_weight': 1, 'post_fusion_dim': 256, 'post_fusion_dropout': 0.3, 'H': 3.0, 'cur_time': 3, 'model_save_path': 'results/mosi/emt-dlfr/run_once/models/emt-dlfr-mosi-regression-mr0.4-11111.pth', 'device': device(type='cuda', index=1), 'tasks': 'M'}>",<min/seed>,"(72.59, 1111)","(72.46, 1111)","(73.32, 11111)","(73.48, 11111)","(33.97, 1111)","(30.17, 1111)","(103.36, 111)","(53.55, 11111)","(127.7, 1111)","(102.96, 1111)"
2026-01-22_03-52-16,emt-dlfr,"<Storage{'need_task_scheduling': False, 'is_tune': False, 'train_mode': 'regression', 'modelName': 'emt-dlfr', 'datasetName': 'mosi', 'num_workers': 4, 'model_save_dir': 'results/mosi/emt-dlfr/run_once/models', 'res_save_dir': 'results/mosi/emt-dlfr/run_once/results', 'gpu_ids': ['1'], 'missing_rates': array([0. , 0.1, 0.2, 0.3, 0.4, 0.5, 0.6, 0.7, 0.8, 0.9, 1. ]), 'seed': 11111, 'num_seeds': 3, 'exp_name': 'moe-uncertainty', 'diff_missing': None, 'KeyEval': 'Loss', 'save_model': True, 'use_normalized_data': False, 'seeds': [111, 1111, 11111], 'missing_rate': (0.4, 0.4, 0.4), 'dataPath': '/mnt/HDD2/teng/Master-23/sjc/work2/EMT-DLFR-master-based/MMSA/Datasets/MOSI/Processed/unaligned_50.pkl', 'seq_lens': (50, 375, 500), 'feature_dims': (768, 5, 20), 'train_samples': 1284, 'num_classes': 3, 'language': 'en', 'missing_seed': (111, 1111, 11111), 'data_missing': True, 'deal_missing': False, 'need_data_aligned': False, 'need_model_aligned': False, 'need_normalized': False, 'use_bert': True, 'use_finetune': True, 'save_labels': False, 'early_stop': 8, 'update_epochs': 4, 'batch_size': 32, 'learning_rate_bert': 5e-05, 'learning_rate_audio': 0.001, 'learning_rate_video': 0.0001, 'learning_rate_other': 0.001, 'weight_decay_bert': 0.001, 'weight_decay_audio': 0.01, 'weight_decay_video': 0.001, 'weight_decay_other': 0.001, 'a_lstm_hidden_size': 32, 'v_lstm_hidden_size': 64, 'a_lstm_layers': 1, 'v_lstm_layers': 1, 'text_out': 768, 'audio_out': 16, 'video_out': 32, 'a_lstm_dropout': 0.0, 'v_lstm_dropout': 0.0, 't_bert_dropout': 0.1, 'd_model': 128, 'fusion_layers': 3, 'heads': 4, 'learnable_pos_emb': False, 'emb_dropout': 0.0, 'attn_dropout': 0.3, 'ff_dropout': 0.1, 'ff_expansion': 4, 'mpu_share': True, 'modality_share': True, 'layer_share': True, 'attn_act_fn': 'tanh', 'gmc_tokens_pred_dim': 128, 'text_pred_dim': 256, 'audio_pred_dim': 8, 'video_pred_dim': 16, 'recon_loss': 'SmoothL1Loss', 'loss_attra_weight': 1, 'loss_recon_weight': 1, 'post_fusion_dim': 256, 'post_fusion_dropout': 0.3, 'H': 3.0, 'cur_time': 3, 'model_save_path': 'results/mosi/emt-dlfr/run_once/models/emt-dlfr-mosi-regression-mr0.4-11111.pth', 'device': device(type='cuda', index=1), 'tasks': 'M'}>",111,73.03,73.1,73.63,73.77,36.44,32.65,103.36,56.04,128.62,102.98
2026-01-22_03-52-16,emt-dlfr,"<Storage{'need_task_scheduling': False, 'is_tune': False, 'train_mode': 'regression', 'modelName': 'emt-dlfr', 'datasetName': 'mosi', 'num_workers': 4, 'model_save_dir': 'results/mosi/emt-dlfr/run_once/models', 'res_save_dir': 'results/mosi/emt-dlfr/run_once/results', 'gpu_ids': ['1'], 'missing_rates': array([0. , 0.1, 0.2, 0.3, 0.4, 0.5, 0.6, 0.7, 0.8, 0.9, 1. ]), 'seed': 11111, 'num_seeds': 3, 'exp_name': 'moe-uncertainty', 'diff_missing': None, 'KeyEval': 'Loss', 'save_model': True, 'use_normalized_data': False, 'seeds': [111, 1111, 11111], 'missing_rate': (0.4, 0.4, 0.4), 'dataPath': '/mnt/HDD2/teng/Master-23/sjc/work2/EMT-DLFR-master-based/MMSA/Datasets/MOSI/Processed/unaligned_50.pkl', 'seq_lens': (50, 375, 500), 'feature_dims': (768, 5, 20), 'train_samples': 1284, 'num_classes': 3, 'language': 'en', 'missing_seed': (111, 1111, 11111), 'data_missing': True, 'deal_missing': False, 'need_data_aligned': False, 'need_model_aligned': False, 'need_normalized': False, 'use_bert': True, 'use_finetune': True, 'save_labels': False, 'early_stop': 8, 'update_epochs': 4, 'batch_size': 32, 'learning_rate_bert': 5e-05, 'learning_rate_audio': 0.001, 'learning_rate_video': 0.0001, 'learning_rate_other': 0.001, 'weight_decay_bert': 0.001, 'weight_decay_audio': 0.01, 'weight_decay_video': 0.001, 'weight_decay_other': 0.001, 'a_lstm_hidden_size': 32, 'v_lstm_hidden_size': 64, 'a_lstm_layers': 1, 'v_lstm_layers': 1, 'text_out': 768, 'audio_out': 16, 'video_out': 32, 'a_lstm_dropout': 0.0, 'v_lstm_dropout': 0.0, 't_bert_dropout': 0.1, 'd_model': 128, 'fusion_layers': 3, 'heads': 4, 'learnable_pos_emb': False, 'emb_dropout': 0.0, 'attn_dropout': 0.3, 'ff_dropout': 0.1, 'ff_expansion': 4, 'mpu_share': True, 'modality_share': True, 'layer_share': True, 'attn_act_fn': 'tanh', 'gmc_tokens_pred_dim': 128, 'text_pred_dim': 256, 'audio_pred_dim': 8, 'video_pred_dim': 16, 'recon_loss': 'SmoothL1Loss', 'loss_attra_weight': 1, 'loss_recon_weight': 1, 'post_fusion_dim': 256, 'post_fusion_dropout': 0.3, 'H': 3.0, 'cur_time': 3, 'model_save_path': 'results/mosi/emt-dlfr/run_once/models/emt-dlfr-mosi-regression-mr0.4-11111.pth', 'device': device(type='cuda', index=1), 'tasks': 'M'}>",1111,72.59,72.46,73.78,73.73,33.97,30.17,103.61,56.04,127.7,102.96
2026-01-22_03-52-16,emt-dlfr,"<Storage{'need_task_scheduling': False, 'is_tune': False, 'train_mode': 'regression', 'modelName': 'emt-dlfr', 'datasetName': 'mosi', 'num_workers': 4, 'model_save_dir': 'results/mosi/emt-dlfr/run_once/models', 'res_save_dir': 'results/mosi/emt-dlfr/run_once/results', 'gpu_ids': ['1'], 'missing_rates': array([0. , 0.1, 0.2, 0.3, 0.4, 0.5, 0.6, 0.7, 0.8, 0.9, 1. ]), 'seed': 11111, 'num_seeds': 3, 'exp_name': 'moe-uncertainty', 'diff_missing': None, 'KeyEval': 'Loss', 'save_model': True, 'use_normalized_data': False, 'seeds': [111, 1111, 11111], 'missing_rate': (0.4, 0.4, 0.4), 'dataPath': '/mnt/HDD2/teng/Master-23/sjc/work2/EMT-DLFR-master-based/MMSA/Datasets/MOSI/Processed/unaligned_50.pkl', 'seq_lens': (50, 375, 500), 'feature_dims': (768, 5, 20), 'train_samples': 1284, 'num_classes': 3, 'language': 'en', 'missing_seed': (111, 1111, 11111), 'data_missing': True, 'deal_missing': False, 'need_data_aligned': False, 'need_model_aligned': False, 'need_normalized': False, 'use_bert': True, 'use_finetune': True, 'save_labels': False, 'early_stop': 8, 'update_epochs': 4, 'batch_size': 32, 'learning_rate_bert': 5e-05, 'learning_rate_audio': 0.001, 'learning_rate_video': 0.0001, 'learning_rate_other': 0.001, 'weight_decay_bert': 0.001, 'weight_decay_audio': 0.01, 'weight_decay_video': 0.001, 'weight_decay_other': 0.001, 'a_lstm_hidden_size': 32, 'v_lstm_hidden_size': 64, 'a_lstm_layers': 1, 'v_lstm_layers': 1, 'text_out': 768, 'audio_out': 16, 'video_out': 32, 'a_lstm_dropout': 0.0, 'v_lstm_dropout': 0.0, 't_bert_dropout': 0.1, 'd_model': 128, 'fusion_layers': 3, 'heads': 4, 'learnable_pos_emb': False, 'emb_dropout': 0.0, 'attn_dropout': 0.3, 'ff_dropout': 0.1, 'ff_expansion': 4, 'mpu_share': True, 'modality_share': True, 'layer_share': True, 'attn_act_fn': 'tanh', 'gmc_tokens_pred_dim': 128, 'text_pred_dim': 256, 'audio_pred_dim': 8, 'video_pred_dim': 16, 'recon_loss': 'SmoothL1Loss', 'loss_attra_weight': 1, 'loss_recon_weight': 1, 'post_fusion_dim': 256, 'post_fusion_dropout': 0.3, 'H': 3.0, 'cur_time': 3, 'model_save_path': 'results/mosi/emt-dlfr/run_once/models/emt-dlfr-mosi-regression-mr0.4-11111.pth', 'device': device(type='cuda', index=1), 'tasks': 'M'}>",11111,72.74,72.81,73.32,73.48,34.4,31.05,112.47,53.55,137.5,111.06
2026-01-22_03-52-16,emt-dlfr,"<Storage{'need_task_scheduling': False, 'is_tune': False, 'train_mode': 'regression', 'modelName': 'emt-dlfr', 'datasetName': 'mosi', 'num_workers': 4, 'model_save_dir': 'results/mosi/emt-dlfr/run_once/models', 'res_save_dir': 'results/mosi/emt-dlfr/run_once/results', 'gpu_ids': ['1'], 'missing_rates': array([0. , 0.1, 0.2, 0.3, 0.4, 0.5, 0.6, 0.7, 0.8, 0.9, 1. ]), 'seed': 11111, 'num_seeds': 3, 'exp_name': 'moe-uncertainty', 'diff_missing': None, 'KeyEval': 'Loss', 'save_model': True, 'use_normalized_data': False, 'seeds': [111, 1111, 11111], 'missing_rate': (0.4, 0.4, 0.4), 'dataPath': '/mnt/HDD2/teng/Master-23/sjc/work2/EMT-DLFR-master-based/MMSA/Datasets/MOSI/Processed/unaligned_50.pkl', 'seq_lens': (50, 375, 500), 'feature_dims': (768, 5, 20), 'train_samples': 1284, 'num_classes': 3, 'language': 'en', 'missing_seed': (111, 1111, 11111), 'data_missing': True, 'deal_missing': False, 'need_data_aligned': False, 'need_model_aligned': False, 'need_normalized': False, 'use_bert': True, 'use_finetune': True, 'save_labels': False, 'early_stop': 8, 'update_epochs': 4, 'batch_size': 32, 'learning_rate_bert': 5e-05, 'learning_rate_audio': 0.001, 'learning_rate_video': 0.0001, 'learning_rate_other': 0.001, 'weight_decay_bert': 0.001, 'weight_decay_audio': 0.01, 'weight_decay_video': 0.001, 'weight_decay_other': 0.001, 'a_lstm_hidden_size': 32, 'v_lstm_hidden_size': 64, 'a_lstm_layers': 1, 'v_lstm_layers': 1, 'text_out': 768, 'audio_out': 16, 'video_out': 32, 'a_lstm_dropout': 0.0, 'v_lstm_dropout': 0.0, 't_bert_dropout': 0.1, 'd_model': 128, 'fusion_layers': 3, 'heads': 4, 'learnable_pos_emb': False, 'emb_dropout': 0.0, 'attn_dropout': 0.3, 'ff_dropout': 0.1, 'ff_expansion': 4, 'mpu_share': True, 'modality_share': True, 'layer_share': True, 'attn_act_fn': 'tanh', 'gmc_tokens_pred_dim': 128, 'text_pred_dim': 256, 'audio_pred_dim': 8, 'video_pred_dim': 16, 'recon_loss': 'SmoothL1Loss', 'loss_attra_weight': 1, 'loss_recon_weight': 1, 'post_fusion_dim': 256, 'post_fusion_dropout': 0.3, 'H': 3.0, 'cur_time': 3, 'model_save_path': 'results/mosi/emt-dlfr/run_once/models/emt-dlfr-mosi-regression-mr0.4-11111.pth', 'device': device(type='cuda', index=1), 'tasks': 'M'}>",<mean/std>,"(72.79, 0.18)","(72.79, 0.26)","(73.58, 0.19)","(73.66, 0.13)","(34.94, 1.08)","(31.29, 1.03)","(106.48, 4.24)","(55.21, 1.17)","(131.27, 4.42)","(105.67, 3.81)"
2026-01-22_03-52-16,emt-dlfr,"<Storage{'need_task_scheduling': False, 'is_tune': False, 'train_mode': 'regression', 'modelName': 'emt-dlfr', 'datasetName': 'mosi', 'num_workers': 4, 'model_save_dir': 'results/mosi/emt-dlfr/run_once/models', 'res_save_dir': 'results/mosi/emt-dlfr/run_once/results', 'gpu_ids': ['1'], 'missing_rates': array([0. , 0.1, 0.2, 0.3, 0.4, 0.5, 0.6, 0.7, 0.8, 0.9, 1. ]), 'seed': 11111, 'num_seeds': 3, 'exp_name': 'moe-uncertainty', 'diff_missing': None, 'KeyEval': 'Loss', 'save_model': True, 'use_normalized_data': False, 'seeds': [111, 1111, 11111], 'missing_rate': (0.4, 0.4, 0.4), 'dataPath': '/mnt/HDD2/teng/Master-23/sjc/work2/EMT-DLFR-master-based/MMSA/Datasets/MOSI/Processed/unaligned_50.pkl', 'seq_lens': (50, 375, 500), 'feature_dims': (768, 5, 20), 'train_samples': 1284, 'num_classes': 3, 'language': 'en', 'missing_seed': (111, 1111, 11111), 'data_missing': True, 'deal_missing': False, 'need_data_aligned': False, 'need_model_aligned': False, 'need_normalized': False, 'use_bert': True, 'use_finetune': True, 'save_labels': False, 'early_stop': 8, 'update_epochs': 4, 'batch_size': 32, 'learning_rate_bert': 5e-05, 'learning_rate_audio': 0.001, 'learning_rate_video': 0.0001, 'learning_rate_other': 0.001, 'weight_decay_bert': 0.001, 'weight_decay_audio': 0.01, 'weight_decay_video': 0.001, 'weight_decay_other': 0.001, 'a_lstm_hidden_size': 32, 'v_lstm_hidden_size': 64, 'a_lstm_layers': 1, 'v_lstm_layers': 1, 'text_out': 768, 'audio_out': 16, 'video_out': 32, 'a_lstm_dropout': 0.0, 'v_lstm_dropout': 0.0, 't_bert_dropout': 0.1, 'd_model': 128, 'fusion_layers': 3, 'heads': 4, 'learnable_pos_emb': False, 'emb_dropout': 0.0, 'attn_dropout': 0.3, 'ff_dropout': 0.1, 'ff_expansion': 4, 'mpu_share': True, 'modality_share': True, 'layer_share': True, 'attn_act_fn': 'tanh', 'gmc_tokens_pred_dim': 128, 'text_pred_dim': 256, 'audio_pred_dim': 8, 'video_pred_dim': 16, 'recon_loss': 'SmoothL1Loss', 'loss_attra_weight': 1, 'loss_recon_weight': 1, 'post_fusion_dim': 256, 'post_fusion_dropout': 0.3, 'H': 3.0, 'cur_time': 3, 'model_save_path': 'results/mosi/emt-dlfr/run_once/models/emt-dlfr-mosi-regression-mr0.4-11111.pth', 'device': device(type='cuda', index=1), 'tasks': 'M'}>",<max/seed>,"(73.03, 111)","(73.1, 111)","(73.78, 1111)","(73.77, 111)","(36.44, 111)","(32.65, 111)","(112.47, 11111)","(56.04, 111)","(137.5, 11111)","(111.06, 11111)"
2026-01-22_03-52-16,emt-dlfr,"<Storage{'need_task_scheduling': False, 'is_tune': False, 'train_mode': 'regression', 'modelName': 'emt-dlfr', 'datasetName': 'mosi', 'num_workers': 4, 'model_save_dir': 'results/mosi/emt-dlfr/run_once/models', 'res_save_dir': 'results/mosi/emt-dlfr/run_once/results', 'gpu_ids': ['1'], 'missing_rates': array([0. , 0.1, 0.2, 0.3, 0.4, 0.5, 0.6, 0.7, 0.8, 0.9, 1. ]), 'seed': 11111, 'num_seeds': 3, 'exp_name': 'moe-uncertainty', 'diff_missing': None, 'KeyEval': 'Loss', 'save_model': True, 'use_normalized_data': False, 'seeds': [111, 1111, 11111], 'missing_rate': (0.4, 0.4, 0.4), 'dataPath': '/mnt/HDD2/teng/Master-23/sjc/work2/EMT-DLFR-master-based/MMSA/Datasets/MOSI/Processed/unaligned_50.pkl', 'seq_lens': (50, 375, 500), 'feature_dims': (768, 5, 20), 'train_samples': 1284, 'num_classes': 3, 'language': 'en', 'missing_seed': (111, 1111, 11111), 'data_missing': True, 'deal_missing': False, 'need_data_aligned': False, 'need_model_aligned': False, 'need_normalized': False, 'use_bert': True, 'use_finetune': True, 'save_labels': False, 'early_stop': 8, 'update_epochs': 4, 'batch_size': 32, 'learning_rate_bert': 5e-05, 'learning_rate_audio': 0.001, 'learning_rate_video': 0.0001, 'learning_rate_other': 0.001, 'weight_decay_bert': 0.001, 'weight_decay_audio': 0.01, 'weight_decay_video': 0.001, 'weight_decay_other': 0.001, 'a_lstm_hidden_size': 32, 'v_lstm_hidden_size': 64, 'a_lstm_layers': 1, 'v_lstm_layers': 1, 'text_out': 768, 'audio_out': 16, 'video_out': 32, 'a_lstm_dropout': 0.0, 'v_lstm_dropout': 0.0, 't_bert_dropout': 0.1, 'd_model': 128, 'fusion_layers': 3, 'heads': 4, 'learnable_pos_emb': False, 'emb_dropout': 0.0, 'attn_dropout': 0.3, 'ff_dropout': 0.1, 'ff_expansion': 4, 'mpu_share': True, 'modality_share': True, 'layer_share': True, 'attn_act_fn': 'tanh', 'gmc_tokens_pred_dim': 128, 'text_pred_dim': 256, 'audio_pred_dim': 8, 'video_pred_dim': 16, 'recon_loss': 'SmoothL1Loss', 'loss_attra_weight': 1, 'loss_recon_weight': 1, 'post_fusion_dim': 256, 'post_fusion_dropout': 0.3, 'H': 3.0, 'cur_time': 3, 'model_save_path': 'results/mosi/emt-dlfr/run_once/models/emt-dlfr-mosi-regression-mr0.4-11111.pth', 'device': device(type='cuda', index=1), 'tasks': 'M'}>",<min/seed>,"(72.59, 1111)","(72.46, 1111)","(73.32, 11111)","(73.48, 11111)","(33.97, 1111)","(30.17, 1111)","(103.36, 111)","(53.55, 11111)","(127.7, 1111)","(102.96, 1111)"
2026-01-22_07-41-34,emt-dlfr,"<Storage{'need_task_scheduling': False, 'is_tune': False, 'train_mode': 'regression', 'modelName': 'emt-dlfr', 'datasetName': 'mosi', 'num_workers': 4, 'model_save_dir': 'results/mosi/emt-dlfr/run_once/models', 'res_save_dir': 'results/mosi/emt-dlfr/run_once/results', 'gpu_ids': ['1'], 'missing_rates': array([0. , 0.1, 0.2, 0.3, 0.4, 0.5, 0.6, 0.7, 0.8, 0.9, 1. ]), 'seed': 11111, 'num_seeds': 3, 'exp_name': 'moe-uncertainty', 'diff_missing': None, 'KeyEval': 'Loss', 'save_model': True, 'use_normalized_data': False, 'seeds': [111, 1111, 11111], 'missing_rate': (0.4, 0.4, 0.4), 'dataPath': '/mnt/HDD2/teng/Master-23/sjc/work2/EMT-DLFR-master-based/MMSA/Datasets/MOSI/Processed/unaligned_50.pkl', 'seq_lens': (50, 375, 500), 'feature_dims': (768, 5, 20), 'train_samples': 1284, 'num_classes': 3, 'language': 'en', 'missing_seed': (111, 1111, 11111), 'data_missing': True, 'deal_missing': False, 'need_data_aligned': False, 'need_model_aligned': False, 'need_normalized': False, 'use_bert': True, 'use_finetune': True, 'save_labels': False, 'early_stop': 8, 'update_epochs': 4, 'batch_size': 32, 'learning_rate_bert': 5e-05, 'learning_rate_audio': 0.001, 'learning_rate_video': 0.0001, 'learning_rate_other': 0.001, 'weight_decay_bert': 0.001, 'weight_decay_audio': 0.01, 'weight_decay_video': 0.001, 'weight_decay_other': 0.001, 'a_lstm_hidden_size': 32, 'v_lstm_hidden_size': 64, 'a_lstm_layers': 1, 'v_lstm_layers': 1, 'text_out': 768, 'audio_out': 16, 'video_out': 32, 'a_lstm_dropout': 0.0, 'v_lstm_dropout': 0.0, 't_bert_dropout': 0.1, 'd_model': 128, 'fusion_layers': 3, 'heads': 4, 'learnable_pos_emb': False, 'emb_dropout': 0.0, 'attn_dropout': 0.3, 'ff_dropout': 0.1, 'ff_expansion': 4, 'mpu_share': True, 'modality_share': True, 'layer_share': True, 'attn_act_fn': 'tanh', 'gmc_tokens_pred_dim': 128, 'text_pred_dim': 256, 'audio_pred_dim': 8, 'video_pred_dim': 16, 'recon_loss': 'SmoothL1Loss', 'loss_attra_weight': 1, 'loss_recon_weight': 1, 'post_fusion_dim': 256, 'post_fusion_dropout': 0.3, 'H': 3.0, 'cur_time': 3, 'model_save_path': 'results/mosi/emt-dlfr/run_once/models/emt-dlfr-mosi-regression-mr0.4-11111.pth', 'device': device(type='cuda', index=1), 'tasks': 'M'}>",111,72.16,72.23,72.56,72.73,27.41,26.24,114.65,51.32,141.65,114.57
2026-01-22_07-41-34,emt-dlfr,"<Storage{'need_task_scheduling': False, 'is_tune': False, 'train_mode': 'regression', 'modelName': 'emt-dlfr', 'datasetName': 'mosi', 'num_workers': 4, 'model_save_dir': 'results/mosi/emt-dlfr/run_once/models', 'res_save_dir': 'results/mosi/emt-dlfr/run_once/results', 'gpu_ids': ['1'], 'missing_rates': array([0. , 0.1, 0.2, 0.3, 0.4, 0.5, 0.6, 0.7, 0.8, 0.9, 1. ]), 'seed': 11111, 'num_seeds': 3, 'exp_name': 'moe-uncertainty', 'diff_missing': None, 'KeyEval': 'Loss', 'save_model': True, 'use_normalized_data': False, 'seeds': [111, 1111, 11111], 'missing_rate': (0.4, 0.4, 0.4), 'dataPath': '/mnt/HDD2/teng/Master-23/sjc/work2/EMT-DLFR-master-based/MMSA/Datasets/MOSI/Processed/unaligned_50.pkl', 'seq_lens': (50, 375, 500), 'feature_dims': (768, 5, 20), 'train_samples': 1284, 'num_classes': 3, 'language': 'en', 'missing_seed': (111, 1111, 11111), 'data_missing': True, 'deal_missing': False, 'need_data_aligned': False, 'need_model_aligned': False, 'need_normalized': False, 'use_bert': True, 'use_finetune': True, 'save_labels': False, 'early_stop': 8, 'update_epochs': 4, 'batch_size': 32, 'learning_rate_bert': 5e-05, 'learning_rate_audio': 0.001, 'learning_rate_video': 0.0001, 'learning_rate_other': 0.001, 'weight_decay_bert': 0.001, 'weight_decay_audio': 0.01, 'weight_decay_video': 0.001, 'weight_decay_other': 0.001, 'a_lstm_hidden_size': 32, 'v_lstm_hidden_size': 64, 'a_lstm_layers': 1, 'v_lstm_layers': 1, 'text_out': 768, 'audio_out': 16, 'video_out': 32, 'a_lstm_dropout': 0.0, 'v_lstm_dropout': 0.0, 't_bert_dropout': 0.1, 'd_model': 128, 'fusion_layers': 3, 'heads': 4, 'learnable_pos_emb': False, 'emb_dropout': 0.0, 'attn_dropout': 0.3, 'ff_dropout': 0.1, 'ff_expansion': 4, 'mpu_share': True, 'modality_share': True, 'layer_share': True, 'attn_act_fn': 'tanh', 'gmc_tokens_pred_dim': 128, 'text_pred_dim': 256, 'audio_pred_dim': 8, 'video_pred_dim': 16, 'recon_loss': 'SmoothL1Loss', 'loss_attra_weight': 1, 'loss_recon_weight': 1, 'post_fusion_dim': 256, 'post_fusion_dropout': 0.3, 'H': 3.0, 'cur_time': 3, 'model_save_path': 'results/mosi/emt-dlfr/run_once/models/emt-dlfr-mosi-regression-mr0.4-11111.pth', 'device': device(type='cuda', index=1), 'tasks': 'M'}>",1111,72.3,72.36,72.87,73.02,34.11,29.45,105.19,57.27,130.95,105.88
2026-01-22_07-41-34,emt-dlfr,"<Storage{'need_task_scheduling': False, 'is_tune': False, 'train_mode': 'regression', 'modelName': 'emt-dlfr', 'datasetName': 'mosi', 'num_workers': 4, 'model_save_dir': 'results/mosi/emt-dlfr/run_once/models', 'res_save_dir': 'results/mosi/emt-dlfr/run_once/results', 'gpu_ids': ['1'], 'missing_rates': array([0. , 0.1, 0.2, 0.3, 0.4, 0.5, 0.6, 0.7, 0.8, 0.9, 1. ]), 'seed': 11111, 'num_seeds': 3, 'exp_name': 'moe-uncertainty', 'diff_missing': None, 'KeyEval': 'Loss', 'save_model': True, 'use_normalized_data': False, 'seeds': [111, 1111, 11111], 'missing_rate': (0.4, 0.4, 0.4), 'dataPath': '/mnt/HDD2/teng/Master-23/sjc/work2/EMT-DLFR-master-based/MMSA/Datasets/MOSI/Processed/unaligned_50.pkl', 'seq_lens': (50, 375, 500), 'feature_dims': (768, 5, 20), 'train_samples': 1284, 'num_classes': 3, 'language': 'en', 'missing_seed': (111, 1111, 11111), 'data_missing': True, 'deal_missing': False, 'need_data_aligned': False, 'need_model_aligned': False, 'need_normalized': False, 'use_bert': True, 'use_finetune': True, 'save_labels': False, 'early_stop': 8, 'update_epochs': 4, 'batch_size': 32, 'learning_rate_bert': 5e-05, 'learning_rate_audio': 0.001, 'learning_rate_video': 0.0001, 'learning_rate_other': 0.001, 'weight_decay_bert': 0.001, 'weight_decay_audio': 0.01, 'weight_decay_video': 0.001, 'weight_decay_other': 0.001, 'a_lstm_hidden_size': 32, 'v_lstm_hidden_size': 64, 'a_lstm_layers': 1, 'v_lstm_layers': 1, 'text_out': 768, 'audio_out': 16, 'video_out': 32, 'a_lstm_dropout': 0.0, 'v_lstm_dropout': 0.0, 't_bert_dropout': 0.1, 'd_model': 128, 'fusion_layers': 3, 'heads': 4, 'learnable_pos_emb': False, 'emb_dropout': 0.0, 'attn_dropout': 0.3, 'ff_dropout': 0.1, 'ff_expansion': 4, 'mpu_share': True, 'modality_share': True, 'layer_share': True, 'attn_act_fn': 'tanh', 'gmc_tokens_pred_dim': 128, 'text_pred_dim': 256, 'audio_pred_dim': 8, 'video_pred_dim': 16, 'recon_loss': 'SmoothL1Loss', 'loss_attra_weight': 1, 'loss_recon_weight': 1, 'post_fusion_dim': 256, 'post_fusion_dropout': 0.3, 'H': 3.0, 'cur_time': 3, 'model_save_path': 'results/mosi/emt-dlfr/run_once/models/emt-dlfr-mosi-regression-mr0.4-11111.pth', 'device': device(type='cuda', index=1), 'tasks': 'M'}>",11111,72.59,72.66,73.17,73.32,33.24,29.45,107.47,55.1,131.83,108.26
2026-01-22_07-41-34,emt-dlfr,"<Storage{'need_task_scheduling': False, 'is_tune': False, 'train_mode': 'regression', 'modelName': 'emt-dlfr', 'datasetName': 'mosi', 'num_workers': 4, 'model_save_dir': 'results/mosi/emt-dlfr/run_once/models', 'res_save_dir': 'results/mosi/emt-dlfr/run_once/results', 'gpu_ids': ['1'], 'missing_rates': array([0. , 0.1, 0.2, 0.3, 0.4, 0.5, 0.6, 0.7, 0.8, 0.9, 1. ]), 'seed': 11111, 'num_seeds': 3, 'exp_name': 'moe-uncertainty', 'diff_missing': None, 'KeyEval': 'Loss', 'save_model': True, 'use_normalized_data': False, 'seeds': [111, 1111, 11111], 'missing_rate': (0.4, 0.4, 0.4), 'dataPath': '/mnt/HDD2/teng/Master-23/sjc/work2/EMT-DLFR-master-based/MMSA/Datasets/MOSI/Processed/unaligned_50.pkl', 'seq_lens': (50, 375, 500), 'feature_dims': (768, 5, 20), 'train_samples': 1284, 'num_classes': 3, 'language': 'en', 'missing_seed': (111, 1111, 11111), 'data_missing': True, 'deal_missing': False, 'need_data_aligned': False, 'need_model_aligned': False, 'need_normalized': False, 'use_bert': True, 'use_finetune': True, 'save_labels': False, 'early_stop': 8, 'update_epochs': 4, 'batch_size': 32, 'learning_rate_bert': 5e-05, 'learning_rate_audio': 0.001, 'learning_rate_video': 0.0001, 'learning_rate_other': 0.001, 'weight_decay_bert': 0.001, 'weight_decay_audio': 0.01, 'weight_decay_video': 0.001, 'weight_decay_other': 0.001, 'a_lstm_hidden_size': 32, 'v_lstm_hidden_size': 64, 'a_lstm_layers': 1, 'v_lstm_layers': 1, 'text_out': 768, 'audio_out': 16, 'video_out': 32, 'a_lstm_dropout': 0.0, 'v_lstm_dropout': 0.0, 't_bert_dropout': 0.1, 'd_model': 128, 'fusion_layers': 3, 'heads': 4, 'learnable_pos_emb': False, 'emb_dropout': 0.0, 'attn_dropout': 0.3, 'ff_dropout': 0.1, 'ff_expansion': 4, 'mpu_share': True, 'modality_share': True, 'layer_share': True, 'attn_act_fn': 'tanh', 'gmc_tokens_pred_dim': 128, 'text_pred_dim': 256, 'audio_pred_dim': 8, 'video_pred_dim': 16, 'recon_loss': 'SmoothL1Loss', 'loss_attra_weight': 1, 'loss_recon_weight': 1, 'post_fusion_dim': 256, 'post_fusion_dropout': 0.3, 'H': 3.0, 'cur_time': 3, 'model_save_path': 'results/mosi/emt-dlfr/run_once/models/emt-dlfr-mosi-regression-mr0.4-11111.pth', 'device': device(type='cuda', index=1), 'tasks': 'M'}>",<mean/std>,"(72.35, 0.18)","(72.42, 0.18)","(72.87, 0.25)","(73.02, 0.24)","(31.59, 2.97)","(28.38, 1.51)","(109.1, 4.03)","(54.56, 2.46)","(134.81, 4.85)","(109.57, 3.67)"
2026-01-22_07-41-34,emt-dlfr,"<Storage{'need_task_scheduling': False, 'is_tune': False, 'train_mode': 'regression', 'modelName': 'emt-dlfr', 'datasetName': 'mosi', 'num_workers': 4, 'model_save_dir': 'results/mosi/emt-dlfr/run_once/models', 'res_save_dir': 'results/mosi/emt-dlfr/run_once/results', 'gpu_ids': ['1'], 'missing_rates': array([0. , 0.1, 0.2, 0.3, 0.4, 0.5, 0.6, 0.7, 0.8, 0.9, 1. ]), 'seed': 11111, 'num_seeds': 3, 'exp_name': 'moe-uncertainty', 'diff_missing': None, 'KeyEval': 'Loss', 'save_model': True, 'use_normalized_data': False, 'seeds': [111, 1111, 11111], 'missing_rate': (0.4, 0.4, 0.4), 'dataPath': '/mnt/HDD2/teng/Master-23/sjc/work2/EMT-DLFR-master-based/MMSA/Datasets/MOSI/Processed/unaligned_50.pkl', 'seq_lens': (50, 375, 500), 'feature_dims': (768, 5, 20), 'train_samples': 1284, 'num_classes': 3, 'language': 'en', 'missing_seed': (111, 1111, 11111), 'data_missing': True, 'deal_missing': False, 'need_data_aligned': False, 'need_model_aligned': False, 'need_normalized': False, 'use_bert': True, 'use_finetune': True, 'save_labels': False, 'early_stop': 8, 'update_epochs': 4, 'batch_size': 32, 'learning_rate_bert': 5e-05, 'learning_rate_audio': 0.001, 'learning_rate_video': 0.0001, 'learning_rate_other': 0.001, 'weight_decay_bert': 0.001, 'weight_decay_audio': 0.01, 'weight_decay_video': 0.001, 'weight_decay_other': 0.001, 'a_lstm_hidden_size': 32, 'v_lstm_hidden_size': 64, 'a_lstm_layers': 1, 'v_lstm_layers': 1, 'text_out': 768, 'audio_out': 16, 'video_out': 32, 'a_lstm_dropout': 0.0, 'v_lstm_dropout': 0.0, 't_bert_dropout': 0.1, 'd_model': 128, 'fusion_layers': 3, 'heads': 4, 'learnable_pos_emb': False, 'emb_dropout': 0.0, 'attn_dropout': 0.3, 'ff_dropout': 0.1, 'ff_expansion': 4, 'mpu_share': True, 'modality_share': True, 'layer_share': True, 'attn_act_fn': 'tanh', 'gmc_tokens_pred_dim': 128, 'text_pred_dim': 256, 'audio_pred_dim': 8, 'video_pred_dim': 16, 'recon_loss': 'SmoothL1Loss', 'loss_attra_weight': 1, 'loss_recon_weight': 1, 'post_fusion_dim': 256, 'post_fusion_dropout': 0.3, 'H': 3.0, 'cur_time': 3, 'model_save_path': 'results/mosi/emt-dlfr/run_once/models/emt-dlfr-mosi-regression-mr0.4-11111.pth', 'device': device(type='cuda', index=1), 'tasks': 'M'}>",<max/seed>,"(72.59, 11111)","(72.66, 11111)","(73.17, 11111)","(73.32, 11111)","(34.11, 1111)","(29.45, 1111)","(114.65, 111)","(57.27, 1111)","(141.65, 111)","(114.57, 111)"
2026-01-22_07-41-34,emt-dlfr,"<Storage{'need_task_scheduling': False, 'is_tune': False, 'train_mode': 'regression', 'modelName': 'emt-dlfr', 'datasetName': 'mosi', 'num_workers': 4, 'model_save_dir': 'results/mosi/emt-dlfr/run_once/models', 'res_save_dir': 'results/mosi/emt-dlfr/run_once/results', 'gpu_ids': ['1'], 'missing_rates': array([0. , 0.1, 0.2, 0.3, 0.4, 0.5, 0.6, 0.7, 0.8, 0.9, 1. ]), 'seed': 11111, 'num_seeds': 3, 'exp_name': 'moe-uncertainty', 'diff_missing': None, 'KeyEval': 'Loss', 'save_model': True, 'use_normalized_data': False, 'seeds': [111, 1111, 11111], 'missing_rate': (0.4, 0.4, 0.4), 'dataPath': '/mnt/HDD2/teng/Master-23/sjc/work2/EMT-DLFR-master-based/MMSA/Datasets/MOSI/Processed/unaligned_50.pkl', 'seq_lens': (50, 375, 500), 'feature_dims': (768, 5, 20), 'train_samples': 1284, 'num_classes': 3, 'language': 'en', 'missing_seed': (111, 1111, 11111), 'data_missing': True, 'deal_missing': False, 'need_data_aligned': False, 'need_model_aligned': False, 'need_normalized': False, 'use_bert': True, 'use_finetune': True, 'save_labels': False, 'early_stop': 8, 'update_epochs': 4, 'batch_size': 32, 'learning_rate_bert': 5e-05, 'learning_rate_audio': 0.001, 'learning_rate_video': 0.0001, 'learning_rate_other': 0.001, 'weight_decay_bert': 0.001, 'weight_decay_audio': 0.01, 'weight_decay_video': 0.001, 'weight_decay_other': 0.001, 'a_lstm_hidden_size': 32, 'v_lstm_hidden_size': 64, 'a_lstm_layers': 1, 'v_lstm_layers': 1, 'text_out': 768, 'audio_out': 16, 'video_out': 32, 'a_lstm_dropout': 0.0, 'v_lstm_dropout': 0.0, 't_bert_dropout': 0.1, 'd_model': 128, 'fusion_layers': 3, 'heads': 4, 'learnable_pos_emb': False, 'emb_dropout': 0.0, 'attn_dropout': 0.3, 'ff_dropout': 0.1, 'ff_expansion': 4, 'mpu_share': True, 'modality_share': True, 'layer_share': True, 'attn_act_fn': 'tanh', 'gmc_tokens_pred_dim': 128, 'text_pred_dim': 256, 'audio_pred_dim': 8, 'video_pred_dim': 16, 'recon_loss': 'SmoothL1Loss', 'loss_attra_weight': 1, 'loss_recon_weight': 1, 'post_fusion_dim': 256, 'post_fusion_dropout': 0.3, 'H': 3.0, 'cur_time': 3, 'model_save_path': 'results/mosi/emt-dlfr/run_once/models/emt-dlfr-mosi-regression-mr0.4-11111.pth', 'device': device(type='cuda', index=1), 'tasks': 'M'}>",<min/seed>,"(72.16, 111)","(72.23, 111)","(72.56, 111)","(72.73, 111)","(27.41, 111)","(26.24, 111)","(105.19, 1111)","(51.32, 111)","(130.95, 1111)","(105.88, 1111)"
2026-01-22_11-19-33,emt-dlfr,"<Storage{'need_task_scheduling': False, 'is_tune': False, 'train_mode': 'regression', 'modelName': 'emt-dlfr', 'datasetName': 'mosi', 'num_workers': 4, 'model_save_dir': 'results/mosi/emt-dlfr/run_once/models', 'res_save_dir': 'results/mosi/emt-dlfr/run_once/results', 'gpu_ids': ['1'], 'missing_rates': array([0. , 0.1, 0.2, 0.3, 0.4, 0.5, 0.6, 0.7, 0.8, 0.9, 1. ]), 'seed': 11111, 'num_seeds': 3, 'exp_name': 'moe-uncertainty', 'diff_missing': None, 'KeyEval': 'Loss', 'save_model': True, 'use_normalized_data': False, 'seeds': [111, 1111, 11111], 'missing_rate': (0.4, 0.4, 0.4), 'dataPath': '/mnt/HDD2/teng/Master-23/sjc/work2/EMT-DLFR-master-based/MMSA/Datasets/MOSI/Processed/unaligned_50.pkl', 'seq_lens': (50, 375, 500), 'feature_dims': (768, 5, 20), 'train_samples': 1284, 'num_classes': 3, 'language': 'en', 'missing_seed': (111, 1111, 11111), 'data_missing': True, 'deal_missing': False, 'need_data_aligned': False, 'need_model_aligned': False, 'need_normalized': False, 'use_bert': True, 'use_finetune': True, 'save_labels': False, 'early_stop': 8, 'update_epochs': 4, 'batch_size': 32, 'learning_rate_bert': 5e-05, 'learning_rate_audio': 0.001, 'learning_rate_video': 0.0001, 'learning_rate_other': 0.001, 'weight_decay_bert': 0.001, 'weight_decay_audio': 0.01, 'weight_decay_video': 0.001, 'weight_decay_other': 0.001, 'a_lstm_hidden_size': 32, 'v_lstm_hidden_size': 64, 'a_lstm_layers': 1, 'v_lstm_layers': 1, 'text_out': 768, 'audio_out': 16, 'video_out': 32, 'a_lstm_dropout': 0.0, 'v_lstm_dropout': 0.0, 't_bert_dropout': 0.1, 'd_model': 128, 'fusion_layers': 3, 'heads': 4, 'learnable_pos_emb': False, 'emb_dropout': 0.0, 'attn_dropout': 0.3, 'ff_dropout': 0.1, 'ff_expansion': 4, 'mpu_share': True, 'modality_share': True, 'layer_share': True, 'attn_act_fn': 'tanh', 'gmc_tokens_pred_dim': 128, 'text_pred_dim': 256, 'audio_pred_dim': 8, 'video_pred_dim': 16, 'recon_loss': 'SmoothL1Loss', 'loss_attra_weight': 1, 'loss_recon_weight': 1, 'post_fusion_dim': 256, 'post_fusion_dropout': 0.3, 'H': 3.0, 'cur_time': 3, 'model_save_path': 'results/mosi/emt-dlfr/run_once/models/emt-dlfr-mosi-regression-mr0.4-11111.pth', 'device': device(type='cuda', index=1), 'tasks': 'M'}>",111,73.03,73.1,73.63,73.77,36.44,32.65,103.36,56.04,128.62,102.98
2026-01-22_11-19-33,emt-dlfr,"<Storage{'need_task_scheduling': False, 'is_tune': False, 'train_mode': 'regression', 'modelName': 'emt-dlfr', 'datasetName': 'mosi', 'num_workers': 4, 'model_save_dir': 'results/mosi/emt-dlfr/run_once/models', 'res_save_dir': 'results/mosi/emt-dlfr/run_once/results', 'gpu_ids': ['1'], 'missing_rates': array([0. , 0.1, 0.2, 0.3, 0.4, 0.5, 0.6, 0.7, 0.8, 0.9, 1. ]), 'seed': 11111, 'num_seeds': 3, 'exp_name': 'moe-uncertainty', 'diff_missing': None, 'KeyEval': 'Loss', 'save_model': True, 'use_normalized_data': False, 'seeds': [111, 1111, 11111], 'missing_rate': (0.4, 0.4, 0.4), 'dataPath': '/mnt/HDD2/teng/Master-23/sjc/work2/EMT-DLFR-master-based/MMSA/Datasets/MOSI/Processed/unaligned_50.pkl', 'seq_lens': (50, 375, 500), 'feature_dims': (768, 5, 20), 'train_samples': 1284, 'num_classes': 3, 'language': 'en', 'missing_seed': (111, 1111, 11111), 'data_missing': True, 'deal_missing': False, 'need_data_aligned': False, 'need_model_aligned': False, 'need_normalized': False, 'use_bert': True, 'use_finetune': True, 'save_labels': False, 'early_stop': 8, 'update_epochs': 4, 'batch_size': 32, 'learning_rate_bert': 5e-05, 'learning_rate_audio': 0.001, 'learning_rate_video': 0.0001, 'learning_rate_other': 0.001, 'weight_decay_bert': 0.001, 'weight_decay_audio': 0.01, 'weight_decay_video': 0.001, 'weight_decay_other': 0.001, 'a_lstm_hidden_size': 32, 'v_lstm_hidden_size': 64, 'a_lstm_layers': 1, 'v_lstm_layers': 1, 'text_out': 768, 'audio_out': 16, 'video_out': 32, 'a_lstm_dropout': 0.0, 'v_lstm_dropout': 0.0, 't_bert_dropout': 0.1, 'd_model': 128, 'fusion_layers': 3, 'heads': 4, 'learnable_pos_emb': False, 'emb_dropout': 0.0, 'attn_dropout': 0.3, 'ff_dropout': 0.1, 'ff_expansion': 4, 'mpu_share': True, 'modality_share': True, 'layer_share': True, 'attn_act_fn': 'tanh', 'gmc_tokens_pred_dim': 128, 'text_pred_dim': 256, 'audio_pred_dim': 8, 'video_pred_dim': 16, 'recon_loss': 'SmoothL1Loss', 'loss_attra_weight': 1, 'loss_recon_weight': 1, 'post_fusion_dim': 256, 'post_fusion_dropout': 0.3, 'H': 3.0, 'cur_time': 3, 'model_save_path': 'results/mosi/emt-dlfr/run_once/models/emt-dlfr-mosi-regression-mr0.4-11111.pth', 'device': device(type='cuda', index=1), 'tasks': 'M'}>",1111,72.59,72.46,73.78,73.73,33.97,30.17,103.61,56.04,127.7,102.96
2026-01-22_11-19-33,emt-dlfr,"<Storage{'need_task_scheduling': False, 'is_tune': False, 'train_mode': 'regression', 'modelName': 'emt-dlfr', 'datasetName': 'mosi', 'num_workers': 4, 'model_save_dir': 'results/mosi/emt-dlfr/run_once/models', 'res_save_dir': 'results/mosi/emt-dlfr/run_once/results', 'gpu_ids': ['1'], 'missing_rates': array([0. , 0.1, 0.2, 0.3, 0.4, 0.5, 0.6, 0.7, 0.8, 0.9, 1. ]), 'seed': 11111, 'num_seeds': 3, 'exp_name': 'moe-uncertainty', 'diff_missing': None, 'KeyEval': 'Loss', 'save_model': True, 'use_normalized_data': False, 'seeds': [111, 1111, 11111], 'missing_rate': (0.4, 0.4, 0.4), 'dataPath': '/mnt/HDD2/teng/Master-23/sjc/work2/EMT-DLFR-master-based/MMSA/Datasets/MOSI/Processed/unaligned_50.pkl', 'seq_lens': (50, 375, 500), 'feature_dims': (768, 5, 20), 'train_samples': 1284, 'num_classes': 3, 'language': 'en', 'missing_seed': (111, 1111, 11111), 'data_missing': True, 'deal_missing': False, 'need_data_aligned': False, 'need_model_aligned': False, 'need_normalized': False, 'use_bert': True, 'use_finetune': True, 'save_labels': False, 'early_stop': 8, 'update_epochs': 4, 'batch_size': 32, 'learning_rate_bert': 5e-05, 'learning_rate_audio': 0.001, 'learning_rate_video': 0.0001, 'learning_rate_other': 0.001, 'weight_decay_bert': 0.001, 'weight_decay_audio': 0.01, 'weight_decay_video': 0.001, 'weight_decay_other': 0.001, 'a_lstm_hidden_size': 32, 'v_lstm_hidden_size': 64, 'a_lstm_layers': 1, 'v_lstm_layers': 1, 'text_out': 768, 'audio_out': 16, 'video_out': 32, 'a_lstm_dropout': 0.0, 'v_lstm_dropout': 0.0, 't_bert_dropout': 0.1, 'd_model': 128, 'fusion_layers': 3, 'heads': 4, 'learnable_pos_emb': False, 'emb_dropout': 0.0, 'attn_dropout': 0.3, 'ff_dropout': 0.1, 'ff_expansion': 4, 'mpu_share': True, 'modality_share': True, 'layer_share': True, 'attn_act_fn': 'tanh', 'gmc_tokens_pred_dim': 128, 'text_pred_dim': 256, 'audio_pred_dim': 8, 'video_pred_dim': 16, 'recon_loss': 'SmoothL1Loss', 'loss_attra_weight': 1, 'loss_recon_weight': 1, 'post_fusion_dim': 256, 'post_fusion_dropout': 0.3, 'H': 3.0, 'cur_time': 3, 'model_save_path': 'results/mosi/emt-dlfr/run_once/models/emt-dlfr-mosi-regression-mr0.4-11111.pth', 'device': device(type='cuda', index=1), 'tasks': 'M'}>",11111,72.74,72.81,73.32,73.48,34.4,31.05,112.47,53.55,137.5,111.06
2026-01-22_11-19-33,emt-dlfr,"<Storage{'need_task_scheduling': False, 'is_tune': False, 'train_mode': 'regression', 'modelName': 'emt-dlfr', 'datasetName': 'mosi', 'num_workers': 4, 'model_save_dir': 'results/mosi/emt-dlfr/run_once/models', 'res_save_dir': 'results/mosi/emt-dlfr/run_once/results', 'gpu_ids': ['1'], 'missing_rates': array([0. , 0.1, 0.2, 0.3, 0.4, 0.5, 0.6, 0.7, 0.8, 0.9, 1. ]), 'seed': 11111, 'num_seeds': 3, 'exp_name': 'moe-uncertainty', 'diff_missing': None, 'KeyEval': 'Loss', 'save_model': True, 'use_normalized_data': False, 'seeds': [111, 1111, 11111], 'missing_rate': (0.4, 0.4, 0.4), 'dataPath': '/mnt/HDD2/teng/Master-23/sjc/work2/EMT-DLFR-master-based/MMSA/Datasets/MOSI/Processed/unaligned_50.pkl', 'seq_lens': (50, 375, 500), 'feature_dims': (768, 5, 20), 'train_samples': 1284, 'num_classes': 3, 'language': 'en', 'missing_seed': (111, 1111, 11111), 'data_missing': True, 'deal_missing': False, 'need_data_aligned': False, 'need_model_aligned': False, 'need_normalized': False, 'use_bert': True, 'use_finetune': True, 'save_labels': False, 'early_stop': 8, 'update_epochs': 4, 'batch_size': 32, 'learning_rate_bert': 5e-05, 'learning_rate_audio': 0.001, 'learning_rate_video': 0.0001, 'learning_rate_other': 0.001, 'weight_decay_bert': 0.001, 'weight_decay_audio': 0.01, 'weight_decay_video': 0.001, 'weight_decay_other': 0.001, 'a_lstm_hidden_size': 32, 'v_lstm_hidden_size': 64, 'a_lstm_layers': 1, 'v_lstm_layers': 1, 'text_out': 768, 'audio_out': 16, 'video_out': 32, 'a_lstm_dropout': 0.0, 'v_lstm_dropout': 0.0, 't_bert_dropout': 0.1, 'd_model': 128, 'fusion_layers': 3, 'heads': 4, 'learnable_pos_emb': False, 'emb_dropout': 0.0, 'attn_dropout': 0.3, 'ff_dropout': 0.1, 'ff_expansion': 4, 'mpu_share': True, 'modality_share': True, 'layer_share': True, 'attn_act_fn': 'tanh', 'gmc_tokens_pred_dim': 128, 'text_pred_dim': 256, 'audio_pred_dim': 8, 'video_pred_dim': 16, 'recon_loss': 'SmoothL1Loss', 'loss_attra_weight': 1, 'loss_recon_weight': 1, 'post_fusion_dim': 256, 'post_fusion_dropout': 0.3, 'H': 3.0, 'cur_time': 3, 'model_save_path': 'results/mosi/emt-dlfr/run_once/models/emt-dlfr-mosi-regression-mr0.4-11111.pth', 'device': device(type='cuda', index=1), 'tasks': 'M'}>",<mean/std>,"(72.79, 0.18)","(72.79, 0.26)","(73.58, 0.19)","(73.66, 0.13)","(34.94, 1.08)","(31.29, 1.03)","(106.48, 4.24)","(55.21, 1.17)","(131.27, 4.42)","(105.67, 3.81)"
2026-01-22_11-19-33,emt-dlfr,"<Storage{'need_task_scheduling': False, 'is_tune': False, 'train_mode': 'regression', 'modelName': 'emt-dlfr', 'datasetName': 'mosi', 'num_workers': 4, 'model_save_dir': 'results/mosi/emt-dlfr/run_once/models', 'res_save_dir': 'results/mosi/emt-dlfr/run_once/results', 'gpu_ids': ['1'], 'missing_rates': array([0. , 0.1, 0.2, 0.3, 0.4, 0.5, 0.6, 0.7, 0.8, 0.9, 1. ]), 'seed': 11111, 'num_seeds': 3, 'exp_name': 'moe-uncertainty', 'diff_missing': None, 'KeyEval': 'Loss', 'save_model': True, 'use_normalized_data': False, 'seeds': [111, 1111, 11111], 'missing_rate': (0.4, 0.4, 0.4), 'dataPath': '/mnt/HDD2/teng/Master-23/sjc/work2/EMT-DLFR-master-based/MMSA/Datasets/MOSI/Processed/unaligned_50.pkl', 'seq_lens': (50, 375, 500), 'feature_dims': (768, 5, 20), 'train_samples': 1284, 'num_classes': 3, 'language': 'en', 'missing_seed': (111, 1111, 11111), 'data_missing': True, 'deal_missing': False, 'need_data_aligned': False, 'need_model_aligned': False, 'need_normalized': False, 'use_bert': True, 'use_finetune': True, 'save_labels': False, 'early_stop': 8, 'update_epochs': 4, 'batch_size': 32, 'learning_rate_bert': 5e-05, 'learning_rate_audio': 0.001, 'learning_rate_video': 0.0001, 'learning_rate_other': 0.001, 'weight_decay_bert': 0.001, 'weight_decay_audio': 0.01, 'weight_decay_video': 0.001, 'weight_decay_other': 0.001, 'a_lstm_hidden_size': 32, 'v_lstm_hidden_size': 64, 'a_lstm_layers': 1, 'v_lstm_layers': 1, 'text_out': 768, 'audio_out': 16, 'video_out': 32, 'a_lstm_dropout': 0.0, 'v_lstm_dropout': 0.0, 't_bert_dropout': 0.1, 'd_model': 128, 'fusion_layers': 3, 'heads': 4, 'learnable_pos_emb': False, 'emb_dropout': 0.0, 'attn_dropout': 0.3, 'ff_dropout': 0.1, 'ff_expansion': 4, 'mpu_share': True, 'modality_share': True, 'layer_share': True, 'attn_act_fn': 'tanh', 'gmc_tokens_pred_dim': 128, 'text_pred_dim': 256, 'audio_pred_dim': 8, 'video_pred_dim': 16, 'recon_loss': 'SmoothL1Loss', 'loss_attra_weight': 1, 'loss_recon_weight': 1, 'post_fusion_dim': 256, 'post_fusion_dropout': 0.3, 'H': 3.0, 'cur_time': 3, 'model_save_path': 'results/mosi/emt-dlfr/run_once/models/emt-dlfr-mosi-regression-mr0.4-11111.pth', 'device': device(type='cuda', index=1), 'tasks': 'M'}>",<max/seed>,"(73.03, 111)","(73.1, 111)","(73.78, 1111)","(73.77, 111)","(36.44, 111)","(32.65, 111)","(112.47, 11111)","(56.04, 111)","(137.5, 11111)","(111.06, 11111)"
2026-01-22_11-19-33,emt-dlfr,"<Storage{'need_task_scheduling': False, 'is_tune': False, 'train_mode': 'regression', 'modelName': 'emt-dlfr', 'datasetName': 'mosi', 'num_workers': 4, 'model_save_dir': 'results/mosi/emt-dlfr/run_once/models', 'res_save_dir': 'results/mosi/emt-dlfr/run_once/results', 'gpu_ids': ['1'], 'missing_rates': array([0. , 0.1, 0.2, 0.3, 0.4, 0.5, 0.6, 0.7, 0.8, 0.9, 1. ]), 'seed': 11111, 'num_seeds': 3, 'exp_name': 'moe-uncertainty', 'diff_missing': None, 'KeyEval': 'Loss', 'save_model': True, 'use_normalized_data': False, 'seeds': [111, 1111, 11111], 'missing_rate': (0.4, 0.4, 0.4), 'dataPath': '/mnt/HDD2/teng/Master-23/sjc/work2/EMT-DLFR-master-based/MMSA/Datasets/MOSI/Processed/unaligned_50.pkl', 'seq_lens': (50, 375, 500), 'feature_dims': (768, 5, 20), 'train_samples': 1284, 'num_classes': 3, 'language': 'en', 'missing_seed': (111, 1111, 11111), 'data_missing': True, 'deal_missing': False, 'need_data_aligned': False, 'need_model_aligned': False, 'need_normalized': False, 'use_bert': True, 'use_finetune': True, 'save_labels': False, 'early_stop': 8, 'update_epochs': 4, 'batch_size': 32, 'learning_rate_bert': 5e-05, 'learning_rate_audio': 0.001, 'learning_rate_video': 0.0001, 'learning_rate_other': 0.001, 'weight_decay_bert': 0.001, 'weight_decay_audio': 0.01, 'weight_decay_video': 0.001, 'weight_decay_other': 0.001, 'a_lstm_hidden_size': 32, 'v_lstm_hidden_size': 64, 'a_lstm_layers': 1, 'v_lstm_layers': 1, 'text_out': 768, 'audio_out': 16, 'video_out': 32, 'a_lstm_dropout': 0.0, 'v_lstm_dropout': 0.0, 't_bert_dropout': 0.1, 'd_model': 128, 'fusion_layers': 3, 'heads': 4, 'learnable_pos_emb': False, 'emb_dropout': 0.0, 'attn_dropout': 0.3, 'ff_dropout': 0.1, 'ff_expansion': 4, 'mpu_share': True, 'modality_share': True, 'layer_share': True, 'attn_act_fn': 'tanh', 'gmc_tokens_pred_dim': 128, 'text_pred_dim': 256, 'audio_pred_dim': 8, 'video_pred_dim': 16, 'recon_loss': 'SmoothL1Loss', 'loss_attra_weight': 1, 'loss_recon_weight': 1, 'post_fusion_dim': 256, 'post_fusion_dropout': 0.3, 'H': 3.0, 'cur_time': 3, 'model_save_path': 'results/mosi/emt-dlfr/run_once/models/emt-dlfr-mosi-regression-mr0.4-11111.pth', 'device': device(type='cuda', index=1), 'tasks': 'M'}>",<min/seed>,"(72.59, 1111)","(72.46, 1111)","(73.32, 11111)","(73.48, 11111)","(33.97, 1111)","(30.17, 1111)","(103.36, 111)","(53.55, 11111)","(127.7, 1111)","(102.96, 1111)"
2026-01-22_16-21-42,emt-dlfr,"<Storage{'need_task_scheduling': False, 'is_tune': False, 'train_mode': 'regression', 'modelName': 'emt-dlfr', 'datasetName': 'mosi', 'num_workers': 4, 'model_save_dir': 'results/mosi/emt-dlfr/run_once/models', 'res_save_dir': 'results/mosi/emt-dlfr/run_once/results', 'gpu_ids': ['1'], 'missing_rates': array([0. , 0.1, 0.2, 0.3, 0.4, 0.5, 0.6, 0.7, 0.8, 0.9, 1. ]), 'seed': 11111, 'num_seeds': 3, 'exp_name': 'moe-uncertainty', 'diff_missing': None, 'KeyEval': 'Loss', 'save_model': True, 'use_normalized_data': False, 'seeds': [111, 1111, 11111], 'missing_rate': (0.4, 0.4, 0.4), 'dataPath': '/mnt/HDD2/teng/Master-23/sjc/work2/EMT-DLFR-master-based/MMSA/Datasets/MOSI/Processed/unaligned_50.pkl', 'seq_lens': (50, 375, 500), 'feature_dims': (768, 5, 20), 'train_samples': 1284, 'num_classes': 3, 'language': 'en', 'missing_seed': (111, 1111, 11111), 'data_missing': True, 'deal_missing': False, 'need_data_aligned': False, 'need_model_aligned': False, 'need_normalized': False, 'use_bert': True, 'use_finetune': True, 'save_labels': False, 'early_stop': 8, 'update_epochs': 4, 'batch_size': 32, 'learning_rate_bert': 5e-05, 'learning_rate_audio': 0.001, 'learning_rate_video': 0.0001, 'learning_rate_other': 0.001, 'weight_decay_bert': 0.001, 'weight_decay_audio': 0.01, 'weight_decay_video': 0.001, 'weight_decay_other': 0.001, 'a_lstm_hidden_size': 32, 'v_lstm_hidden_size': 64, 'a_lstm_layers': 1, 'v_lstm_layers': 1, 'text_out': 768, 'audio_out': 16, 'video_out': 32, 'a_lstm_dropout': 0.0, 'v_lstm_dropout': 0.0, 't_bert_dropout': 0.1, 'd_model': 128, 'fusion_layers': 4, 'heads': 4, 'learnable_pos_emb': False, 'emb_dropout': 0.0, 'attn_dropout': 0.3, 'ff_dropout': 0.1, 'ff_expansion': 4, 'mpu_share': True, 'modality_share': True, 'layer_share': True, 'attn_act_fn': 'tanh', 'gmc_tokens_pred_dim': 128, 'text_pred_dim': 256, 'audio_pred_dim': 8, 'video_pred_dim': 16, 'recon_loss': 'SmoothL1Loss', 'loss_attra_weight': 1, 'loss_recon_weight': 1, 'post_fusion_dim': 256, 'post_fusion_dropout': 0.3, 'H': 3.0, 'cur_time': 3, 'model_save_path': 'results/mosi/emt-dlfr/run_once/models/emt-dlfr-mosi-regression-mr0.4-11111.pth', 'device': device(type='cuda', index=1), 'tasks': 'M'}>",111,73.47,73.54,73.78,73.93,37.32,32.51,104.18,55.5,130.51,103.54
2026-01-22_16-21-42,emt-dlfr,"<Storage{'need_task_scheduling': False, 'is_tune': False, 'train_mode': 'regression', 'modelName': 'emt-dlfr', 'datasetName': 'mosi', 'num_workers': 4, 'model_save_dir': 'results/mosi/emt-dlfr/run_once/models', 'res_save_dir': 'results/mosi/emt-dlfr/run_once/results', 'gpu_ids': ['1'], 'missing_rates': array([0. , 0.1, 0.2, 0.3, 0.4, 0.5, 0.6, 0.7, 0.8, 0.9, 1. ]), 'seed': 11111, 'num_seeds': 3, 'exp_name': 'moe-uncertainty', 'diff_missing': None, 'KeyEval': 'Loss', 'save_model': True, 'use_normalized_data': False, 'seeds': [111, 1111, 11111], 'missing_rate': (0.4, 0.4, 0.4), 'dataPath': '/mnt/HDD2/teng/Master-23/sjc/work2/EMT-DLFR-master-based/MMSA/Datasets/MOSI/Processed/unaligned_50.pkl', 'seq_lens': (50, 375, 500), 'feature_dims': (768, 5, 20), 'train_samples': 1284, 'num_classes': 3, 'language': 'en', 'missing_seed': (111, 1111, 11111), 'data_missing': True, 'deal_missing': False, 'need_data_aligned': False, 'need_model_aligned': False, 'need_normalized': False, 'use_bert': True, 'use_finetune': True, 'save_labels': False, 'early_stop': 8, 'update_epochs': 4, 'batch_size': 32, 'learning_rate_bert': 5e-05, 'learning_rate_audio': 0.001, 'learning_rate_video': 0.0001, 'learning_rate_other': 0.001, 'weight_decay_bert': 0.001, 'weight_decay_audio': 0.01, 'weight_decay_video': 0.001, 'weight_decay_other': 0.001, 'a_lstm_hidden_size': 32, 'v_lstm_hidden_size': 64, 'a_lstm_layers': 1, 'v_lstm_layers': 1, 'text_out': 768, 'audio_out': 16, 'video_out': 32, 'a_lstm_dropout': 0.0, 'v_lstm_dropout': 0.0, 't_bert_dropout': 0.1, 'd_model': 128, 'fusion_layers': 4, 'heads': 4, 'learnable_pos_emb': False, 'emb_dropout': 0.0, 'attn_dropout': 0.3, 'ff_dropout': 0.1, 'ff_expansion': 4, 'mpu_share': True, 'modality_share': True, 'layer_share': True, 'attn_act_fn': 'tanh', 'gmc_tokens_pred_dim': 128, 'text_pred_dim': 256, 'audio_pred_dim': 8, 'video_pred_dim': 16, 'recon_loss': 'SmoothL1Loss', 'loss_attra_weight': 1, 'loss_recon_weight': 1, 'post_fusion_dim': 256, 'post_fusion_dropout': 0.3, 'H': 3.0, 'cur_time': 3, 'model_save_path': 'results/mosi/emt-dlfr/run_once/models/emt-dlfr-mosi-regression-mr0.4-11111.pth', 'device': device(type='cuda', index=1), 'tasks': 'M'}>",1111,71.87,71.91,72.41,72.53,36.01,32.36,107.54,54.22,130.61,107.38
2026-01-22_16-21-42,emt-dlfr,"<Storage{'need_task_scheduling': False, 'is_tune': False, 'train_mode': 'regression', 'modelName': 'emt-dlfr', 'datasetName': 'mosi', 'num_workers': 4, 'model_save_dir': 'results/mosi/emt-dlfr/run_once/models', 'res_save_dir': 'results/mosi/emt-dlfr/run_once/results', 'gpu_ids': ['1'], 'missing_rates': array([0. , 0.1, 0.2, 0.3, 0.4, 0.5, 0.6, 0.7, 0.8, 0.9, 1. ]), 'seed': 11111, 'num_seeds': 3, 'exp_name': 'moe-uncertainty', 'diff_missing': None, 'KeyEval': 'Loss', 'save_model': True, 'use_normalized_data': False, 'seeds': [111, 1111, 11111], 'missing_rate': (0.4, 0.4, 0.4), 'dataPath': '/mnt/HDD2/teng/Master-23/sjc/work2/EMT-DLFR-master-based/MMSA/Datasets/MOSI/Processed/unaligned_50.pkl', 'seq_lens': (50, 375, 500), 'feature_dims': (768, 5, 20), 'train_samples': 1284, 'num_classes': 3, 'language': 'en', 'missing_seed': (111, 1111, 11111), 'data_missing': True, 'deal_missing': False, 'need_data_aligned': False, 'need_model_aligned': False, 'need_normalized': False, 'use_bert': True, 'use_finetune': True, 'save_labels': False, 'early_stop': 8, 'update_epochs': 4, 'batch_size': 32, 'learning_rate_bert': 5e-05, 'learning_rate_audio': 0.001, 'learning_rate_video': 0.0001, 'learning_rate_other': 0.001, 'weight_decay_bert': 0.001, 'weight_decay_audio': 0.01, 'weight_decay_video': 0.001, 'weight_decay_other': 0.001, 'a_lstm_hidden_size': 32, 'v_lstm_hidden_size': 64, 'a_lstm_layers': 1, 'v_lstm_layers': 1, 'text_out': 768, 'audio_out': 16, 'video_out': 32, 'a_lstm_dropout': 0.0, 'v_lstm_dropout': 0.0, 't_bert_dropout': 0.1, 'd_model': 128, 'fusion_layers': 4, 'heads': 4, 'learnable_pos_emb': False, 'emb_dropout': 0.0, 'attn_dropout': 0.3, 'ff_dropout': 0.1, 'ff_expansion': 4, 'mpu_share': True, 'modality_share': True, 'layer_share': True, 'attn_act_fn': 'tanh', 'gmc_tokens_pred_dim': 128, 'text_pred_dim': 256, 'audio_pred_dim': 8, 'video_pred_dim': 16, 'recon_loss': 'SmoothL1Loss', 'loss_attra_weight': 1, 'loss_recon_weight': 1, 'post_fusion_dim': 256, 'post_fusion_dropout': 0.3, 'H': 3.0, 'cur_time': 3, 'model_save_path': 'results/mosi/emt-dlfr/run_once/models/emt-dlfr-mosi-regression-mr0.4-11111.pth', 'device': device(type='cuda', index=1), 'tasks': 'M'}>",11111,71.87,71.94,72.71,72.88,32.8,29.59,112.96,53.4,140.48,113.85
2026-01-22_16-21-42,emt-dlfr,"<Storage{'need_task_scheduling': False, 'is_tune': False, 'train_mode': 'regression', 'modelName': 'emt-dlfr', 'datasetName': 'mosi', 'num_workers': 4, 'model_save_dir': 'results/mosi/emt-dlfr/run_once/models', 'res_save_dir': 'results/mosi/emt-dlfr/run_once/results', 'gpu_ids': ['1'], 'missing_rates': array([0. , 0.1, 0.2, 0.3, 0.4, 0.5, 0.6, 0.7, 0.8, 0.9, 1. ]), 'seed': 11111, 'num_seeds': 3, 'exp_name': 'moe-uncertainty', 'diff_missing': None, 'KeyEval': 'Loss', 'save_model': True, 'use_normalized_data': False, 'seeds': [111, 1111, 11111], 'missing_rate': (0.4, 0.4, 0.4), 'dataPath': '/mnt/HDD2/teng/Master-23/sjc/work2/EMT-DLFR-master-based/MMSA/Datasets/MOSI/Processed/unaligned_50.pkl', 'seq_lens': (50, 375, 500), 'feature_dims': (768, 5, 20), 'train_samples': 1284, 'num_classes': 3, 'language': 'en', 'missing_seed': (111, 1111, 11111), 'data_missing': True, 'deal_missing': False, 'need_data_aligned': False, 'need_model_aligned': False, 'need_normalized': False, 'use_bert': True, 'use_finetune': True, 'save_labels': False, 'early_stop': 8, 'update_epochs': 4, 'batch_size': 32, 'learning_rate_bert': 5e-05, 'learning_rate_audio': 0.001, 'learning_rate_video': 0.0001, 'learning_rate_other': 0.001, 'weight_decay_bert': 0.001, 'weight_decay_audio': 0.01, 'weight_decay_video': 0.001, 'weight_decay_other': 0.001, 'a_lstm_hidden_size': 32, 'v_lstm_hidden_size': 64, 'a_lstm_layers': 1, 'v_lstm_layers': 1, 'text_out': 768, 'audio_out': 16, 'video_out': 32, 'a_lstm_dropout': 0.0, 'v_lstm_dropout': 0.0, 't_bert_dropout': 0.1, 'd_model': 128, 'fusion_layers': 4, 'heads': 4, 'learnable_pos_emb': False, 'emb_dropout': 0.0, 'attn_dropout': 0.3, 'ff_dropout': 0.1, 'ff_expansion': 4, 'mpu_share': True, 'modality_share': True, 'layer_share': True, 'attn_act_fn': 'tanh', 'gmc_tokens_pred_dim': 128, 'text_pred_dim': 256, 'audio_pred_dim': 8, 'video_pred_dim': 16, 'recon_loss': 'SmoothL1Loss', 'loss_attra_weight': 1, 'loss_recon_weight': 1, 'post_fusion_dim': 256, 'post_fusion_dropout': 0.3, 'H': 3.0, 'cur_time': 3, 'model_save_path': 'results/mosi/emt-dlfr/run_once/models/emt-dlfr-mosi-regression-mr0.4-11111.pth', 'device': device(type='cuda', index=1), 'tasks': 'M'}>",<mean/std>,"(72.4, 0.75)","(72.46, 0.76)","(72.97, 0.59)","(73.11, 0.59)","(35.38, 1.9)","(31.49, 1.34)","(108.23, 3.62)","(54.37, 0.86)","(133.87, 4.68)","(108.26, 4.26)"
2026-01-22_16-21-42,emt-dlfr,"<Storage{'need_task_scheduling': False, 'is_tune': False, 'train_mode': 'regression', 'modelName': 'emt-dlfr', 'datasetName': 'mosi', 'num_workers': 4, 'model_save_dir': 'results/mosi/emt-dlfr/run_once/models', 'res_save_dir': 'results/mosi/emt-dlfr/run_once/results', 'gpu_ids': ['1'], 'missing_rates': array([0. , 0.1, 0.2, 0.3, 0.4, 0.5, 0.6, 0.7, 0.8, 0.9, 1. ]), 'seed': 11111, 'num_seeds': 3, 'exp_name': 'moe-uncertainty', 'diff_missing': None, 'KeyEval': 'Loss', 'save_model': True, 'use_normalized_data': False, 'seeds': [111, 1111, 11111], 'missing_rate': (0.4, 0.4, 0.4), 'dataPath': '/mnt/HDD2/teng/Master-23/sjc/work2/EMT-DLFR-master-based/MMSA/Datasets/MOSI/Processed/unaligned_50.pkl', 'seq_lens': (50, 375, 500), 'feature_dims': (768, 5, 20), 'train_samples': 1284, 'num_classes': 3, 'language': 'en', 'missing_seed': (111, 1111, 11111), 'data_missing': True, 'deal_missing': False, 'need_data_aligned': False, 'need_model_aligned': False, 'need_normalized': False, 'use_bert': True, 'use_finetune': True, 'save_labels': False, 'early_stop': 8, 'update_epochs': 4, 'batch_size': 32, 'learning_rate_bert': 5e-05, 'learning_rate_audio': 0.001, 'learning_rate_video': 0.0001, 'learning_rate_other': 0.001, 'weight_decay_bert': 0.001, 'weight_decay_audio': 0.01, 'weight_decay_video': 0.001, 'weight_decay_other': 0.001, 'a_lstm_hidden_size': 32, 'v_lstm_hidden_size': 64, 'a_lstm_layers': 1, 'v_lstm_layers': 1, 'text_out': 768, 'audio_out': 16, 'video_out': 32, 'a_lstm_dropout': 0.0, 'v_lstm_dropout': 0.0, 't_bert_dropout': 0.1, 'd_model': 128, 'fusion_layers': 4, 'heads': 4, 'learnable_pos_emb': False, 'emb_dropout': 0.0, 'attn_dropout': 0.3, 'ff_dropout': 0.1, 'ff_expansion': 4, 'mpu_share': True, 'modality_share': True, 'layer_share': True, 'attn_act_fn': 'tanh', 'gmc_tokens_pred_dim': 128, 'text_pred_dim': 256, 'audio_pred_dim': 8, 'video_pred_dim': 16, 'recon_loss': 'SmoothL1Loss', 'loss_attra_weight': 1, 'loss_recon_weight': 1, 'post_fusion_dim': 256, 'post_fusion_dropout': 0.3, 'H': 3.0, 'cur_time': 3, 'model_save_path': 'results/mosi/emt-dlfr/run_once/models/emt-dlfr-mosi-regression-mr0.4-11111.pth', 'device': device(type='cuda', index=1), 'tasks': 'M'}>",<max/seed>,"(73.47, 111)","(73.54, 111)","(73.78, 111)","(73.93, 111)","(37.32, 111)","(32.51, 111)","(112.96, 11111)","(55.5, 111)","(140.48, 11111)","(113.85, 11111)"
2026-01-22_16-21-42,emt-dlfr,"<Storage{'need_task_scheduling': False, 'is_tune': False, 'train_mode': 'regression', 'modelName': 'emt-dlfr', 'datasetName': 'mosi', 'num_workers': 4, 'model_save_dir': 'results/mosi/emt-dlfr/run_once/models', 'res_save_dir': 'results/mosi/emt-dlfr/run_once/results', 'gpu_ids': ['1'], 'missing_rates': array([0. , 0.1, 0.2, 0.3, 0.4, 0.5, 0.6, 0.7, 0.8, 0.9, 1. ]), 'seed': 11111, 'num_seeds': 3, 'exp_name': 'moe-uncertainty', 'diff_missing': None, 'KeyEval': 'Loss', 'save_model': True, 'use_normalized_data': False, 'seeds': [111, 1111, 11111], 'missing_rate': (0.4, 0.4, 0.4), 'dataPath': '/mnt/HDD2/teng/Master-23/sjc/work2/EMT-DLFR-master-based/MMSA/Datasets/MOSI/Processed/unaligned_50.pkl', 'seq_lens': (50, 375, 500), 'feature_dims': (768, 5, 20), 'train_samples': 1284, 'num_classes': 3, 'language': 'en', 'missing_seed': (111, 1111, 11111), 'data_missing': True, 'deal_missing': False, 'need_data_aligned': False, 'need_model_aligned': False, 'need_normalized': False, 'use_bert': True, 'use_finetune': True, 'save_labels': False, 'early_stop': 8, 'update_epochs': 4, 'batch_size': 32, 'learning_rate_bert': 5e-05, 'learning_rate_audio': 0.001, 'learning_rate_video': 0.0001, 'learning_rate_other': 0.001, 'weight_decay_bert': 0.001, 'weight_decay_audio': 0.01, 'weight_decay_video': 0.001, 'weight_decay_other': 0.001, 'a_lstm_hidden_size': 32, 'v_lstm_hidden_size': 64, 'a_lstm_layers': 1, 'v_lstm_layers': 1, 'text_out': 768, 'audio_out': 16, 'video_out': 32, 'a_lstm_dropout': 0.0, 'v_lstm_dropout': 0.0, 't_bert_dropout': 0.1, 'd_model': 128, 'fusion_layers': 4, 'heads': 4, 'learnable_pos_emb': False, 'emb_dropout': 0.0, 'attn_dropout': 0.3, 'ff_dropout': 0.1, 'ff_expansion': 4, 'mpu_share': True, 'modality_share': True, 'layer_share': True, 'attn_act_fn': 'tanh', 'gmc_tokens_pred_dim': 128, 'text_pred_dim': 256, 'audio_pred_dim': 8, 'video_pred_dim': 16, 'recon_loss': 'SmoothL1Loss', 'loss_attra_weight': 1, 'loss_recon_weight': 1, 'post_fusion_dim': 256, 'post_fusion_dropout': 0.3, 'H': 3.0, 'cur_time': 3, 'model_save_path': 'results/mosi/emt-dlfr/run_once/models/emt-dlfr-mosi-regression-mr0.4-11111.pth', 'device': device(type='cuda', index=1), 'tasks': 'M'}>",<min/seed>,"(71.87, 1111)","(71.91, 1111)","(72.41, 1111)","(72.53, 1111)","(32.8, 11111)","(29.59, 11111)","(104.18, 111)","(53.4, 11111)","(130.51, 111)","(103.54, 111)"
2026-01-23_01-49-22,emt-dlfr,"<Storage{'need_task_scheduling': False, 'is_tune': False, 'train_mode': 'regression', 'modelName': 'emt-dlfr', 'datasetName': 'mosi', 'num_workers': 4, 'model_save_dir': 'results/mosi/emt-dlfr/run_once/models', 'res_save_dir': 'results/mosi/emt-dlfr/run_once/results', 'gpu_ids': ['1'], 'missing_rates': array([0. , 0.1, 0.2, 0.3, 0.4, 0.5, 0.6, 0.7, 0.8, 0.9, 1. ]), 'seed': 11111, 'num_seeds': 3, 'exp_name': 'moe-uncertainty', 'diff_missing': None, 'KeyEval': 'Loss', 'save_model': True, 'use_normalized_data': False, 'seeds': [111, 1111, 11111], 'missing_rate': (0.4, 0.4, 0.4), 'dataPath': '/mnt/HDD2/teng/Master-23/sjc/work2/EMT-DLFR-master-based/MMSA/Datasets/MOSI/Processed/unaligned_50.pkl', 'seq_lens': (50, 375, 500), 'feature_dims': (768, 5, 20), 'train_samples': 1284, 'num_classes': 3, 'language': 'en', 'missing_seed': (111, 1111, 11111), 'data_missing': True, 'deal_missing': False, 'need_data_aligned': False, 'need_model_aligned': False, 'need_normalized': False, 'use_bert': True, 'use_finetune': True, 'save_labels': False, 'early_stop': 8, 'update_epochs': 4, 'batch_size': 32, 'learning_rate_bert': 5e-05, 'learning_rate_audio': 0.001, 'learning_rate_video': 0.0001, 'learning_rate_other': 0.001, 'weight_decay_bert': 0.001, 'weight_decay_audio': 0.01, 'weight_decay_video': 0.001, 'weight_decay_other': 0.001, 'a_lstm_hidden_size': 32, 'v_lstm_hidden_size': 64, 'a_lstm_layers': 1, 'v_lstm_layers': 1, 'text_out': 768, 'audio_out': 16, 'video_out': 32, 'a_lstm_dropout': 0.0, 'v_lstm_dropout': 0.0, 't_bert_dropout': 0.1, 'd_model': 128, 'fusion_layers': 2, 'heads': 4, 'learnable_pos_emb': False, 'emb_dropout': 0.0, 'attn_dropout': 0.3, 'ff_dropout': 0.1, 'ff_expansion': 4, 'mpu_share': True, 'modality_share': True, 'layer_share': True, 'attn_act_fn': 'tanh', 'gmc_tokens_pred_dim': 128, 'text_pred_dim': 256, 'audio_pred_dim': 8, 'video_pred_dim': 16, 'recon_loss': 'SmoothL1Loss', 'loss_attra_weight': 1, 'loss_recon_weight': 1, 'post_fusion_dim': 256, 'post_fusion_dropout': 0.3, 'H': 3.0, 'cur_time': 3, 'model_save_path': 'results/mosi/emt-dlfr/run_once/models/emt-dlfr-mosi-regression-mr0.4-11111.pth', 'device': device(type='cuda', index=1), 'tasks': 'M'}>",111,70.85,70.92,71.34,71.52,38.63,34.26,105.15,55.81,130.6,104.5
2026-01-23_01-49-22,emt-dlfr,"<Storage{'need_task_scheduling': False, 'is_tune': False, 'train_mode': 'regression', 'modelName': 'emt-dlfr', 'datasetName': 'mosi', 'num_workers': 4, 'model_save_dir': 'results/mosi/emt-dlfr/run_once/models', 'res_save_dir': 'results/mosi/emt-dlfr/run_once/results', 'gpu_ids': ['1'], 'missing_rates': array([0. , 0.1, 0.2, 0.3, 0.4, 0.5, 0.6, 0.7, 0.8, 0.9, 1. ]), 'seed': 11111, 'num_seeds': 3, 'exp_name': 'moe-uncertainty', 'diff_missing': None, 'KeyEval': 'Loss', 'save_model': True, 'use_normalized_data': False, 'seeds': [111, 1111, 11111], 'missing_rate': (0.4, 0.4, 0.4), 'dataPath': '/mnt/HDD2/teng/Master-23/sjc/work2/EMT-DLFR-master-based/MMSA/Datasets/MOSI/Processed/unaligned_50.pkl', 'seq_lens': (50, 375, 500), 'feature_dims': (768, 5, 20), 'train_samples': 1284, 'num_classes': 3, 'language': 'en', 'missing_seed': (111, 1111, 11111), 'data_missing': True, 'deal_missing': False, 'need_data_aligned': False, 'need_model_aligned': False, 'need_normalized': False, 'use_bert': True, 'use_finetune': True, 'save_labels': False, 'early_stop': 8, 'update_epochs': 4, 'batch_size': 32, 'learning_rate_bert': 5e-05, 'learning_rate_audio': 0.001, 'learning_rate_video': 0.0001, 'learning_rate_other': 0.001, 'weight_decay_bert': 0.001, 'weight_decay_audio': 0.01, 'weight_decay_video': 0.001, 'weight_decay_other': 0.001, 'a_lstm_hidden_size': 32, 'v_lstm_hidden_size': 64, 'a_lstm_layers': 1, 'v_lstm_layers': 1, 'text_out': 768, 'audio_out': 16, 'video_out': 32, 'a_lstm_dropout': 0.0, 'v_lstm_dropout': 0.0, 't_bert_dropout': 0.1, 'd_model': 128, 'fusion_layers': 2, 'heads': 4, 'learnable_pos_emb': False, 'emb_dropout': 0.0, 'attn_dropout': 0.3, 'ff_dropout': 0.1, 'ff_expansion': 4, 'mpu_share': True, 'modality_share': True, 'layer_share': True, 'attn_act_fn': 'tanh', 'gmc_tokens_pred_dim': 128, 'text_pred_dim': 256, 'audio_pred_dim': 8, 'video_pred_dim': 16, 'recon_loss': 'SmoothL1Loss', 'loss_attra_weight': 1, 'loss_recon_weight': 1, 'post_fusion_dim': 256, 'post_fusion_dropout': 0.3, 'H': 3.0, 'cur_time': 3, 'model_save_path': 'results/mosi/emt-dlfr/run_once/models/emt-dlfr-mosi-regression-mr0.4-11111.pth', 'device': device(type='cuda', index=1), 'tasks': 'M'}>",1111,71.28,71.33,72.26,72.39,36.15,32.07,106.36,53.17,132.82,106.06
2026-01-23_01-49-22,emt-dlfr,"<Storage{'need_task_scheduling': False, 'is_tune': False, 'train_mode': 'regression', 'modelName': 'emt-dlfr', 'datasetName': 'mosi', 'num_workers': 4, 'model_save_dir': 'results/mosi/emt-dlfr/run_once/models', 'res_save_dir': 'results/mosi/emt-dlfr/run_once/results', 'gpu_ids': ['1'], 'missing_rates': array([0. , 0.1, 0.2, 0.3, 0.4, 0.5, 0.6, 0.7, 0.8, 0.9, 1. ]), 'seed': 11111, 'num_seeds': 3, 'exp_name': 'moe-uncertainty', 'diff_missing': None, 'KeyEval': 'Loss', 'save_model': True, 'use_normalized_data': False, 'seeds': [111, 1111, 11111], 'missing_rate': (0.4, 0.4, 0.4), 'dataPath': '/mnt/HDD2/teng/Master-23/sjc/work2/EMT-DLFR-master-based/MMSA/Datasets/MOSI/Processed/unaligned_50.pkl', 'seq_lens': (50, 375, 500), 'feature_dims': (768, 5, 20), 'train_samples': 1284, 'num_classes': 3, 'language': 'en', 'missing_seed': (111, 1111, 11111), 'data_missing': True, 'deal_missing': False, 'need_data_aligned': False, 'need_model_aligned': False, 'need_normalized': False, 'use_bert': True, 'use_finetune': True, 'save_labels': False, 'early_stop': 8, 'update_epochs': 4, 'batch_size': 32, 'learning_rate_bert': 5e-05, 'learning_rate_audio': 0.001, 'learning_rate_video': 0.0001, 'learning_rate_other': 0.001, 'weight_decay_bert': 0.001, 'weight_decay_audio': 0.01, 'weight_decay_video': 0.001, 'weight_decay_other': 0.001, 'a_lstm_hidden_size': 32, 'v_lstm_hidden_size': 64, 'a_lstm_layers': 1, 'v_lstm_layers': 1, 'text_out': 768, 'audio_out': 16, 'video_out': 32, 'a_lstm_dropout': 0.0, 'v_lstm_dropout': 0.0, 't_bert_dropout': 0.1, 'd_model': 128, 'fusion_layers': 2, 'heads': 4, 'learnable_pos_emb': False, 'emb_dropout': 0.0, 'attn_dropout': 0.3, 'ff_dropout': 0.1, 'ff_expansion': 4, 'mpu_share': True, 'modality_share': True, 'layer_share': True, 'attn_act_fn': 'tanh', 'gmc_tokens_pred_dim': 128, 'text_pred_dim': 256, 'audio_pred_dim': 8, 'video_pred_dim': 16, 'recon_loss': 'SmoothL1Loss', 'loss_attra_weight': 1, 'loss_recon_weight': 1, 'post_fusion_dim': 256, 'post_fusion_dropout': 0.3, 'H': 3.0, 'cur_time': 3, 'model_save_path': 'results/mosi/emt-dlfr/run_once/models/emt-dlfr-mosi-regression-mr0.4-11111.pth', 'device': device(type='cuda', index=1), 'tasks': 'M'}>",11111,72.01,72.08,73.02,73.18,38.05,33.38,104.89,55.87,129.65,103.59
2026-01-23_01-49-22,emt-dlfr,"<Storage{'need_task_scheduling': False, 'is_tune': False, 'train_mode': 'regression', 'modelName': 'emt-dlfr', 'datasetName': 'mosi', 'num_workers': 4, 'model_save_dir': 'results/mosi/emt-dlfr/run_once/models', 'res_save_dir': 'results/mosi/emt-dlfr/run_once/results', 'gpu_ids': ['1'], 'missing_rates': array([0. , 0.1, 0.2, 0.3, 0.4, 0.5, 0.6, 0.7, 0.8, 0.9, 1. ]), 'seed': 11111, 'num_seeds': 3, 'exp_name': 'moe-uncertainty', 'diff_missing': None, 'KeyEval': 'Loss', 'save_model': True, 'use_normalized_data': False, 'seeds': [111, 1111, 11111], 'missing_rate': (0.4, 0.4, 0.4), 'dataPath': '/mnt/HDD2/teng/Master-23/sjc/work2/EMT-DLFR-master-based/MMSA/Datasets/MOSI/Processed/unaligned_50.pkl', 'seq_lens': (50, 375, 500), 'feature_dims': (768, 5, 20), 'train_samples': 1284, 'num_classes': 3, 'language': 'en', 'missing_seed': (111, 1111, 11111), 'data_missing': True, 'deal_missing': False, 'need_data_aligned': False, 'need_model_aligned': False, 'need_normalized': False, 'use_bert': True, 'use_finetune': True, 'save_labels': False, 'early_stop': 8, 'update_epochs': 4, 'batch_size': 32, 'learning_rate_bert': 5e-05, 'learning_rate_audio': 0.001, 'learning_rate_video': 0.0001, 'learning_rate_other': 0.001, 'weight_decay_bert': 0.001, 'weight_decay_audio': 0.01, 'weight_decay_video': 0.001, 'weight_decay_other': 0.001, 'a_lstm_hidden_size': 32, 'v_lstm_hidden_size': 64, 'a_lstm_layers': 1, 'v_lstm_layers': 1, 'text_out': 768, 'audio_out': 16, 'video_out': 32, 'a_lstm_dropout': 0.0, 'v_lstm_dropout': 0.0, 't_bert_dropout': 0.1, 'd_model': 128, 'fusion_layers': 2, 'heads': 4, 'learnable_pos_emb': False, 'emb_dropout': 0.0, 'attn_dropout': 0.3, 'ff_dropout': 0.1, 'ff_expansion': 4, 'mpu_share': True, 'modality_share': True, 'layer_share': True, 'attn_act_fn': 'tanh', 'gmc_tokens_pred_dim': 128, 'text_pred_dim': 256, 'audio_pred_dim': 8, 'video_pred_dim': 16, 'recon_loss': 'SmoothL1Loss', 'loss_attra_weight': 1, 'loss_recon_weight': 1, 'post_fusion_dim': 256, 'post_fusion_dropout': 0.3, 'H': 3.0, 'cur_time': 3, 'model_save_path': 'results/mosi/emt-dlfr/run_once/models/emt-dlfr-mosi-regression-mr0.4-11111.pth', 'device': device(type='cuda', index=1), 'tasks': 'M'}>",<mean/std>,"(71.38, 0.48)","(71.44, 0.48)","(72.21, 0.69)","(72.36, 0.68)","(37.61, 1.06)","(33.24, 0.9)","(105.47, 0.64)","(54.95, 1.26)","(131.02, 1.33)","(104.72, 1.02)"
2026-01-23_01-49-22,emt-dlfr,"<Storage{'need_task_scheduling': False, 'is_tune': False, 'train_mode': 'regression', 'modelName': 'emt-dlfr', 'datasetName': 'mosi', 'num_workers': 4, 'model_save_dir': 'results/mosi/emt-dlfr/run_once/models', 'res_save_dir': 'results/mosi/emt-dlfr/run_once/results', 'gpu_ids': ['1'], 'missing_rates': array([0. , 0.1, 0.2, 0.3, 0.4, 0.5, 0.6, 0.7, 0.8, 0.9, 1. ]), 'seed': 11111, 'num_seeds': 3, 'exp_name': 'moe-uncertainty', 'diff_missing': None, 'KeyEval': 'Loss', 'save_model': True, 'use_normalized_data': False, 'seeds': [111, 1111, 11111], 'missing_rate': (0.4, 0.4, 0.4), 'dataPath': '/mnt/HDD2/teng/Master-23/sjc/work2/EMT-DLFR-master-based/MMSA/Datasets/MOSI/Processed/unaligned_50.pkl', 'seq_lens': (50, 375, 500), 'feature_dims': (768, 5, 20), 'train_samples': 1284, 'num_classes': 3, 'language': 'en', 'missing_seed': (111, 1111, 11111), 'data_missing': True, 'deal_missing': False, 'need_data_aligned': False, 'need_model_aligned': False, 'need_normalized': False, 'use_bert': True, 'use_finetune': True, 'save_labels': False, 'early_stop': 8, 'update_epochs': 4, 'batch_size': 32, 'learning_rate_bert': 5e-05, 'learning_rate_audio': 0.001, 'learning_rate_video': 0.0001, 'learning_rate_other': 0.001, 'weight_decay_bert': 0.001, 'weight_decay_audio': 0.01, 'weight_decay_video': 0.001, 'weight_decay_other': 0.001, 'a_lstm_hidden_size': 32, 'v_lstm_hidden_size': 64, 'a_lstm_layers': 1, 'v_lstm_layers': 1, 'text_out': 768, 'audio_out': 16, 'video_out': 32, 'a_lstm_dropout': 0.0, 'v_lstm_dropout': 0.0, 't_bert_dropout': 0.1, 'd_model': 128, 'fusion_layers': 2, 'heads': 4, 'learnable_pos_emb': False, 'emb_dropout': 0.0, 'attn_dropout': 0.3, 'ff_dropout': 0.1, 'ff_expansion': 4, 'mpu_share': True, 'modality_share': True, 'layer_share': True, 'attn_act_fn': 'tanh', 'gmc_tokens_pred_dim': 128, 'text_pred_dim': 256, 'audio_pred_dim': 8, 'video_pred_dim': 16, 'recon_loss': 'SmoothL1Loss', 'loss_attra_weight': 1, 'loss_recon_weight': 1, 'post_fusion_dim': 256, 'post_fusion_dropout': 0.3, 'H': 3.0, 'cur_time': 3, 'model_save_path': 'results/mosi/emt-dlfr/run_once/models/emt-dlfr-mosi-regression-mr0.4-11111.pth', 'device': device(type='cuda', index=1), 'tasks': 'M'}>",<max/seed>,"(72.01, 11111)","(72.08, 11111)","(73.02, 11111)","(73.18, 11111)","(38.63, 111)","(34.26, 111)","(106.36, 1111)","(55.87, 11111)","(132.82, 1111)","(106.06, 1111)"
2026-01-23_01-49-22,emt-dlfr,"<Storage{'need_task_scheduling': False, 'is_tune': False, 'train_mode': 'regression', 'modelName': 'emt-dlfr', 'datasetName': 'mosi', 'num_workers': 4, 'model_save_dir': 'results/mosi/emt-dlfr/run_once/models', 'res_save_dir': 'results/mosi/emt-dlfr/run_once/results', 'gpu_ids': ['1'], 'missing_rates': array([0. , 0.1, 0.2, 0.3, 0.4, 0.5, 0.6, 0.7, 0.8, 0.9, 1. ]), 'seed': 11111, 'num_seeds': 3, 'exp_name': 'moe-uncertainty', 'diff_missing': None, 'KeyEval': 'Loss', 'save_model': True, 'use_normalized_data': False, 'seeds': [111, 1111, 11111], 'missing_rate': (0.4, 0.4, 0.4), 'dataPath': '/mnt/HDD2/teng/Master-23/sjc/work2/EMT-DLFR-master-based/MMSA/Datasets/MOSI/Processed/unaligned_50.pkl', 'seq_lens': (50, 375, 500), 'feature_dims': (768, 5, 20), 'train_samples': 1284, 'num_classes': 3, 'language': 'en', 'missing_seed': (111, 1111, 11111), 'data_missing': True, 'deal_missing': False, 'need_data_aligned': False, 'need_model_aligned': False, 'need_normalized': False, 'use_bert': True, 'use_finetune': True, 'save_labels': False, 'early_stop': 8, 'update_epochs': 4, 'batch_size': 32, 'learning_rate_bert': 5e-05, 'learning_rate_audio': 0.001, 'learning_rate_video': 0.0001, 'learning_rate_other': 0.001, 'weight_decay_bert': 0.001, 'weight_decay_audio': 0.01, 'weight_decay_video': 0.001, 'weight_decay_other': 0.001, 'a_lstm_hidden_size': 32, 'v_lstm_hidden_size': 64, 'a_lstm_layers': 1, 'v_lstm_layers': 1, 'text_out': 768, 'audio_out': 16, 'video_out': 32, 'a_lstm_dropout': 0.0, 'v_lstm_dropout': 0.0, 't_bert_dropout': 0.1, 'd_model': 128, 'fusion_layers': 2, 'heads': 4, 'learnable_pos_emb': False, 'emb_dropout': 0.0, 'attn_dropout': 0.3, 'ff_dropout': 0.1, 'ff_expansion': 4, 'mpu_share': True, 'modality_share': True, 'layer_share': True, 'attn_act_fn': 'tanh', 'gmc_tokens_pred_dim': 128, 'text_pred_dim': 256, 'audio_pred_dim': 8, 'video_pred_dim': 16, 'recon_loss': 'SmoothL1Loss', 'loss_attra_weight': 1, 'loss_recon_weight': 1, 'post_fusion_dim': 256, 'post_fusion_dropout': 0.3, 'H': 3.0, 'cur_time': 3, 'model_save_path': 'results/mosi/emt-dlfr/run_once/models/emt-dlfr-mosi-regression-mr0.4-11111.pth', 'device': device(type='cuda', index=1), 'tasks': 'M'}>",<min/seed>,"(70.85, 111)","(70.92, 111)","(71.34, 111)","(71.52, 111)","(36.15, 1111)","(32.07, 1111)","(104.89, 11111)","(53.17, 1111)","(129.65, 11111)","(103.59, 11111)"
2026-01-23_04-11-29,emt-dlfr,"<Storage{'need_task_scheduling': False, 'is_tune': False, 'train_mode': 'regression', 'modelName': 'emt-dlfr', 'datasetName': 'mosi', 'num_workers': 4, 'model_save_dir': 'results/mosi/emt-dlfr/run_once/models', 'res_save_dir': 'results/mosi/emt-dlfr/run_once/results', 'gpu_ids': ['1'], 'missing_rates': array([0. , 0.1, 0.2, 0.3, 0.4, 0.5, 0.6, 0.7, 0.8, 0.9, 1. ]), 'seed': 11111, 'num_seeds': 3, 'exp_name': 'moe-uncertainty', 'diff_missing': None, 'KeyEval': 'Loss', 'save_model': True, 'use_normalized_data': False, 'seeds': [111, 1111, 11111], 'missing_rate': (0.4, 0.4, 0.4), 'dataPath': '/mnt/HDD2/teng/Master-23/sjc/work2/EMT-DLFR-master-based/MMSA/Datasets/MOSI/Processed/unaligned_50.pkl', 'seq_lens': (50, 375, 500), 'feature_dims': (768, 5, 20), 'train_samples': 1284, 'num_classes': 3, 'language': 'en', 'missing_seed': (111, 1111, 11111), 'data_missing': True, 'deal_missing': False, 'need_data_aligned': False, 'need_model_aligned': False, 'need_normalized': False, 'use_bert': True, 'use_finetune': True, 'save_labels': False, 'early_stop': 8, 'update_epochs': 4, 'batch_size': 32, 'learning_rate_bert': 5e-05, 'learning_rate_audio': 0.001, 'learning_rate_video': 0.0001, 'learning_rate_other': 0.001, 'weight_decay_bert': 0.001, 'weight_decay_audio': 0.01, 'weight_decay_video': 0.001, 'weight_decay_other': 0.001, 'a_lstm_hidden_size': 32, 'v_lstm_hidden_size': 64, 'a_lstm_layers': 1, 'v_lstm_layers': 1, 'text_out': 768, 'audio_out': 16, 'video_out': 32, 'a_lstm_dropout': 0.0, 'v_lstm_dropout': 0.0, 't_bert_dropout': 0.1, 'd_model': 128, 'fusion_layers': 1, 'heads': 4, 'learnable_pos_emb': False, 'emb_dropout': 0.0, 'attn_dropout': 0.3, 'ff_dropout': 0.1, 'ff_expansion': 4, 'mpu_share': True, 'modality_share': True, 'layer_share': True, 'attn_act_fn': 'tanh', 'gmc_tokens_pred_dim': 128, 'text_pred_dim': 256, 'audio_pred_dim': 8, 'video_pred_dim': 16, 'recon_loss': 'SmoothL1Loss', 'loss_attra_weight': 1, 'loss_recon_weight': 1, 'post_fusion_dim': 256, 'post_fusion_dropout': 0.3, 'H': 3.0, 'cur_time': 3, 'model_save_path': 'results/mosi/emt-dlfr/run_once/models/emt-dlfr-mosi-regression-mr0.4-11111.pth', 'device': device(type='cuda', index=1), 'tasks': 'M'}>",111,72.59,72.5,73.48,73.45,42.13,36.59,101.96,57.15,127.53,101.51
2026-01-23_04-11-29,emt-dlfr,"<Storage{'need_task_scheduling': False, 'is_tune': False, 'train_mode': 'regression', 'modelName': 'emt-dlfr', 'datasetName': 'mosi', 'num_workers': 4, 'model_save_dir': 'results/mosi/emt-dlfr/run_once/models', 'res_save_dir': 'results/mosi/emt-dlfr/run_once/results', 'gpu_ids': ['1'], 'missing_rates': array([0. , 0.1, 0.2, 0.3, 0.4, 0.5, 0.6, 0.7, 0.8, 0.9, 1. ]), 'seed': 11111, 'num_seeds': 3, 'exp_name': 'moe-uncertainty', 'diff_missing': None, 'KeyEval': 'Loss', 'save_model': True, 'use_normalized_data': False, 'seeds': [111, 1111, 11111], 'missing_rate': (0.4, 0.4, 0.4), 'dataPath': '/mnt/HDD2/teng/Master-23/sjc/work2/EMT-DLFR-master-based/MMSA/Datasets/MOSI/Processed/unaligned_50.pkl', 'seq_lens': (50, 375, 500), 'feature_dims': (768, 5, 20), 'train_samples': 1284, 'num_classes': 3, 'language': 'en', 'missing_seed': (111, 1111, 11111), 'data_missing': True, 'deal_missing': False, 'need_data_aligned': False, 'need_model_aligned': False, 'need_normalized': False, 'use_bert': True, 'use_finetune': True, 'save_labels': False, 'early_stop': 8, 'update_epochs': 4, 'batch_size': 32, 'learning_rate_bert': 5e-05, 'learning_rate_audio': 0.001, 'learning_rate_video': 0.0001, 'learning_rate_other': 0.001, 'weight_decay_bert': 0.001, 'weight_decay_audio': 0.01, 'weight_decay_video': 0.001, 'weight_decay_other': 0.001, 'a_lstm_hidden_size': 32, 'v_lstm_hidden_size': 64, 'a_lstm_layers': 1, 'v_lstm_layers': 1, 'text_out': 768, 'audio_out': 16, 'video_out': 32, 'a_lstm_dropout': 0.0, 'v_lstm_dropout': 0.0, 't_bert_dropout': 0.1, 'd_model': 128, 'fusion_layers': 1, 'heads': 4, 'learnable_pos_emb': False, 'emb_dropout': 0.0, 'attn_dropout': 0.3, 'ff_dropout': 0.1, 'ff_expansion': 4, 'mpu_share': True, 'modality_share': True, 'layer_share': True, 'attn_act_fn': 'tanh', 'gmc_tokens_pred_dim': 128, 'text_pred_dim': 256, 'audio_pred_dim': 8, 'video_pred_dim': 16, 'recon_loss': 'SmoothL1Loss', 'loss_attra_weight': 1, 'loss_recon_weight': 1, 'post_fusion_dim': 256, 'post_fusion_dropout': 0.3, 'H': 3.0, 'cur_time': 3, 'model_save_path': 'results/mosi/emt-dlfr/run_once/models/emt-dlfr-mosi-regression-mr0.4-11111.pth', 'device': device(type='cuda', index=1), 'tasks': 'M'}>",1111,70.7,70.7,71.04,71.14,34.99,31.49,111.33,54.77,137.93,111.68
2026-01-23_04-11-29,emt-dlfr,"<Storage{'need_task_scheduling': False, 'is_tune': False, 'train_mode': 'regression', 'modelName': 'emt-dlfr', 'datasetName': 'mosi', 'num_workers': 4, 'model_save_dir': 'results/mosi/emt-dlfr/run_once/models', 'res_save_dir': 'results/mosi/emt-dlfr/run_once/results', 'gpu_ids': ['1'], 'missing_rates': array([0. , 0.1, 0.2, 0.3, 0.4, 0.5, 0.6, 0.7, 0.8, 0.9, 1. ]), 'seed': 11111, 'num_seeds': 3, 'exp_name': 'moe-uncertainty', 'diff_missing': None, 'KeyEval': 'Loss', 'save_model': True, 'use_normalized_data': False, 'seeds': [111, 1111, 11111], 'missing_rate': (0.4, 0.4, 0.4), 'dataPath': '/mnt/HDD2/teng/Master-23/sjc/work2/EMT-DLFR-master-based/MMSA/Datasets/MOSI/Processed/unaligned_50.pkl', 'seq_lens': (50, 375, 500), 'feature_dims': (768, 5, 20), 'train_samples': 1284, 'num_classes': 3, 'language': 'en', 'missing_seed': (111, 1111, 11111), 'data_missing': True, 'deal_missing': False, 'need_data_aligned': False, 'need_model_aligned': False, 'need_normalized': False, 'use_bert': True, 'use_finetune': True, 'save_labels': False, 'early_stop': 8, 'update_epochs': 4, 'batch_size': 32, 'learning_rate_bert': 5e-05, 'learning_rate_audio': 0.001, 'learning_rate_video': 0.0001, 'learning_rate_other': 0.001, 'weight_decay_bert': 0.001, 'weight_decay_audio': 0.01, 'weight_decay_video': 0.001, 'weight_decay_other': 0.001, 'a_lstm_hidden_size': 32, 'v_lstm_hidden_size': 64, 'a_lstm_layers': 1, 'v_lstm_layers': 1, 'text_out': 768, 'audio_out': 16, 'video_out': 32, 'a_lstm_dropout': 0.0, 'v_lstm_dropout': 0.0, 't_bert_dropout': 0.1, 'd_model': 128, 'fusion_layers': 1, 'heads': 4, 'learnable_pos_emb': False, 'emb_dropout': 0.0, 'attn_dropout': 0.3, 'ff_dropout': 0.1, 'ff_expansion': 4, 'mpu_share': True, 'modality_share': True, 'layer_share': True, 'attn_act_fn': 'tanh', 'gmc_tokens_pred_dim': 128, 'text_pred_dim': 256, 'audio_pred_dim': 8, 'video_pred_dim': 16, 'recon_loss': 'SmoothL1Loss', 'loss_attra_weight': 1, 'loss_recon_weight': 1, 'post_fusion_dim': 256, 'post_fusion_dropout': 0.3, 'H': 3.0, 'cur_time': 3, 'model_save_path': 'results/mosi/emt-dlfr/run_once/models/emt-dlfr-mosi-regression-mr0.4-11111.pth', 'device': device(type='cuda', index=1), 'tasks': 'M'}>",11111,71.87,71.92,72.41,72.54,33.09,29.88,107.0,55.17,131.96,106.86
2026-01-23_04-11-29,emt-dlfr,"<Storage{'need_task_scheduling': False, 'is_tune': False, 'train_mode': 'regression', 'modelName': 'emt-dlfr', 'datasetName': 'mosi', 'num_workers': 4, 'model_save_dir': 'results/mosi/emt-dlfr/run_once/models', 'res_save_dir': 'results/mosi/emt-dlfr/run_once/results', 'gpu_ids': ['1'], 'missing_rates': array([0. , 0.1, 0.2, 0.3, 0.4, 0.5, 0.6, 0.7, 0.8, 0.9, 1. ]), 'seed': 11111, 'num_seeds': 3, 'exp_name': 'moe-uncertainty', 'diff_missing': None, 'KeyEval': 'Loss', 'save_model': True, 'use_normalized_data': False, 'seeds': [111, 1111, 11111], 'missing_rate': (0.4, 0.4, 0.4), 'dataPath': '/mnt/HDD2/teng/Master-23/sjc/work2/EMT-DLFR-master-based/MMSA/Datasets/MOSI/Processed/unaligned_50.pkl', 'seq_lens': (50, 375, 500), 'feature_dims': (768, 5, 20), 'train_samples': 1284, 'num_classes': 3, 'language': 'en', 'missing_seed': (111, 1111, 11111), 'data_missing': True, 'deal_missing': False, 'need_data_aligned': False, 'need_model_aligned': False, 'need_normalized': False, 'use_bert': True, 'use_finetune': True, 'save_labels': False, 'early_stop': 8, 'update_epochs': 4, 'batch_size': 32, 'learning_rate_bert': 5e-05, 'learning_rate_audio': 0.001, 'learning_rate_video': 0.0001, 'learning_rate_other': 0.001, 'weight_decay_bert': 0.001, 'weight_decay_audio': 0.01, 'weight_decay_video': 0.001, 'weight_decay_other': 0.001, 'a_lstm_hidden_size': 32, 'v_lstm_hidden_size': 64, 'a_lstm_layers': 1, 'v_lstm_layers': 1, 'text_out': 768, 'audio_out': 16, 'video_out': 32, 'a_lstm_dropout': 0.0, 'v_lstm_dropout': 0.0, 't_bert_dropout': 0.1, 'd_model': 128, 'fusion_layers': 1, 'heads': 4, 'learnable_pos_emb': False, 'emb_dropout': 0.0, 'attn_dropout': 0.3, 'ff_dropout': 0.1, 'ff_expansion': 4, 'mpu_share': True, 'modality_share': True, 'layer_share': True, 'attn_act_fn': 'tanh', 'gmc_tokens_pred_dim': 128, 'text_pred_dim': 256, 'audio_pred_dim': 8, 'video_pred_dim': 16, 'recon_loss': 'SmoothL1Loss', 'loss_attra_weight': 1, 'loss_recon_weight': 1, 'post_fusion_dim': 256, 'post_fusion_dropout': 0.3, 'H': 3.0, 'cur_time': 3, 'model_save_path': 'results/mosi/emt-dlfr/run_once/models/emt-dlfr-mosi-regression-mr0.4-11111.pth', 'device': device(type='cuda', index=1), 'tasks': 'M'}>",<mean/std>,"(71.72, 0.78)","(71.71, 0.75)","(72.31, 1.0)","(72.38, 0.95)","(36.74, 3.89)","(32.65, 2.86)","(106.76, 3.83)","(55.7, 1.04)","(132.47, 4.26)","(106.68, 4.16)"
2026-01-23_04-11-29,emt-dlfr,"<Storage{'need_task_scheduling': False, 'is_tune': False, 'train_mode': 'regression', 'modelName': 'emt-dlfr', 'datasetName': 'mosi', 'num_workers': 4, 'model_save_dir': 'results/mosi/emt-dlfr/run_once/models', 'res_save_dir': 'results/mosi/emt-dlfr/run_once/results', 'gpu_ids': ['1'], 'missing_rates': array([0. , 0.1, 0.2, 0.3, 0.4, 0.5, 0.6, 0.7, 0.8, 0.9, 1. ]), 'seed': 11111, 'num_seeds': 3, 'exp_name': 'moe-uncertainty', 'diff_missing': None, 'KeyEval': 'Loss', 'save_model': True, 'use_normalized_data': False, 'seeds': [111, 1111, 11111], 'missing_rate': (0.4, 0.4, 0.4), 'dataPath': '/mnt/HDD2/teng/Master-23/sjc/work2/EMT-DLFR-master-based/MMSA/Datasets/MOSI/Processed/unaligned_50.pkl', 'seq_lens': (50, 375, 500), 'feature_dims': (768, 5, 20), 'train_samples': 1284, 'num_classes': 3, 'language': 'en', 'missing_seed': (111, 1111, 11111), 'data_missing': True, 'deal_missing': False, 'need_data_aligned': False, 'need_model_aligned': False, 'need_normalized': False, 'use_bert': True, 'use_finetune': True, 'save_labels': False, 'early_stop': 8, 'update_epochs': 4, 'batch_size': 32, 'learning_rate_bert': 5e-05, 'learning_rate_audio': 0.001, 'learning_rate_video': 0.0001, 'learning_rate_other': 0.001, 'weight_decay_bert': 0.001, 'weight_decay_audio': 0.01, 'weight_decay_video': 0.001, 'weight_decay_other': 0.001, 'a_lstm_hidden_size': 32, 'v_lstm_hidden_size': 64, 'a_lstm_layers': 1, 'v_lstm_layers': 1, 'text_out': 768, 'audio_out': 16, 'video_out': 32, 'a_lstm_dropout': 0.0, 'v_lstm_dropout': 0.0, 't_bert_dropout': 0.1, 'd_model': 128, 'fusion_layers': 1, 'heads': 4, 'learnable_pos_emb': False, 'emb_dropout': 0.0, 'attn_dropout': 0.3, 'ff_dropout': 0.1, 'ff_expansion': 4, 'mpu_share': True, 'modality_share': True, 'layer_share': True, 'attn_act_fn': 'tanh', 'gmc_tokens_pred_dim': 128, 'text_pred_dim': 256, 'audio_pred_dim': 8, 'video_pred_dim': 16, 'recon_loss': 'SmoothL1Loss', 'loss_attra_weight': 1, 'loss_recon_weight': 1, 'post_fusion_dim': 256, 'post_fusion_dropout': 0.3, 'H': 3.0, 'cur_time': 3, 'model_save_path': 'results/mosi/emt-dlfr/run_once/models/emt-dlfr-mosi-regression-mr0.4-11111.pth', 'device': device(type='cuda', index=1), 'tasks': 'M'}>",<max/seed>,"(72.59, 111)","(72.5, 111)","(73.48, 111)","(73.45, 111)","(42.13, 111)","(36.59, 111)","(111.33, 1111)","(57.15, 111)","(137.93, 1111)","(111.68, 1111)"
2026-01-23_04-11-29,emt-dlfr,"<Storage{'need_task_scheduling': False, 'is_tune': False, 'train_mode': 'regression', 'modelName': 'emt-dlfr', 'datasetName': 'mosi', 'num_workers': 4, 'model_save_dir': 'results/mosi/emt-dlfr/run_once/models', 'res_save_dir': 'results/mosi/emt-dlfr/run_once/results', 'gpu_ids': ['1'], 'missing_rates': array([0. , 0.1, 0.2, 0.3, 0.4, 0.5, 0.6, 0.7, 0.8, 0.9, 1. ]), 'seed': 11111, 'num_seeds': 3, 'exp_name': 'moe-uncertainty', 'diff_missing': None, 'KeyEval': 'Loss', 'save_model': True, 'use_normalized_data': False, 'seeds': [111, 1111, 11111], 'missing_rate': (0.4, 0.4, 0.4), 'dataPath': '/mnt/HDD2/teng/Master-23/sjc/work2/EMT-DLFR-master-based/MMSA/Datasets/MOSI/Processed/unaligned_50.pkl', 'seq_lens': (50, 375, 500), 'feature_dims': (768, 5, 20), 'train_samples': 1284, 'num_classes': 3, 'language': 'en', 'missing_seed': (111, 1111, 11111), 'data_missing': True, 'deal_missing': False, 'need_data_aligned': False, 'need_model_aligned': False, 'need_normalized': False, 'use_bert': True, 'use_finetune': True, 'save_labels': False, 'early_stop': 8, 'update_epochs': 4, 'batch_size': 32, 'learning_rate_bert': 5e-05, 'learning_rate_audio': 0.001, 'learning_rate_video': 0.0001, 'learning_rate_other': 0.001, 'weight_decay_bert': 0.001, 'weight_decay_audio': 0.01, 'weight_decay_video': 0.001, 'weight_decay_other': 0.001, 'a_lstm_hidden_size': 32, 'v_lstm_hidden_size': 64, 'a_lstm_layers': 1, 'v_lstm_layers': 1, 'text_out': 768, 'audio_out': 16, 'video_out': 32, 'a_lstm_dropout': 0.0, 'v_lstm_dropout': 0.0, 't_bert_dropout': 0.1, 'd_model': 128, 'fusion_layers': 1, 'heads': 4, 'learnable_pos_emb': False, 'emb_dropout': 0.0, 'attn_dropout': 0.3, 'ff_dropout': 0.1, 'ff_expansion': 4, 'mpu_share': True, 'modality_share': True, 'layer_share': True, 'attn_act_fn': 'tanh', 'gmc_tokens_pred_dim': 128, 'text_pred_dim': 256, 'audio_pred_dim': 8, 'video_pred_dim': 16, 'recon_loss': 'SmoothL1Loss', 'loss_attra_weight': 1, 'loss_recon_weight': 1, 'post_fusion_dim': 256, 'post_fusion_dropout': 0.3, 'H': 3.0, 'cur_time': 3, 'model_save_path': 'results/mosi/emt-dlfr/run_once/models/emt-dlfr-mosi-regression-mr0.4-11111.pth', 'device': device(type='cuda', index=1), 'tasks': 'M'}>",<min/seed>,"(70.7, 1111)","(70.7, 1111)","(71.04, 1111)","(71.14, 1111)","(33.09, 11111)","(29.88, 11111)","(101.96, 111)","(54.77, 1111)","(127.53, 111)","(101.51, 111)"
2026-01-23_07-29-43,emt-dlfr,"<Storage{'need_task_scheduling': False, 'is_tune': False, 'train_mode': 'regression', 'modelName': 'emt-dlfr', 'datasetName': 'mosi', 'num_workers': 4, 'model_save_dir': 'results/mosi/emt-dlfr/run_once/models', 'res_save_dir': 'results/mosi/emt-dlfr/run_once/results', 'gpu_ids': ['1'], 'missing_rates': array([0. , 0.1, 0.2, 0.3, 0.4, 0.5, 0.6, 0.7, 0.8, 0.9, 1. ]), 'seed': 11111, 'num_seeds': 3, 'exp_name': 'moe-uncertainty', 'diff_missing': None, 'KeyEval': 'Loss', 'save_model': True, 'use_normalized_data': False, 'seeds': [111, 1111, 11111], 'missing_rate': (0.4, 0.4, 0.4), 'dataPath': '/mnt/HDD2/teng/Master-23/sjc/work2/EMT-DLFR-master-based/MMSA/Datasets/MOSI/Processed/unaligned_50.pkl', 'seq_lens': (50, 375, 500), 'feature_dims': (768, 5, 20), 'train_samples': 1284, 'num_classes': 3, 'language': 'en', 'missing_seed': (111, 1111, 11111), 'data_missing': True, 'deal_missing': False, 'need_data_aligned': False, 'need_model_aligned': False, 'need_normalized': False, 'use_bert': True, 'use_finetune': True, 'save_labels': False, 'early_stop': 8, 'update_epochs': 4, 'batch_size': 32, 'learning_rate_bert': 0.0001, 'learning_rate_audio': 0.001, 'learning_rate_video': 0.0001, 'learning_rate_other': 0.001, 'weight_decay_bert': 0.001, 'weight_decay_audio': 0.01, 'weight_decay_video': 0.001, 'weight_decay_other': 0.001, 'a_lstm_hidden_size': 32, 'v_lstm_hidden_size': 64, 'a_lstm_layers': 1, 'v_lstm_layers': 1, 'text_out': 768, 'audio_out': 16, 'video_out': 32, 'a_lstm_dropout': 0.0, 'v_lstm_dropout': 0.0, 't_bert_dropout': 0.1, 'd_model': 128, 'fusion_layers': 3, 'heads': 4, 'learnable_pos_emb': False, 'emb_dropout': 0.0, 'attn_dropout': 0.3, 'ff_dropout': 0.1, 'ff_expansion': 4, 'mpu_share': True, 'modality_share': True, 'layer_share': True, 'attn_act_fn': 'tanh', 'gmc_tokens_pred_dim': 128, 'text_pred_dim': 256, 'audio_pred_dim': 8, 'video_pred_dim': 16, 'recon_loss': 'SmoothL1Loss', 'loss_attra_weight': 1, 'loss_recon_weight': 1, 'post_fusion_dim': 256, 'post_fusion_dropout': 0.3, 'H': 3.0, 'cur_time': 3, 'model_save_path': 'results/mosi/emt-dlfr/run_once/models/emt-dlfr-mosi-regression-mr0.4-11111.pth', 'device': device(type='cuda', index=1), 'tasks': 'M'}>",111,69.83,69.75,71.19,71.22,32.22,30.47,111.47,48.53,135.72,111.26
2026-01-23_07-29-43,emt-dlfr,"<Storage{'need_task_scheduling': False, 'is_tune': False, 'train_mode': 'regression', 'modelName': 'emt-dlfr', 'datasetName': 'mosi', 'num_workers': 4, 'model_save_dir': 'results/mosi/emt-dlfr/run_once/models', 'res_save_dir': 'results/mosi/emt-dlfr/run_once/results', 'gpu_ids': ['1'], 'missing_rates': array([0. , 0.1, 0.2, 0.3, 0.4, 0.5, 0.6, 0.7, 0.8, 0.9, 1. ]), 'seed': 11111, 'num_seeds': 3, 'exp_name': 'moe-uncertainty', 'diff_missing': None, 'KeyEval': 'Loss', 'save_model': True, 'use_normalized_data': False, 'seeds': [111, 1111, 11111], 'missing_rate': (0.4, 0.4, 0.4), 'dataPath': '/mnt/HDD2/teng/Master-23/sjc/work2/EMT-DLFR-master-based/MMSA/Datasets/MOSI/Processed/unaligned_50.pkl', 'seq_lens': (50, 375, 500), 'feature_dims': (768, 5, 20), 'train_samples': 1284, 'num_classes': 3, 'language': 'en', 'missing_seed': (111, 1111, 11111), 'data_missing': True, 'deal_missing': False, 'need_data_aligned': False, 'need_model_aligned': False, 'need_normalized': False, 'use_bert': True, 'use_finetune': True, 'save_labels': False, 'early_stop': 8, 'update_epochs': 4, 'batch_size': 32, 'learning_rate_bert': 0.0001, 'learning_rate_audio': 0.001, 'learning_rate_video': 0.0001, 'learning_rate_other': 0.001, 'weight_decay_bert': 0.001, 'weight_decay_audio': 0.01, 'weight_decay_video': 0.001, 'weight_decay_other': 0.001, 'a_lstm_hidden_size': 32, 'v_lstm_hidden_size': 64, 'a_lstm_layers': 1, 'v_lstm_layers': 1, 'text_out': 768, 'audio_out': 16, 'video_out': 32, 'a_lstm_dropout': 0.0, 'v_lstm_dropout': 0.0, 't_bert_dropout': 0.1, 'd_model': 128, 'fusion_layers': 3, 'heads': 4, 'learnable_pos_emb': False, 'emb_dropout': 0.0, 'attn_dropout': 0.3, 'ff_dropout': 0.1, 'ff_expansion': 4, 'mpu_share': True, 'modality_share': True, 'layer_share': True, 'attn_act_fn': 'tanh', 'gmc_tokens_pred_dim': 128, 'text_pred_dim': 256, 'audio_pred_dim': 8, 'video_pred_dim': 16, 'recon_loss': 'SmoothL1Loss', 'loss_attra_weight': 1, 'loss_recon_weight': 1, 'post_fusion_dim': 256, 'post_fusion_dropout': 0.3, 'H': 3.0, 'cur_time': 3, 'model_save_path': 'results/mosi/emt-dlfr/run_once/models/emt-dlfr-mosi-regression-mr0.4-11111.pth', 'device': device(type='cuda', index=1), 'tasks': 'M'}>",1111,71.72,71.75,72.71,72.83,29.59,26.24,112.25,49.45,132.62,111.76
2026-01-23_07-29-43,emt-dlfr,"<Storage{'need_task_scheduling': False, 'is_tune': False, 'train_mode': 'regression', 'modelName': 'emt-dlfr', 'datasetName': 'mosi', 'num_workers': 4, 'model_save_dir': 'results/mosi/emt-dlfr/run_once/models', 'res_save_dir': 'results/mosi/emt-dlfr/run_once/results', 'gpu_ids': ['1'], 'missing_rates': array([0. , 0.1, 0.2, 0.3, 0.4, 0.5, 0.6, 0.7, 0.8, 0.9, 1. ]), 'seed': 11111, 'num_seeds': 3, 'exp_name': 'moe-uncertainty', 'diff_missing': None, 'KeyEval': 'Loss', 'save_model': True, 'use_normalized_data': False, 'seeds': [111, 1111, 11111], 'missing_rate': (0.4, 0.4, 0.4), 'dataPath': '/mnt/HDD2/teng/Master-23/sjc/work2/EMT-DLFR-master-based/MMSA/Datasets/MOSI/Processed/unaligned_50.pkl', 'seq_lens': (50, 375, 500), 'feature_dims': (768, 5, 20), 'train_samples': 1284, 'num_classes': 3, 'language': 'en', 'missing_seed': (111, 1111, 11111), 'data_missing': True, 'deal_missing': False, 'need_data_aligned': False, 'need_model_aligned': False, 'need_normalized': False, 'use_bert': True, 'use_finetune': True, 'save_labels': False, 'early_stop': 8, 'update_epochs': 4, 'batch_size': 32, 'learning_rate_bert': 0.0001, 'learning_rate_audio': 0.001, 'learning_rate_video': 0.0001, 'learning_rate_other': 0.001, 'weight_decay_bert': 0.001, 'weight_decay_audio': 0.01, 'weight_decay_video': 0.001, 'weight_decay_other': 0.001, 'a_lstm_hidden_size': 32, 'v_lstm_hidden_size': 64, 'a_lstm_layers': 1, 'v_lstm_layers': 1, 'text_out': 768, 'audio_out': 16, 'video_out': 32, 'a_lstm_dropout': 0.0, 'v_lstm_dropout': 0.0, 't_bert_dropout': 0.1, 'd_model': 128, 'fusion_layers': 3, 'heads': 4, 'learnable_pos_emb': False, 'emb_dropout': 0.0, 'attn_dropout': 0.3, 'ff_dropout': 0.1, 'ff_expansion': 4, 'mpu_share': True, 'modality_share': True, 'layer_share': True, 'attn_act_fn': 'tanh', 'gmc_tokens_pred_dim': 128, 'text_pred_dim': 256, 'audio_pred_dim': 8, 'video_pred_dim': 16, 'recon_loss': 'SmoothL1Loss', 'loss_attra_weight': 1, 'loss_recon_weight': 1, 'post_fusion_dim': 256, 'post_fusion_dropout': 0.3, 'H': 3.0, 'cur_time': 3, 'model_save_path': 'results/mosi/emt-dlfr/run_once/models/emt-dlfr-mosi-regression-mr0.4-11111.pth', 'device': device(type='cuda', index=1), 'tasks': 'M'}>",11111,70.41,70.49,71.34,71.52,32.22,29.74,110.79,50.06,131.33,110.25
2026-01-23_07-29-43,emt-dlfr,"<Storage{'need_task_scheduling': False, 'is_tune': False, 'train_mode': 'regression', 'modelName': 'emt-dlfr', 'datasetName': 'mosi', 'num_workers': 4, 'model_save_dir': 'results/mosi/emt-dlfr/run_once/models', 'res_save_dir': 'results/mosi/emt-dlfr/run_once/results', 'gpu_ids': ['1'], 'missing_rates': array([0. , 0.1, 0.2, 0.3, 0.4, 0.5, 0.6, 0.7, 0.8, 0.9, 1. ]), 'seed': 11111, 'num_seeds': 3, 'exp_name': 'moe-uncertainty', 'diff_missing': None, 'KeyEval': 'Loss', 'save_model': True, 'use_normalized_data': False, 'seeds': [111, 1111, 11111], 'missing_rate': (0.4, 0.4, 0.4), 'dataPath': '/mnt/HDD2/teng/Master-23/sjc/work2/EMT-DLFR-master-based/MMSA/Datasets/MOSI/Processed/unaligned_50.pkl', 'seq_lens': (50, 375, 500), 'feature_dims': (768, 5, 20), 'train_samples': 1284, 'num_classes': 3, 'language': 'en', 'missing_seed': (111, 1111, 11111), 'data_missing': True, 'deal_missing': False, 'need_data_aligned': False, 'need_model_aligned': False, 'need_normalized': False, 'use_bert': True, 'use_finetune': True, 'save_labels': False, 'early_stop': 8, 'update_epochs': 4, 'batch_size': 32, 'learning_rate_bert': 0.0001, 'learning_rate_audio': 0.001, 'learning_rate_video': 0.0001, 'learning_rate_other': 0.001, 'weight_decay_bert': 0.001, 'weight_decay_audio': 0.01, 'weight_decay_video': 0.001, 'weight_decay_other': 0.001, 'a_lstm_hidden_size': 32, 'v_lstm_hidden_size': 64, 'a_lstm_layers': 1, 'v_lstm_layers': 1, 'text_out': 768, 'audio_out': 16, 'video_out': 32, 'a_lstm_dropout': 0.0, 'v_lstm_dropout': 0.0, 't_bert_dropout': 0.1, 'd_model': 128, 'fusion_layers': 3, 'heads': 4, 'learnable_pos_emb': False, 'emb_dropout': 0.0, 'attn_dropout': 0.3, 'ff_dropout': 0.1, 'ff_expansion': 4, 'mpu_share': True, 'modality_share': True, 'layer_share': True, 'attn_act_fn': 'tanh', 'gmc_tokens_pred_dim': 128, 'text_pred_dim': 256, 'audio_pred_dim': 8, 'video_pred_dim': 16, 'recon_loss': 'SmoothL1Loss', 'loss_attra_weight': 1, 'loss_recon_weight': 1, 'post_fusion_dim': 256, 'post_fusion_dropout': 0.3, 'H': 3.0, 'cur_time': 3, 'model_save_path': 'results/mosi/emt-dlfr/run_once/models/emt-dlfr-mosi-regression-mr0.4-11111.pth', 'device': device(type='cuda', index=1), 'tasks': 'M'}>",<mean/std>,"(70.65, 0.79)","(70.66, 0.83)","(71.75, 0.68)","(71.86, 0.7)","(31.34, 1.24)","(28.82, 1.85)","(111.5, 0.6)","(49.35, 0.63)","(133.22, 1.84)","(111.09, 0.63)"
2026-01-23_07-29-43,emt-dlfr,"<Storage{'need_task_scheduling': False, 'is_tune': False, 'train_mode': 'regression', 'modelName': 'emt-dlfr', 'datasetName': 'mosi', 'num_workers': 4, 'model_save_dir': 'results/mosi/emt-dlfr/run_once/models', 'res_save_dir': 'results/mosi/emt-dlfr/run_once/results', 'gpu_ids': ['1'], 'missing_rates': array([0. , 0.1, 0.2, 0.3, 0.4, 0.5, 0.6, 0.7, 0.8, 0.9, 1. ]), 'seed': 11111, 'num_seeds': 3, 'exp_name': 'moe-uncertainty', 'diff_missing': None, 'KeyEval': 'Loss', 'save_model': True, 'use_normalized_data': False, 'seeds': [111, 1111, 11111], 'missing_rate': (0.4, 0.4, 0.4), 'dataPath': '/mnt/HDD2/teng/Master-23/sjc/work2/EMT-DLFR-master-based/MMSA/Datasets/MOSI/Processed/unaligned_50.pkl', 'seq_lens': (50, 375, 500), 'feature_dims': (768, 5, 20), 'train_samples': 1284, 'num_classes': 3, 'language': 'en', 'missing_seed': (111, 1111, 11111), 'data_missing': True, 'deal_missing': False, 'need_data_aligned': False, 'need_model_aligned': False, 'need_normalized': False, 'use_bert': True, 'use_finetune': True, 'save_labels': False, 'early_stop': 8, 'update_epochs': 4, 'batch_size': 32, 'learning_rate_bert': 0.0001, 'learning_rate_audio': 0.001, 'learning_rate_video': 0.0001, 'learning_rate_other': 0.001, 'weight_decay_bert': 0.001, 'weight_decay_audio': 0.01, 'weight_decay_video': 0.001, 'weight_decay_other': 0.001, 'a_lstm_hidden_size': 32, 'v_lstm_hidden_size': 64, 'a_lstm_layers': 1, 'v_lstm_layers': 1, 'text_out': 768, 'audio_out': 16, 'video_out': 32, 'a_lstm_dropout': 0.0, 'v_lstm_dropout': 0.0, 't_bert_dropout': 0.1, 'd_model': 128, 'fusion_layers': 3, 'heads': 4, 'learnable_pos_emb': False, 'emb_dropout': 0.0, 'attn_dropout': 0.3, 'ff_dropout': 0.1, 'ff_expansion': 4, 'mpu_share': True, 'modality_share': True, 'layer_share': True, 'attn_act_fn': 'tanh', 'gmc_tokens_pred_dim': 128, 'text_pred_dim': 256, 'audio_pred_dim': 8, 'video_pred_dim': 16, 'recon_loss': 'SmoothL1Loss', 'loss_attra_weight': 1, 'loss_recon_weight': 1, 'post_fusion_dim': 256, 'post_fusion_dropout': 0.3, 'H': 3.0, 'cur_time': 3, 'model_save_path': 'results/mosi/emt-dlfr/run_once/models/emt-dlfr-mosi-regression-mr0.4-11111.pth', 'device': device(type='cuda', index=1), 'tasks': 'M'}>",<max/seed>,"(71.72, 1111)","(71.75, 1111)","(72.71, 1111)","(72.83, 1111)","(32.22, 111)","(30.47, 111)","(112.25, 1111)","(50.06, 11111)","(135.72, 111)","(111.76, 1111)"
2026-01-23_07-29-43,emt-dlfr,"<Storage{'need_task_scheduling': False, 'is_tune': False, 'train_mode': 'regression', 'modelName': 'emt-dlfr', 'datasetName': 'mosi', 'num_workers': 4, 'model_save_dir': 'results/mosi/emt-dlfr/run_once/models', 'res_save_dir': 'results/mosi/emt-dlfr/run_once/results', 'gpu_ids': ['1'], 'missing_rates': array([0. , 0.1, 0.2, 0.3, 0.4, 0.5, 0.6, 0.7, 0.8, 0.9, 1. ]), 'seed': 11111, 'num_seeds': 3, 'exp_name': 'moe-uncertainty', 'diff_missing': None, 'KeyEval': 'Loss', 'save_model': True, 'use_normalized_data': False, 'seeds': [111, 1111, 11111], 'missing_rate': (0.4, 0.4, 0.4), 'dataPath': '/mnt/HDD2/teng/Master-23/sjc/work2/EMT-DLFR-master-based/MMSA/Datasets/MOSI/Processed/unaligned_50.pkl', 'seq_lens': (50, 375, 500), 'feature_dims': (768, 5, 20), 'train_samples': 1284, 'num_classes': 3, 'language': 'en', 'missing_seed': (111, 1111, 11111), 'data_missing': True, 'deal_missing': False, 'need_data_aligned': False, 'need_model_aligned': False, 'need_normalized': False, 'use_bert': True, 'use_finetune': True, 'save_labels': False, 'early_stop': 8, 'update_epochs': 4, 'batch_size': 32, 'learning_rate_bert': 0.0001, 'learning_rate_audio': 0.001, 'learning_rate_video': 0.0001, 'learning_rate_other': 0.001, 'weight_decay_bert': 0.001, 'weight_decay_audio': 0.01, 'weight_decay_video': 0.001, 'weight_decay_other': 0.001, 'a_lstm_hidden_size': 32, 'v_lstm_hidden_size': 64, 'a_lstm_layers': 1, 'v_lstm_layers': 1, 'text_out': 768, 'audio_out': 16, 'video_out': 32, 'a_lstm_dropout': 0.0, 'v_lstm_dropout': 0.0, 't_bert_dropout': 0.1, 'd_model': 128, 'fusion_layers': 3, 'heads': 4, 'learnable_pos_emb': False, 'emb_dropout': 0.0, 'attn_dropout': 0.3, 'ff_dropout': 0.1, 'ff_expansion': 4, 'mpu_share': True, 'modality_share': True, 'layer_share': True, 'attn_act_fn': 'tanh', 'gmc_tokens_pred_dim': 128, 'text_pred_dim': 256, 'audio_pred_dim': 8, 'video_pred_dim': 16, 'recon_loss': 'SmoothL1Loss', 'loss_attra_weight': 1, 'loss_recon_weight': 1, 'post_fusion_dim': 256, 'post_fusion_dropout': 0.3, 'H': 3.0, 'cur_time': 3, 'model_save_path': 'results/mosi/emt-dlfr/run_once/models/emt-dlfr-mosi-regression-mr0.4-11111.pth', 'device': device(type='cuda', index=1), 'tasks': 'M'}>",<min/seed>,"(69.83, 111)","(69.75, 111)","(71.19, 111)","(71.22, 111)","(29.59, 1111)","(26.24, 1111)","(110.79, 11111)","(48.53, 111)","(131.33, 11111)","(110.25, 11111)"
2026-01-23_10-29-10,emt-dlfr,"<Storage{'need_task_scheduling': False, 'is_tune': False, 'train_mode': 'regression', 'modelName': 'emt-dlfr', 'datasetName': 'mosi', 'num_workers': 4, 'model_save_dir': 'results/mosi/emt-dlfr/run_once/models', 'res_save_dir': 'results/mosi/emt-dlfr/run_once/results', 'gpu_ids': ['1'], 'missing_rates': array([0. , 0.1, 0.2, 0.3, 0.4, 0.5, 0.6, 0.7, 0.8, 0.9, 1. ]), 'seed': 11111, 'num_seeds': 3, 'exp_name': 'moe-uncertainty', 'diff_missing': None, 'KeyEval': 'Loss', 'save_model': True, 'use_normalized_data': False, 'seeds': [111, 1111, 11111], 'missing_rate': (0.4, 0.4, 0.4), 'dataPath': '/mnt/HDD2/teng/Master-23/sjc/work2/EMT-DLFR-master-based/MMSA/Datasets/MOSI/Processed/unaligned_50.pkl', 'seq_lens': (50, 375, 500), 'feature_dims': (768, 5, 20), 'train_samples': 1284, 'num_classes': 3, 'language': 'en', 'missing_seed': (111, 1111, 11111), 'data_missing': True, 'deal_missing': False, 'need_data_aligned': False, 'need_model_aligned': False, 'need_normalized': False, 'use_bert': True, 'use_finetune': True, 'save_labels': False, 'early_stop': 8, 'update_epochs': 4, 'batch_size': 32, 'learning_rate_bert': 5e-05, 'learning_rate_audio': 0.001, 'learning_rate_video': 0.0001, 'learning_rate_other': 0.001, 'weight_decay_bert': 0.001, 'weight_decay_audio': 0.01, 'weight_decay_video': 0.001, 'weight_decay_other': 0.001, 'a_lstm_hidden_size': 32, 'v_lstm_hidden_size': 64, 'a_lstm_layers': 1, 'v_lstm_layers': 1, 'text_out': 768, 'audio_out': 16, 'video_out': 32, 'a_lstm_dropout': 0.0, 'v_lstm_dropout': 0.0, 't_bert_dropout': 0.1, 'd_model': 128, 'fusion_layers': 3, 'heads': 4, 'learnable_pos_emb': False, 'emb_dropout': 0.0, 'attn_dropout': 0.2, 'ff_dropout': 0.1, 'ff_expansion': 4, 'mpu_share': True, 'modality_share': True, 'layer_share': True, 'attn_act_fn': 'tanh', 'gmc_tokens_pred_dim': 128, 'text_pred_dim': 256, 'audio_pred_dim': 8, 'video_pred_dim': 16, 'recon_loss': 'SmoothL1Loss', 'loss_attra_weight': 1, 'loss_recon_weight': 1, 'post_fusion_dim': 256, 'post_fusion_dropout': 0.3, 'H': 3.0, 'cur_time': 3, 'model_save_path': 'results/mosi/emt-dlfr/run_once/models/emt-dlfr-mosi-regression-mr0.4-11111.pth', 'device': device(type='cuda', index=1), 'tasks': 'M'}>",111,72.01,72.09,72.41,72.57,35.28,31.2,104.41,55.38,131.39,104.07
2026-01-23_10-29-10,emt-dlfr,"<Storage{'need_task_scheduling': False, 'is_tune': False, 'train_mode': 'regression', 'modelName': 'emt-dlfr', 'datasetName': 'mosi', 'num_workers': 4, 'model_save_dir': 'results/mosi/emt-dlfr/run_once/models', 'res_save_dir': 'results/mosi/emt-dlfr/run_once/results', 'gpu_ids': ['1'], 'missing_rates': array([0. , 0.1, 0.2, 0.3, 0.4, 0.5, 0.6, 0.7, 0.8, 0.9, 1. ]), 'seed': 11111, 'num_seeds': 3, 'exp_name': 'moe-uncertainty', 'diff_missing': None, 'KeyEval': 'Loss', 'save_model': True, 'use_normalized_data': False, 'seeds': [111, 1111, 11111], 'missing_rate': (0.4, 0.4, 0.4), 'dataPath': '/mnt/HDD2/teng/Master-23/sjc/work2/EMT-DLFR-master-based/MMSA/Datasets/MOSI/Processed/unaligned_50.pkl', 'seq_lens': (50, 375, 500), 'feature_dims': (768, 5, 20), 'train_samples': 1284, 'num_classes': 3, 'language': 'en', 'missing_seed': (111, 1111, 11111), 'data_missing': True, 'deal_missing': False, 'need_data_aligned': False, 'need_model_aligned': False, 'need_normalized': False, 'use_bert': True, 'use_finetune': True, 'save_labels': False, 'early_stop': 8, 'update_epochs': 4, 'batch_size': 32, 'learning_rate_bert': 5e-05, 'learning_rate_audio': 0.001, 'learning_rate_video': 0.0001, 'learning_rate_other': 0.001, 'weight_decay_bert': 0.001, 'weight_decay_audio': 0.01, 'weight_decay_video': 0.001, 'weight_decay_other': 0.001, 'a_lstm_hidden_size': 32, 'v_lstm_hidden_size': 64, 'a_lstm_layers': 1, 'v_lstm_layers': 1, 'text_out': 768, 'audio_out': 16, 'video_out': 32, 'a_lstm_dropout': 0.0, 'v_lstm_dropout': 0.0, 't_bert_dropout': 0.1, 'd_model': 128, 'fusion_layers': 3, 'heads': 4, 'learnable_pos_emb': False, 'emb_dropout': 0.0, 'attn_dropout': 0.2, 'ff_dropout': 0.1, 'ff_expansion': 4, 'mpu_share': True, 'modality_share': True, 'layer_share': True, 'attn_act_fn': 'tanh', 'gmc_tokens_pred_dim': 128, 'text_pred_dim': 256, 'audio_pred_dim': 8, 'video_pred_dim': 16, 'recon_loss': 'SmoothL1Loss', 'loss_attra_weight': 1, 'loss_recon_weight': 1, 'post_fusion_dim': 256, 'post_fusion_dropout': 0.3, 'H': 3.0, 'cur_time': 3, 'model_save_path': 'results/mosi/emt-dlfr/run_once/models/emt-dlfr-mosi-regression-mr0.4-11111.pth', 'device': device(type='cuda', index=1), 'tasks': 'M'}>",1111,70.41,70.36,71.65,71.7,36.3,33.09,104.57,54.75,129.37,104.6
2026-01-23_10-29-10,emt-dlfr,"<Storage{'need_task_scheduling': False, 'is_tune': False, 'train_mode': 'regression', 'modelName': 'emt-dlfr', 'datasetName': 'mosi', 'num_workers': 4, 'model_save_dir': 'results/mosi/emt-dlfr/run_once/models', 'res_save_dir': 'results/mosi/emt-dlfr/run_once/results', 'gpu_ids': ['1'], 'missing_rates': array([0. , 0.1, 0.2, 0.3, 0.4, 0.5, 0.6, 0.7, 0.8, 0.9, 1. ]), 'seed': 11111, 'num_seeds': 3, 'exp_name': 'moe-uncertainty', 'diff_missing': None, 'KeyEval': 'Loss', 'save_model': True, 'use_normalized_data': False, 'seeds': [111, 1111, 11111], 'missing_rate': (0.4, 0.4, 0.4), 'dataPath': '/mnt/HDD2/teng/Master-23/sjc/work2/EMT-DLFR-master-based/MMSA/Datasets/MOSI/Processed/unaligned_50.pkl', 'seq_lens': (50, 375, 500), 'feature_dims': (768, 5, 20), 'train_samples': 1284, 'num_classes': 3, 'language': 'en', 'missing_seed': (111, 1111, 11111), 'data_missing': True, 'deal_missing': False, 'need_data_aligned': False, 'need_model_aligned': False, 'need_normalized': False, 'use_bert': True, 'use_finetune': True, 'save_labels': False, 'early_stop': 8, 'update_epochs': 4, 'batch_size': 32, 'learning_rate_bert': 5e-05, 'learning_rate_audio': 0.001, 'learning_rate_video': 0.0001, 'learning_rate_other': 0.001, 'weight_decay_bert': 0.001, 'weight_decay_audio': 0.01, 'weight_decay_video': 0.001, 'weight_decay_other': 0.001, 'a_lstm_hidden_size': 32, 'v_lstm_hidden_size': 64, 'a_lstm_layers': 1, 'v_lstm_layers': 1, 'text_out': 768, 'audio_out': 16, 'video_out': 32, 'a_lstm_dropout': 0.0, 'v_lstm_dropout': 0.0, 't_bert_dropout': 0.1, 'd_model': 128, 'fusion_layers': 3, 'heads': 4, 'learnable_pos_emb': False, 'emb_dropout': 0.0, 'attn_dropout': 0.2, 'ff_dropout': 0.1, 'ff_expansion': 4, 'mpu_share': True, 'modality_share': True, 'layer_share': True, 'attn_act_fn': 'tanh', 'gmc_tokens_pred_dim': 128, 'text_pred_dim': 256, 'audio_pred_dim': 8, 'video_pred_dim': 16, 'recon_loss': 'SmoothL1Loss', 'loss_attra_weight': 1, 'loss_recon_weight': 1, 'post_fusion_dim': 256, 'post_fusion_dropout': 0.3, 'H': 3.0, 'cur_time': 3, 'model_save_path': 'results/mosi/emt-dlfr/run_once/models/emt-dlfr-mosi-regression-mr0.4-11111.pth', 'device': device(type='cuda', index=1), 'tasks': 'M'}>",11111,72.16,72.23,72.87,73.02,28.28,25.66,113.47,52.08,141.02,114.39
2026-01-23_10-29-10,emt-dlfr,"<Storage{'need_task_scheduling': False, 'is_tune': False, 'train_mode': 'regression', 'modelName': 'emt-dlfr', 'datasetName': 'mosi', 'num_workers': 4, 'model_save_dir': 'results/mosi/emt-dlfr/run_once/models', 'res_save_dir': 'results/mosi/emt-dlfr/run_once/results', 'gpu_ids': ['1'], 'missing_rates': array([0. , 0.1, 0.2, 0.3, 0.4, 0.5, 0.6, 0.7, 0.8, 0.9, 1. ]), 'seed': 11111, 'num_seeds': 3, 'exp_name': 'moe-uncertainty', 'diff_missing': None, 'KeyEval': 'Loss', 'save_model': True, 'use_normalized_data': False, 'seeds': [111, 1111, 11111], 'missing_rate': (0.4, 0.4, 0.4), 'dataPath': '/mnt/HDD2/teng/Master-23/sjc/work2/EMT-DLFR-master-based/MMSA/Datasets/MOSI/Processed/unaligned_50.pkl', 'seq_lens': (50, 375, 500), 'feature_dims': (768, 5, 20), 'train_samples': 1284, 'num_classes': 3, 'language': 'en', 'missing_seed': (111, 1111, 11111), 'data_missing': True, 'deal_missing': False, 'need_data_aligned': False, 'need_model_aligned': False, 'need_normalized': False, 'use_bert': True, 'use_finetune': True, 'save_labels': False, 'early_stop': 8, 'update_epochs': 4, 'batch_size': 32, 'learning_rate_bert': 5e-05, 'learning_rate_audio': 0.001, 'learning_rate_video': 0.0001, 'learning_rate_other': 0.001, 'weight_decay_bert': 0.001, 'weight_decay_audio': 0.01, 'weight_decay_video': 0.001, 'weight_decay_other': 0.001, 'a_lstm_hidden_size': 32, 'v_lstm_hidden_size': 64, 'a_lstm_layers': 1, 'v_lstm_layers': 1, 'text_out': 768, 'audio_out': 16, 'video_out': 32, 'a_lstm_dropout': 0.0, 'v_lstm_dropout': 0.0, 't_bert_dropout': 0.1, 'd_model': 128, 'fusion_layers': 3, 'heads': 4, 'learnable_pos_emb': False, 'emb_dropout': 0.0, 'attn_dropout': 0.2, 'ff_dropout': 0.1, 'ff_expansion': 4, 'mpu_share': True, 'modality_share': True, 'layer_share': True, 'attn_act_fn': 'tanh', 'gmc_tokens_pred_dim': 128, 'text_pred_dim': 256, 'audio_pred_dim': 8, 'video_pred_dim': 16, 'recon_loss': 'SmoothL1Loss', 'loss_attra_weight': 1, 'loss_recon_weight': 1, 'post_fusion_dim': 256, 'post_fusion_dropout': 0.3, 'H': 3.0, 'cur_time': 3, 'model_save_path': 'results/mosi/emt-dlfr/run_once/models/emt-dlfr-mosi-regression-mr0.4-11111.pth', 'device': device(type='cuda', index=1), 'tasks': 'M'}>",<mean/std>,"(71.53, 0.79)","(71.56, 0.85)","(72.31, 0.5)","(72.43, 0.55)","(33.29, 3.56)","(29.98, 3.15)","(107.48, 4.23)","(54.07, 1.43)","(133.93, 5.08)","(107.69, 4.74)"
2026-01-23_10-29-10,emt-dlfr,"<Storage{'need_task_scheduling': False, 'is_tune': False, 'train_mode': 'regression', 'modelName': 'emt-dlfr', 'datasetName': 'mosi', 'num_workers': 4, 'model_save_dir': 'results/mosi/emt-dlfr/run_once/models', 'res_save_dir': 'results/mosi/emt-dlfr/run_once/results', 'gpu_ids': ['1'], 'missing_rates': array([0. , 0.1, 0.2, 0.3, 0.4, 0.5, 0.6, 0.7, 0.8, 0.9, 1. ]), 'seed': 11111, 'num_seeds': 3, 'exp_name': 'moe-uncertainty', 'diff_missing': None, 'KeyEval': 'Loss', 'save_model': True, 'use_normalized_data': False, 'seeds': [111, 1111, 11111], 'missing_rate': (0.4, 0.4, 0.4), 'dataPath': '/mnt/HDD2/teng/Master-23/sjc/work2/EMT-DLFR-master-based/MMSA/Datasets/MOSI/Processed/unaligned_50.pkl', 'seq_lens': (50, 375, 500), 'feature_dims': (768, 5, 20), 'train_samples': 1284, 'num_classes': 3, 'language': 'en', 'missing_seed': (111, 1111, 11111), 'data_missing': True, 'deal_missing': False, 'need_data_aligned': False, 'need_model_aligned': False, 'need_normalized': False, 'use_bert': True, 'use_finetune': True, 'save_labels': False, 'early_stop': 8, 'update_epochs': 4, 'batch_size': 32, 'learning_rate_bert': 5e-05, 'learning_rate_audio': 0.001, 'learning_rate_video': 0.0001, 'learning_rate_other': 0.001, 'weight_decay_bert': 0.001, 'weight_decay_audio': 0.01, 'weight_decay_video': 0.001, 'weight_decay_other': 0.001, 'a_lstm_hidden_size': 32, 'v_lstm_hidden_size': 64, 'a_lstm_layers': 1, 'v_lstm_layers': 1, 'text_out': 768, 'audio_out': 16, 'video_out': 32, 'a_lstm_dropout': 0.0, 'v_lstm_dropout': 0.0, 't_bert_dropout': 0.1, 'd_model': 128, 'fusion_layers': 3, 'heads': 4, 'learnable_pos_emb': False, 'emb_dropout': 0.0, 'attn_dropout': 0.2, 'ff_dropout': 0.1, 'ff_expansion': 4, 'mpu_share': True, 'modality_share': True, 'layer_share': True, 'attn_act_fn': 'tanh', 'gmc_tokens_pred_dim': 128, 'text_pred_dim': 256, 'audio_pred_dim': 8, 'video_pred_dim': 16, 'recon_loss': 'SmoothL1Loss', 'loss_attra_weight': 1, 'loss_recon_weight': 1, 'post_fusion_dim': 256, 'post_fusion_dropout': 0.3, 'H': 3.0, 'cur_time': 3, 'model_save_path': 'results/mosi/emt-dlfr/run_once/models/emt-dlfr-mosi-regression-mr0.4-11111.pth', 'device': device(type='cuda', index=1), 'tasks': 'M'}>",<max/seed>,"(72.16, 11111)","(72.23, 11111)","(72.87, 11111)","(73.02, 11111)","(36.3, 1111)","(33.09, 1111)","(113.47, 11111)","(55.38, 111)","(141.02, 11111)","(114.39, 11111)"
2026-01-23_10-29-10,emt-dlfr,"<Storage{'need_task_scheduling': False, 'is_tune': False, 'train_mode': 'regression', 'modelName': 'emt-dlfr', 'datasetName': 'mosi', 'num_workers': 4, 'model_save_dir': 'results/mosi/emt-dlfr/run_once/models', 'res_save_dir': 'results/mosi/emt-dlfr/run_once/results', 'gpu_ids': ['1'], 'missing_rates': array([0. , 0.1, 0.2, 0.3, 0.4, 0.5, 0.6, 0.7, 0.8, 0.9, 1. ]), 'seed': 11111, 'num_seeds': 3, 'exp_name': 'moe-uncertainty', 'diff_missing': None, 'KeyEval': 'Loss', 'save_model': True, 'use_normalized_data': False, 'seeds': [111, 1111, 11111], 'missing_rate': (0.4, 0.4, 0.4), 'dataPath': '/mnt/HDD2/teng/Master-23/sjc/work2/EMT-DLFR-master-based/MMSA/Datasets/MOSI/Processed/unaligned_50.pkl', 'seq_lens': (50, 375, 500), 'feature_dims': (768, 5, 20), 'train_samples': 1284, 'num_classes': 3, 'language': 'en', 'missing_seed': (111, 1111, 11111), 'data_missing': True, 'deal_missing': False, 'need_data_aligned': False, 'need_model_aligned': False, 'need_normalized': False, 'use_bert': True, 'use_finetune': True, 'save_labels': False, 'early_stop': 8, 'update_epochs': 4, 'batch_size': 32, 'learning_rate_bert': 5e-05, 'learning_rate_audio': 0.001, 'learning_rate_video': 0.0001, 'learning_rate_other': 0.001, 'weight_decay_bert': 0.001, 'weight_decay_audio': 0.01, 'weight_decay_video': 0.001, 'weight_decay_other': 0.001, 'a_lstm_hidden_size': 32, 'v_lstm_hidden_size': 64, 'a_lstm_layers': 1, 'v_lstm_layers': 1, 'text_out': 768, 'audio_out': 16, 'video_out': 32, 'a_lstm_dropout': 0.0, 'v_lstm_dropout': 0.0, 't_bert_dropout': 0.1, 'd_model': 128, 'fusion_layers': 3, 'heads': 4, 'learnable_pos_emb': False, 'emb_dropout': 0.0, 'attn_dropout': 0.2, 'ff_dropout': 0.1, 'ff_expansion': 4, 'mpu_share': True, 'modality_share': True, 'layer_share': True, 'attn_act_fn': 'tanh', 'gmc_tokens_pred_dim': 128, 'text_pred_dim': 256, 'audio_pred_dim': 8, 'video_pred_dim': 16, 'recon_loss': 'SmoothL1Loss', 'loss_attra_weight': 1, 'loss_recon_weight': 1, 'post_fusion_dim': 256, 'post_fusion_dropout': 0.3, 'H': 3.0, 'cur_time': 3, 'model_save_path': 'results/mosi/emt-dlfr/run_once/models/emt-dlfr-mosi-regression-mr0.4-11111.pth', 'device': device(type='cuda', index=1), 'tasks': 'M'}>",<min/seed>,"(70.41, 1111)","(70.36, 1111)","(71.65, 1111)","(71.7, 1111)","(28.28, 11111)","(25.66, 11111)","(104.41, 111)","(52.08, 11111)","(129.37, 1111)","(104.07, 111)"
2026-01-23_17-07-30,emt-dlfr,"<Storage{'need_task_scheduling': False, 'is_tune': False, 'train_mode': 'regression', 'modelName': 'emt-dlfr', 'datasetName': 'mosi', 'num_workers': 4, 'model_save_dir': 'results/mosi/emt-dlfr/run_once/models', 'res_save_dir': 'results/mosi/emt-dlfr/run_once/results', 'gpu_ids': ['1'], 'missing_rates': array([0. , 0.1, 0.2, 0.3, 0.4, 0.5, 0.6, 0.7, 0.8, 0.9, 1. ]), 'seed': 11111, 'num_seeds': 3, 'exp_name': 'moe-uncertainty', 'diff_missing': None, 'KeyEval': 'Loss', 'save_model': True, 'use_normalized_data': False, 'seeds': [111, 1111, 11111], 'missing_rate': (0.4, 0.4, 0.4), 'dataPath': '/mnt/HDD2/teng/Master-23/sjc/work2/EMT-DLFR-master-based/MMSA/Datasets/MOSI/Processed/unaligned_50.pkl', 'seq_lens': (50, 375, 500), 'feature_dims': (768, 5, 20), 'train_samples': 1284, 'num_classes': 3, 'language': 'en', 'missing_seed': (111, 1111, 11111), 'data_missing': True, 'deal_missing': False, 'need_data_aligned': False, 'need_model_aligned': False, 'need_normalized': False, 'use_bert': True, 'use_finetune': True, 'save_labels': False, 'early_stop': 8, 'update_epochs': 4, 'batch_size': 32, 'learning_rate_bert': 5e-05, 'learning_rate_audio': 0.001, 'learning_rate_video': 0.0001, 'learning_rate_other': 0.001, 'weight_decay_bert': 0.001, 'weight_decay_audio': 0.01, 'weight_decay_video': 0.001, 'weight_decay_other': 0.001, 'a_lstm_hidden_size': 32, 'v_lstm_hidden_size': 64, 'a_lstm_layers': 1, 'v_lstm_layers': 1, 'text_out': 768, 'audio_out': 16, 'video_out': 32, 'a_lstm_dropout': 0.0, 'v_lstm_dropout': 0.0, 't_bert_dropout': 0.1, 'd_model': 128, 'fusion_layers': 3, 'heads': 4, 'learnable_pos_emb': False, 'emb_dropout': 0.0, 'attn_dropout': 0.2, 'ff_dropout': 0.1, 'ff_expansion': 4, 'mpu_share': True, 'modality_share': True, 'layer_share': True, 'attn_act_fn': 'tanh', 'gmc_tokens_pred_dim': 128, 'text_pred_dim': 256, 'audio_pred_dim': 8, 'video_pred_dim': 16, 'recon_loss': 'SmoothL1Loss', 'loss_attra_weight': 1, 'loss_recon_weight': 0.8, 'post_fusion_dim': 256, 'post_fusion_dropout': 0.3, 'H': 3.0, 'cur_time': 3, 'model_save_path': 'results/mosi/emt-dlfr/run_once/models/emt-dlfr-mosi-regression-mr0.4-11111.pth', 'device': device(type='cuda', index=1), 'tasks': 'M'}>",111,72.89,72.93,73.63,73.75,37.17,33.67,103.07,57.17,123.6,102.39
2026-01-23_17-07-30,emt-dlfr,"<Storage{'need_task_scheduling': False, 'is_tune': False, 'train_mode': 'regression', 'modelName': 'emt-dlfr', 'datasetName': 'mosi', 'num_workers': 4, 'model_save_dir': 'results/mosi/emt-dlfr/run_once/models', 'res_save_dir': 'results/mosi/emt-dlfr/run_once/results', 'gpu_ids': ['1'], 'missing_rates': array([0. , 0.1, 0.2, 0.3, 0.4, 0.5, 0.6, 0.7, 0.8, 0.9, 1. ]), 'seed': 11111, 'num_seeds': 3, 'exp_name': 'moe-uncertainty', 'diff_missing': None, 'KeyEval': 'Loss', 'save_model': True, 'use_normalized_data': False, 'seeds': [111, 1111, 11111], 'missing_rate': (0.4, 0.4, 0.4), 'dataPath': '/mnt/HDD2/teng/Master-23/sjc/work2/EMT-DLFR-master-based/MMSA/Datasets/MOSI/Processed/unaligned_50.pkl', 'seq_lens': (50, 375, 500), 'feature_dims': (768, 5, 20), 'train_samples': 1284, 'num_classes': 3, 'language': 'en', 'missing_seed': (111, 1111, 11111), 'data_missing': True, 'deal_missing': False, 'need_data_aligned': False, 'need_model_aligned': False, 'need_normalized': False, 'use_bert': True, 'use_finetune': True, 'save_labels': False, 'early_stop': 8, 'update_epochs': 4, 'batch_size': 32, 'learning_rate_bert': 5e-05, 'learning_rate_audio': 0.001, 'learning_rate_video': 0.0001, 'learning_rate_other': 0.001, 'weight_decay_bert': 0.001, 'weight_decay_audio': 0.01, 'weight_decay_video': 0.001, 'weight_decay_other': 0.001, 'a_lstm_hidden_size': 32, 'v_lstm_hidden_size': 64, 'a_lstm_layers': 1, 'v_lstm_layers': 1, 'text_out': 768, 'audio_out': 16, 'video_out': 32, 'a_lstm_dropout': 0.0, 'v_lstm_dropout': 0.0, 't_bert_dropout': 0.1, 'd_model': 128, 'fusion_layers': 3, 'heads': 4, 'learnable_pos_emb': False, 'emb_dropout': 0.0, 'attn_dropout': 0.2, 'ff_dropout': 0.1, 'ff_expansion': 4, 'mpu_share': True, 'modality_share': True, 'layer_share': True, 'attn_act_fn': 'tanh', 'gmc_tokens_pred_dim': 128, 'text_pred_dim': 256, 'audio_pred_dim': 8, 'video_pred_dim': 16, 'recon_loss': 'SmoothL1Loss', 'loss_attra_weight': 1, 'loss_recon_weight': 0.8, 'post_fusion_dim': 256, 'post_fusion_dropout': 0.3, 'H': 3.0, 'cur_time': 3, 'model_save_path': 'results/mosi/emt-dlfr/run_once/models/emt-dlfr-mosi-regression-mr0.4-11111.pth', 'device': device(type='cuda', index=1), 'tasks': 'M'}>",1111,70.85,70.65,72.1,72.0,29.3,28.28,113.19,48.05,135.52,112.45
2026-01-23_17-07-30,emt-dlfr,"<Storage{'need_task_scheduling': False, 'is_tune': False, 'train_mode': 'regression', 'modelName': 'emt-dlfr', 'datasetName': 'mosi', 'num_workers': 4, 'model_save_dir': 'results/mosi/emt-dlfr/run_once/models', 'res_save_dir': 'results/mosi/emt-dlfr/run_once/results', 'gpu_ids': ['1'], 'missing_rates': array([0. , 0.1, 0.2, 0.3, 0.4, 0.5, 0.6, 0.7, 0.8, 0.9, 1. ]), 'seed': 11111, 'num_seeds': 3, 'exp_name': 'moe-uncertainty', 'diff_missing': None, 'KeyEval': 'Loss', 'save_model': True, 'use_normalized_data': False, 'seeds': [111, 1111, 11111], 'missing_rate': (0.4, 0.4, 0.4), 'dataPath': '/mnt/HDD2/teng/Master-23/sjc/work2/EMT-DLFR-master-based/MMSA/Datasets/MOSI/Processed/unaligned_50.pkl', 'seq_lens': (50, 375, 500), 'feature_dims': (768, 5, 20), 'train_samples': 1284, 'num_classes': 3, 'language': 'en', 'missing_seed': (111, 1111, 11111), 'data_missing': True, 'deal_missing': False, 'need_data_aligned': False, 'need_model_aligned': False, 'need_normalized': False, 'use_bert': True, 'use_finetune': True, 'save_labels': False, 'early_stop': 8, 'update_epochs': 4, 'batch_size': 32, 'learning_rate_bert': 5e-05, 'learning_rate_audio': 0.001, 'learning_rate_video': 0.0001, 'learning_rate_other': 0.001, 'weight_decay_bert': 0.001, 'weight_decay_audio': 0.01, 'weight_decay_video': 0.001, 'weight_decay_other': 0.001, 'a_lstm_hidden_size': 32, 'v_lstm_hidden_size': 64, 'a_lstm_layers': 1, 'v_lstm_layers': 1, 'text_out': 768, 'audio_out': 16, 'video_out': 32, 'a_lstm_dropout': 0.0, 'v_lstm_dropout': 0.0, 't_bert_dropout': 0.1, 'd_model': 128, 'fusion_layers': 3, 'heads': 4, 'learnable_pos_emb': False, 'emb_dropout': 0.0, 'attn_dropout': 0.2, 'ff_dropout': 0.1, 'ff_expansion': 4, 'mpu_share': True, 'modality_share': True, 'layer_share': True, 'attn_act_fn': 'tanh', 'gmc_tokens_pred_dim': 128, 'text_pred_dim': 256, 'audio_pred_dim': 8, 'video_pred_dim': 16, 'recon_loss': 'SmoothL1Loss', 'loss_attra_weight': 1, 'loss_recon_weight': 0.8, 'post_fusion_dim': 256, 'post_fusion_dropout': 0.3, 'H': 3.0, 'cur_time': 3, 'model_save_path': 'results/mosi/emt-dlfr/run_once/models/emt-dlfr-mosi-regression-mr0.4-11111.pth', 'device': device(type='cuda', index=1), 'tasks': 'M'}>",11111,72.89,72.88,73.78,73.85,34.84,30.9,105.22,54.36,124.69,104.55
2026-01-23_17-07-30,emt-dlfr,"<Storage{'need_task_scheduling': False, 'is_tune': False, 'train_mode': 'regression', 'modelName': 'emt-dlfr', 'datasetName': 'mosi', 'num_workers': 4, 'model_save_dir': 'results/mosi/emt-dlfr/run_once/models', 'res_save_dir': 'results/mosi/emt-dlfr/run_once/results', 'gpu_ids': ['1'], 'missing_rates': array([0. , 0.1, 0.2, 0.3, 0.4, 0.5, 0.6, 0.7, 0.8, 0.9, 1. ]), 'seed': 11111, 'num_seeds': 3, 'exp_name': 'moe-uncertainty', 'diff_missing': None, 'KeyEval': 'Loss', 'save_model': True, 'use_normalized_data': False, 'seeds': [111, 1111, 11111], 'missing_rate': (0.4, 0.4, 0.4), 'dataPath': '/mnt/HDD2/teng/Master-23/sjc/work2/EMT-DLFR-master-based/MMSA/Datasets/MOSI/Processed/unaligned_50.pkl', 'seq_lens': (50, 375, 500), 'feature_dims': (768, 5, 20), 'train_samples': 1284, 'num_classes': 3, 'language': 'en', 'missing_seed': (111, 1111, 11111), 'data_missing': True, 'deal_missing': False, 'need_data_aligned': False, 'need_model_aligned': False, 'need_normalized': False, 'use_bert': True, 'use_finetune': True, 'save_labels': False, 'early_stop': 8, 'update_epochs': 4, 'batch_size': 32, 'learning_rate_bert': 5e-05, 'learning_rate_audio': 0.001, 'learning_rate_video': 0.0001, 'learning_rate_other': 0.001, 'weight_decay_bert': 0.001, 'weight_decay_audio': 0.01, 'weight_decay_video': 0.001, 'weight_decay_other': 0.001, 'a_lstm_hidden_size': 32, 'v_lstm_hidden_size': 64, 'a_lstm_layers': 1, 'v_lstm_layers': 1, 'text_out': 768, 'audio_out': 16, 'video_out': 32, 'a_lstm_dropout': 0.0, 'v_lstm_dropout': 0.0, 't_bert_dropout': 0.1, 'd_model': 128, 'fusion_layers': 3, 'heads': 4, 'learnable_pos_emb': False, 'emb_dropout': 0.0, 'attn_dropout': 0.2, 'ff_dropout': 0.1, 'ff_expansion': 4, 'mpu_share': True, 'modality_share': True, 'layer_share': True, 'attn_act_fn': 'tanh', 'gmc_tokens_pred_dim': 128, 'text_pred_dim': 256, 'audio_pred_dim': 8, 'video_pred_dim': 16, 'recon_loss': 'SmoothL1Loss', 'loss_attra_weight': 1, 'loss_recon_weight': 0.8, 'post_fusion_dim': 256, 'post_fusion_dropout': 0.3, 'H': 3.0, 'cur_time': 3, 'model_save_path': 'results/mosi/emt-dlfr/run_once/models/emt-dlfr-mosi-regression-mr0.4-11111.pth', 'device': device(type='cuda', index=1), 'tasks': 'M'}>",<mean/std>,"(72.21, 0.96)","(72.15, 1.06)","(73.17, 0.76)","(73.2, 0.85)","(33.77, 3.3)","(30.95, 2.2)","(107.16, 4.35)","(53.19, 3.81)","(127.94, 5.38)","(106.46, 4.33)"
2026-01-23_17-07-30,emt-dlfr,"<Storage{'need_task_scheduling': False, 'is_tune': False, 'train_mode': 'regression', 'modelName': 'emt-dlfr', 'datasetName': 'mosi', 'num_workers': 4, 'model_save_dir': 'results/mosi/emt-dlfr/run_once/models', 'res_save_dir': 'results/mosi/emt-dlfr/run_once/results', 'gpu_ids': ['1'], 'missing_rates': array([0. , 0.1, 0.2, 0.3, 0.4, 0.5, 0.6, 0.7, 0.8, 0.9, 1. ]), 'seed': 11111, 'num_seeds': 3, 'exp_name': 'moe-uncertainty', 'diff_missing': None, 'KeyEval': 'Loss', 'save_model': True, 'use_normalized_data': False, 'seeds': [111, 1111, 11111], 'missing_rate': (0.4, 0.4, 0.4), 'dataPath': '/mnt/HDD2/teng/Master-23/sjc/work2/EMT-DLFR-master-based/MMSA/Datasets/MOSI/Processed/unaligned_50.pkl', 'seq_lens': (50, 375, 500), 'feature_dims': (768, 5, 20), 'train_samples': 1284, 'num_classes': 3, 'language': 'en', 'missing_seed': (111, 1111, 11111), 'data_missing': True, 'deal_missing': False, 'need_data_aligned': False, 'need_model_aligned': False, 'need_normalized': False, 'use_bert': True, 'use_finetune': True, 'save_labels': False, 'early_stop': 8, 'update_epochs': 4, 'batch_size': 32, 'learning_rate_bert': 5e-05, 'learning_rate_audio': 0.001, 'learning_rate_video': 0.0001, 'learning_rate_other': 0.001, 'weight_decay_bert': 0.001, 'weight_decay_audio': 0.01, 'weight_decay_video': 0.001, 'weight_decay_other': 0.001, 'a_lstm_hidden_size': 32, 'v_lstm_hidden_size': 64, 'a_lstm_layers': 1, 'v_lstm_layers': 1, 'text_out': 768, 'audio_out': 16, 'video_out': 32, 'a_lstm_dropout': 0.0, 'v_lstm_dropout': 0.0, 't_bert_dropout': 0.1, 'd_model': 128, 'fusion_layers': 3, 'heads': 4, 'learnable_pos_emb': False, 'emb_dropout': 0.0, 'attn_dropout': 0.2, 'ff_dropout': 0.1, 'ff_expansion': 4, 'mpu_share': True, 'modality_share': True, 'layer_share': True, 'attn_act_fn': 'tanh', 'gmc_tokens_pred_dim': 128, 'text_pred_dim': 256, 'audio_pred_dim': 8, 'video_pred_dim': 16, 'recon_loss': 'SmoothL1Loss', 'loss_attra_weight': 1, 'loss_recon_weight': 0.8, 'post_fusion_dim': 256, 'post_fusion_dropout': 0.3, 'H': 3.0, 'cur_time': 3, 'model_save_path': 'results/mosi/emt-dlfr/run_once/models/emt-dlfr-mosi-regression-mr0.4-11111.pth', 'device': device(type='cuda', index=1), 'tasks': 'M'}>",<max/seed>,"(72.89, 111)","(72.93, 111)","(73.78, 11111)","(73.85, 11111)","(37.17, 111)","(33.67, 111)","(113.19, 1111)","(57.17, 111)","(135.52, 1111)","(112.45, 1111)"
2026-01-23_17-07-30,emt-dlfr,"<Storage{'need_task_scheduling': False, 'is_tune': False, 'train_mode': 'regression', 'modelName': 'emt-dlfr', 'datasetName': 'mosi', 'num_workers': 4, 'model_save_dir': 'results/mosi/emt-dlfr/run_once/models', 'res_save_dir': 'results/mosi/emt-dlfr/run_once/results', 'gpu_ids': ['1'], 'missing_rates': array([0. , 0.1, 0.2, 0.3, 0.4, 0.5, 0.6, 0.7, 0.8, 0.9, 1. ]), 'seed': 11111, 'num_seeds': 3, 'exp_name': 'moe-uncertainty', 'diff_missing': None, 'KeyEval': 'Loss', 'save_model': True, 'use_normalized_data': False, 'seeds': [111, 1111, 11111], 'missing_rate': (0.4, 0.4, 0.4), 'dataPath': '/mnt/HDD2/teng/Master-23/sjc/work2/EMT-DLFR-master-based/MMSA/Datasets/MOSI/Processed/unaligned_50.pkl', 'seq_lens': (50, 375, 500), 'feature_dims': (768, 5, 20), 'train_samples': 1284, 'num_classes': 3, 'language': 'en', 'missing_seed': (111, 1111, 11111), 'data_missing': True, 'deal_missing': False, 'need_data_aligned': False, 'need_model_aligned': False, 'need_normalized': False, 'use_bert': True, 'use_finetune': True, 'save_labels': False, 'early_stop': 8, 'update_epochs': 4, 'batch_size': 32, 'learning_rate_bert': 5e-05, 'learning_rate_audio': 0.001, 'learning_rate_video': 0.0001, 'learning_rate_other': 0.001, 'weight_decay_bert': 0.001, 'weight_decay_audio': 0.01, 'weight_decay_video': 0.001, 'weight_decay_other': 0.001, 'a_lstm_hidden_size': 32, 'v_lstm_hidden_size': 64, 'a_lstm_layers': 1, 'v_lstm_layers': 1, 'text_out': 768, 'audio_out': 16, 'video_out': 32, 'a_lstm_dropout': 0.0, 'v_lstm_dropout': 0.0, 't_bert_dropout': 0.1, 'd_model': 128, 'fusion_layers': 3, 'heads': 4, 'learnable_pos_emb': False, 'emb_dropout': 0.0, 'attn_dropout': 0.2, 'ff_dropout': 0.1, 'ff_expansion': 4, 'mpu_share': True, 'modality_share': True, 'layer_share': True, 'attn_act_fn': 'tanh', 'gmc_tokens_pred_dim': 128, 'text_pred_dim': 256, 'audio_pred_dim': 8, 'video_pred_dim': 16, 'recon_loss': 'SmoothL1Loss', 'loss_attra_weight': 1, 'loss_recon_weight': 0.8, 'post_fusion_dim': 256, 'post_fusion_dropout': 0.3, 'H': 3.0, 'cur_time': 3, 'model_save_path': 'results/mosi/emt-dlfr/run_once/models/emt-dlfr-mosi-regression-mr0.4-11111.pth', 'device': device(type='cuda', index=1), 'tasks': 'M'}>",<min/seed>,"(70.85, 1111)","(70.65, 1111)","(72.1, 1111)","(72.0, 1111)","(29.3, 1111)","(28.28, 1111)","(103.07, 111)","(48.05, 1111)","(123.6, 111)","(102.39, 111)"
2026-01-25_14-49-31,emt-dlfr,"<Storage{'need_task_scheduling': False, 'is_tune': False, 'train_mode': 'regression', 'modelName': 'emt-dlfr', 'datasetName': 'mosi', 'num_workers': 4, 'model_save_dir': 'results/mosi/emt-dlfr/run_once/models', 'res_save_dir': 'results/mosi/emt-dlfr/run_once/results', 'gpu_ids': ['1'], 'missing_rates': array([0. , 0.1, 0.2, 0.3, 0.4, 0.5, 0.6, 0.7, 0.8, 0.9, 1. ]), 'seed': 11111, 'num_seeds': 3, 'exp_name': 'moe-uncertainty', 'diff_missing': None, 'KeyEval': 'Loss', 'save_model': True, 'use_normalized_data': False, 'seeds': [111, 1111, 11111], 'missing_rate': (0.4, 0.4, 0.4), 'dataPath': '/mnt/HDD2/teng/Master-23/sjc/work2/EMT-DLFR-master-based/MMSA/Datasets/MOSI/Processed/unaligned_50.pkl', 'seq_lens': (50, 375, 500), 'feature_dims': (768, 5, 20), 'train_samples': 1284, 'num_classes': 3, 'language': 'en', 'missing_seed': (111, 1111, 11111), 'data_missing': True, 'deal_missing': False, 'need_data_aligned': False, 'need_model_aligned': False, 'need_normalized': False, 'use_bert': True, 'use_finetune': True, 'save_labels': False, 'early_stop': 8, 'update_epochs': 4, 'batch_size': 32, 'learning_rate_bert': 5e-05, 'learning_rate_audio': 0.001, 'learning_rate_video': 0.0001, 'learning_rate_other': 0.001, 'weight_decay_bert': 0.001, 'weight_decay_audio': 0.01, 'weight_decay_video': 0.001, 'weight_decay_other': 0.001, 'a_lstm_hidden_size': 32, 'v_lstm_hidden_size': 64, 'a_lstm_layers': 1, 'v_lstm_layers': 1, 'text_out': 768, 'audio_out': 16, 'video_out': 32, 'a_lstm_dropout': 0.0, 'v_lstm_dropout': 0.0, 't_bert_dropout': 0.1, 'd_model': 128, 'fusion_layers': 3, 'heads': 4, 'learnable_pos_emb': False, 'emb_dropout': 0.0, 'attn_dropout': 0.2, 'ff_dropout': 0.1, 'ff_expansion': 4, 'mpu_share': True, 'modality_share': True, 'layer_share': True, 'attn_act_fn': 'tanh', 'gnn_num_segments': 8, 'gnn_num_layers': 2, 'gmc_tokens_pred_dim': 128, 'text_pred_dim': 256, 'audio_pred_dim': 8, 'video_pred_dim': 16, 'recon_loss': 'SmoothL1Loss', 'loss_attra_weight': 1, 'loss_recon_weight': 1, 'post_fusion_dim': 256, 'post_fusion_dropout': 0.3, 'H': 3.0, 'cur_time': 3, 'model_save_path': 'results/mosi/emt-dlfr/run_once/models/emt-dlfr-mosi-regression-mr0.4-11111.pth', 'device': device(type='cuda', index=1), 'tasks': 'M'}>",111,71.28,71.32,71.65,71.78,37.17,33.09,108.18,55.01,134.0,107.41
2026-01-25_14-49-31,emt-dlfr,"<Storage{'need_task_scheduling': False, 'is_tune': False, 'train_mode': 'regression', 'modelName': 'emt-dlfr', 'datasetName': 'mosi', 'num_workers': 4, 'model_save_dir': 'results/mosi/emt-dlfr/run_once/models', 'res_save_dir': 'results/mosi/emt-dlfr/run_once/results', 'gpu_ids': ['1'], 'missing_rates': array([0. , 0.1, 0.2, 0.3, 0.4, 0.5, 0.6, 0.7, 0.8, 0.9, 1. ]), 'seed': 11111, 'num_seeds': 3, 'exp_name': 'moe-uncertainty', 'diff_missing': None, 'KeyEval': 'Loss', 'save_model': True, 'use_normalized_data': False, 'seeds': [111, 1111, 11111], 'missing_rate': (0.4, 0.4, 0.4), 'dataPath': '/mnt/HDD2/teng/Master-23/sjc/work2/EMT-DLFR-master-based/MMSA/Datasets/MOSI/Processed/unaligned_50.pkl', 'seq_lens': (50, 375, 500), 'feature_dims': (768, 5, 20), 'train_samples': 1284, 'num_classes': 3, 'language': 'en', 'missing_seed': (111, 1111, 11111), 'data_missing': True, 'deal_missing': False, 'need_data_aligned': False, 'need_model_aligned': False, 'need_normalized': False, 'use_bert': True, 'use_finetune': True, 'save_labels': False, 'early_stop': 8, 'update_epochs': 4, 'batch_size': 32, 'learning_rate_bert': 5e-05, 'learning_rate_audio': 0.001, 'learning_rate_video': 0.0001, 'learning_rate_other': 0.001, 'weight_decay_bert': 0.001, 'weight_decay_audio': 0.01, 'weight_decay_video': 0.001, 'weight_decay_other': 0.001, 'a_lstm_hidden_size': 32, 'v_lstm_hidden_size': 64, 'a_lstm_layers': 1, 'v_lstm_layers': 1, 'text_out': 768, 'audio_out': 16, 'video_out': 32, 'a_lstm_dropout': 0.0, 'v_lstm_dropout': 0.0, 't_bert_dropout': 0.1, 'd_model': 128, 'fusion_layers': 3, 'heads': 4, 'learnable_pos_emb': False, 'emb_dropout': 0.0, 'attn_dropout': 0.2, 'ff_dropout': 0.1, 'ff_expansion': 4, 'mpu_share': True, 'modality_share': True, 'layer_share': True, 'attn_act_fn': 'tanh', 'gnn_num_segments': 8, 'gnn_num_layers': 2, 'gmc_tokens_pred_dim': 128, 'text_pred_dim': 256, 'audio_pred_dim': 8, 'video_pred_dim': 16, 'recon_loss': 'SmoothL1Loss', 'loss_attra_weight': 1, 'loss_recon_weight': 1, 'post_fusion_dim': 256, 'post_fusion_dropout': 0.3, 'H': 3.0, 'cur_time': 3, 'model_save_path': 'results/mosi/emt-dlfr/run_once/models/emt-dlfr-mosi-regression-mr0.4-11111.pth', 'device': device(type='cuda', index=1), 'tasks': 'M'}>",1111,71.14,71.04,71.95,71.92,37.46,33.67,103.81,55.22,129.02,104.1
2026-01-25_14-49-31,emt-dlfr,"<Storage{'need_task_scheduling': False, 'is_tune': False, 'train_mode': 'regression', 'modelName': 'emt-dlfr', 'datasetName': 'mosi', 'num_workers': 4, 'model_save_dir': 'results/mosi/emt-dlfr/run_once/models', 'res_save_dir': 'results/mosi/emt-dlfr/run_once/results', 'gpu_ids': ['1'], 'missing_rates': array([0. , 0.1, 0.2, 0.3, 0.4, 0.5, 0.6, 0.7, 0.8, 0.9, 1. ]), 'seed': 11111, 'num_seeds': 3, 'exp_name': 'moe-uncertainty', 'diff_missing': None, 'KeyEval': 'Loss', 'save_model': True, 'use_normalized_data': False, 'seeds': [111, 1111, 11111], 'missing_rate': (0.4, 0.4, 0.4), 'dataPath': '/mnt/HDD2/teng/Master-23/sjc/work2/EMT-DLFR-master-based/MMSA/Datasets/MOSI/Processed/unaligned_50.pkl', 'seq_lens': (50, 375, 500), 'feature_dims': (768, 5, 20), 'train_samples': 1284, 'num_classes': 3, 'language': 'en', 'missing_seed': (111, 1111, 11111), 'data_missing': True, 'deal_missing': False, 'need_data_aligned': False, 'need_model_aligned': False, 'need_normalized': False, 'use_bert': True, 'use_finetune': True, 'save_labels': False, 'early_stop': 8, 'update_epochs': 4, 'batch_size': 32, 'learning_rate_bert': 5e-05, 'learning_rate_audio': 0.001, 'learning_rate_video': 0.0001, 'learning_rate_other': 0.001, 'weight_decay_bert': 0.001, 'weight_decay_audio': 0.01, 'weight_decay_video': 0.001, 'weight_decay_other': 0.001, 'a_lstm_hidden_size': 32, 'v_lstm_hidden_size': 64, 'a_lstm_layers': 1, 'v_lstm_layers': 1, 'text_out': 768, 'audio_out': 16, 'video_out': 32, 'a_lstm_dropout': 0.0, 'v_lstm_dropout': 0.0, 't_bert_dropout': 0.1, 'd_model': 128, 'fusion_layers': 3, 'heads': 4, 'learnable_pos_emb': False, 'emb_dropout': 0.0, 'attn_dropout': 0.2, 'ff_dropout': 0.1, 'ff_expansion': 4, 'mpu_share': True, 'modality_share': True, 'layer_share': True, 'attn_act_fn': 'tanh', 'gnn_num_segments': 8, 'gnn_num_layers': 2, 'gmc_tokens_pred_dim': 128, 'text_pred_dim': 256, 'audio_pred_dim': 8, 'video_pred_dim': 16, 'recon_loss': 'SmoothL1Loss', 'loss_attra_weight': 1, 'loss_recon_weight': 1, 'post_fusion_dim': 256, 'post_fusion_dropout': 0.3, 'H': 3.0, 'cur_time': 3, 'model_save_path': 'results/mosi/emt-dlfr/run_once/models/emt-dlfr-mosi-regression-mr0.4-11111.pth', 'device': device(type='cuda', index=1), 'tasks': 'M'}>",11111,73.03,73.08,73.63,73.75,37.17,33.53,102.59,56.65,126.65,102.11
2026-01-25_14-49-31,emt-dlfr,"<Storage{'need_task_scheduling': False, 'is_tune': False, 'train_mode': 'regression', 'modelName': 'emt-dlfr', 'datasetName': 'mosi', 'num_workers': 4, 'model_save_dir': 'results/mosi/emt-dlfr/run_once/models', 'res_save_dir': 'results/mosi/emt-dlfr/run_once/results', 'gpu_ids': ['1'], 'missing_rates': array([0. , 0.1, 0.2, 0.3, 0.4, 0.5, 0.6, 0.7, 0.8, 0.9, 1. ]), 'seed': 11111, 'num_seeds': 3, 'exp_name': 'moe-uncertainty', 'diff_missing': None, 'KeyEval': 'Loss', 'save_model': True, 'use_normalized_data': False, 'seeds': [111, 1111, 11111], 'missing_rate': (0.4, 0.4, 0.4), 'dataPath': '/mnt/HDD2/teng/Master-23/sjc/work2/EMT-DLFR-master-based/MMSA/Datasets/MOSI/Processed/unaligned_50.pkl', 'seq_lens': (50, 375, 500), 'feature_dims': (768, 5, 20), 'train_samples': 1284, 'num_classes': 3, 'language': 'en', 'missing_seed': (111, 1111, 11111), 'data_missing': True, 'deal_missing': False, 'need_data_aligned': False, 'need_model_aligned': False, 'need_normalized': False, 'use_bert': True, 'use_finetune': True, 'save_labels': False, 'early_stop': 8, 'update_epochs': 4, 'batch_size': 32, 'learning_rate_bert': 5e-05, 'learning_rate_audio': 0.001, 'learning_rate_video': 0.0001, 'learning_rate_other': 0.001, 'weight_decay_bert': 0.001, 'weight_decay_audio': 0.01, 'weight_decay_video': 0.001, 'weight_decay_other': 0.001, 'a_lstm_hidden_size': 32, 'v_lstm_hidden_size': 64, 'a_lstm_layers': 1, 'v_lstm_layers': 1, 'text_out': 768, 'audio_out': 16, 'video_out': 32, 'a_lstm_dropout': 0.0, 'v_lstm_dropout': 0.0, 't_bert_dropout': 0.1, 'd_model': 128, 'fusion_layers': 3, 'heads': 4, 'learnable_pos_emb': False, 'emb_dropout': 0.0, 'attn_dropout': 0.2, 'ff_dropout': 0.1, 'ff_expansion': 4, 'mpu_share': True, 'modality_share': True, 'layer_share': True, 'attn_act_fn': 'tanh', 'gnn_num_segments': 8, 'gnn_num_layers': 2, 'gmc_tokens_pred_dim': 128, 'text_pred_dim': 256, 'audio_pred_dim': 8, 'video_pred_dim': 16, 'recon_loss': 'SmoothL1Loss', 'loss_attra_weight': 1, 'loss_recon_weight': 1, 'post_fusion_dim': 256, 'post_fusion_dropout': 0.3, 'H': 3.0, 'cur_time': 3, 'model_save_path': 'results/mosi/emt-dlfr/run_once/models/emt-dlfr-mosi-regression-mr0.4-11111.pth', 'device': device(type='cuda', index=1), 'tasks': 'M'}>",<mean/std>,"(71.82, 0.86)","(71.81, 0.9)","(72.41, 0.87)","(72.48, 0.9)","(37.27, 0.14)","(33.43, 0.25)","(104.86, 2.4)","(55.63, 0.73)","(129.89, 3.07)","(104.54, 2.19)"
2026-01-25_14-49-31,emt-dlfr,"<Storage{'need_task_scheduling': False, 'is_tune': False, 'train_mode': 'regression', 'modelName': 'emt-dlfr', 'datasetName': 'mosi', 'num_workers': 4, 'model_save_dir': 'results/mosi/emt-dlfr/run_once/models', 'res_save_dir': 'results/mosi/emt-dlfr/run_once/results', 'gpu_ids': ['1'], 'missing_rates': array([0. , 0.1, 0.2, 0.3, 0.4, 0.5, 0.6, 0.7, 0.8, 0.9, 1. ]), 'seed': 11111, 'num_seeds': 3, 'exp_name': 'moe-uncertainty', 'diff_missing': None, 'KeyEval': 'Loss', 'save_model': True, 'use_normalized_data': False, 'seeds': [111, 1111, 11111], 'missing_rate': (0.4, 0.4, 0.4), 'dataPath': '/mnt/HDD2/teng/Master-23/sjc/work2/EMT-DLFR-master-based/MMSA/Datasets/MOSI/Processed/unaligned_50.pkl', 'seq_lens': (50, 375, 500), 'feature_dims': (768, 5, 20), 'train_samples': 1284, 'num_classes': 3, 'language': 'en', 'missing_seed': (111, 1111, 11111), 'data_missing': True, 'deal_missing': False, 'need_data_aligned': False, 'need_model_aligned': False, 'need_normalized': False, 'use_bert': True, 'use_finetune': True, 'save_labels': False, 'early_stop': 8, 'update_epochs': 4, 'batch_size': 32, 'learning_rate_bert': 5e-05, 'learning_rate_audio': 0.001, 'learning_rate_video': 0.0001, 'learning_rate_other': 0.001, 'weight_decay_bert': 0.001, 'weight_decay_audio': 0.01, 'weight_decay_video': 0.001, 'weight_decay_other': 0.001, 'a_lstm_hidden_size': 32, 'v_lstm_hidden_size': 64, 'a_lstm_layers': 1, 'v_lstm_layers': 1, 'text_out': 768, 'audio_out': 16, 'video_out': 32, 'a_lstm_dropout': 0.0, 'v_lstm_dropout': 0.0, 't_bert_dropout': 0.1, 'd_model': 128, 'fusion_layers': 3, 'heads': 4, 'learnable_pos_emb': False, 'emb_dropout': 0.0, 'attn_dropout': 0.2, 'ff_dropout': 0.1, 'ff_expansion': 4, 'mpu_share': True, 'modality_share': True, 'layer_share': True, 'attn_act_fn': 'tanh', 'gnn_num_segments': 8, 'gnn_num_layers': 2, 'gmc_tokens_pred_dim': 128, 'text_pred_dim': 256, 'audio_pred_dim': 8, 'video_pred_dim': 16, 'recon_loss': 'SmoothL1Loss', 'loss_attra_weight': 1, 'loss_recon_weight': 1, 'post_fusion_dim': 256, 'post_fusion_dropout': 0.3, 'H': 3.0, 'cur_time': 3, 'model_save_path': 'results/mosi/emt-dlfr/run_once/models/emt-dlfr-mosi-regression-mr0.4-11111.pth', 'device': device(type='cuda', index=1), 'tasks': 'M'}>",<max/seed>,"(73.03, 11111)","(73.08, 11111)","(73.63, 11111)","(73.75, 11111)","(37.46, 1111)","(33.67, 1111)","(108.18, 111)","(56.65, 11111)","(134.0, 111)","(107.41, 111)"
2026-01-25_14-49-31,emt-dlfr,"<Storage{'need_task_scheduling': False, 'is_tune': False, 'train_mode': 'regression', 'modelName': 'emt-dlfr', 'datasetName': 'mosi', 'num_workers': 4, 'model_save_dir': 'results/mosi/emt-dlfr/run_once/models', 'res_save_dir': 'results/mosi/emt-dlfr/run_once/results', 'gpu_ids': ['1'], 'missing_rates': array([0. , 0.1, 0.2, 0.3, 0.4, 0.5, 0.6, 0.7, 0.8, 0.9, 1. ]), 'seed': 11111, 'num_seeds': 3, 'exp_name': 'moe-uncertainty', 'diff_missing': None, 'KeyEval': 'Loss', 'save_model': True, 'use_normalized_data': False, 'seeds': [111, 1111, 11111], 'missing_rate': (0.4, 0.4, 0.4), 'dataPath': '/mnt/HDD2/teng/Master-23/sjc/work2/EMT-DLFR-master-based/MMSA/Datasets/MOSI/Processed/unaligned_50.pkl', 'seq_lens': (50, 375, 500), 'feature_dims': (768, 5, 20), 'train_samples': 1284, 'num_classes': 3, 'language': 'en', 'missing_seed': (111, 1111, 11111), 'data_missing': True, 'deal_missing': False, 'need_data_aligned': False, 'need_model_aligned': False, 'need_normalized': False, 'use_bert': True, 'use_finetune': True, 'save_labels': False, 'early_stop': 8, 'update_epochs': 4, 'batch_size': 32, 'learning_rate_bert': 5e-05, 'learning_rate_audio': 0.001, 'learning_rate_video': 0.0001, 'learning_rate_other': 0.001, 'weight_decay_bert': 0.001, 'weight_decay_audio': 0.01, 'weight_decay_video': 0.001, 'weight_decay_other': 0.001, 'a_lstm_hidden_size': 32, 'v_lstm_hidden_size': 64, 'a_lstm_layers': 1, 'v_lstm_layers': 1, 'text_out': 768, 'audio_out': 16, 'video_out': 32, 'a_lstm_dropout': 0.0, 'v_lstm_dropout': 0.0, 't_bert_dropout': 0.1, 'd_model': 128, 'fusion_layers': 3, 'heads': 4, 'learnable_pos_emb': False, 'emb_dropout': 0.0, 'attn_dropout': 0.2, 'ff_dropout': 0.1, 'ff_expansion': 4, 'mpu_share': True, 'modality_share': True, 'layer_share': True, 'attn_act_fn': 'tanh', 'gnn_num_segments': 8, 'gnn_num_layers': 2, 'gmc_tokens_pred_dim': 128, 'text_pred_dim': 256, 'audio_pred_dim': 8, 'video_pred_dim': 16, 'recon_loss': 'SmoothL1Loss', 'loss_attra_weight': 1, 'loss_recon_weight': 1, 'post_fusion_dim': 256, 'post_fusion_dropout': 0.3, 'H': 3.0, 'cur_time': 3, 'model_save_path': 'results/mosi/emt-dlfr/run_once/models/emt-dlfr-mosi-regression-mr0.4-11111.pth', 'device': device(type='cuda', index=1), 'tasks': 'M'}>",<min/seed>,"(71.14, 1111)","(71.04, 1111)","(71.65, 111)","(71.78, 111)","(37.17, 111)","(33.09, 111)","(102.59, 11111)","(55.01, 111)","(126.65, 11111)","(102.11, 11111)"
2026-01-25_17-29-06,emt-dlfr,"<Storage{'need_task_scheduling': False, 'is_tune': False, 'train_mode': 'regression', 'modelName': 'emt-dlfr', 'datasetName': 'mosi', 'num_workers': 4, 'model_save_dir': 'results/mosi/emt-dlfr/run_once/models', 'res_save_dir': 'results/mosi/emt-dlfr/run_once/results', 'gpu_ids': ['1'], 'missing_rates': array([0. , 0.1, 0.2, 0.3, 0.4, 0.5, 0.6, 0.7, 0.8, 0.9, 1. ]), 'seed': 11111, 'num_seeds': 3, 'exp_name': 'moe-uncertainty', 'diff_missing': None, 'KeyEval': 'Loss', 'save_model': True, 'use_normalized_data': False, 'seeds': [111, 1111, 11111], 'missing_rate': (0.4, 0.4, 0.4), 'dataPath': '/mnt/HDD2/teng/Master-23/sjc/work2/EMT-DLFR-master-based/MMSA/Datasets/MOSI/Processed/unaligned_50.pkl', 'seq_lens': (50, 375, 500), 'feature_dims': (768, 5, 20), 'train_samples': 1284, 'num_classes': 3, 'language': 'en', 'missing_seed': (111, 1111, 11111), 'data_missing': True, 'deal_missing': False, 'need_data_aligned': False, 'need_model_aligned': False, 'need_normalized': False, 'use_bert': True, 'use_finetune': True, 'save_labels': False, 'early_stop': 8, 'update_epochs': 4, 'batch_size': 32, 'learning_rate_bert': 5e-05, 'learning_rate_audio': 0.001, 'learning_rate_video': 0.0001, 'learning_rate_other': 0.001, 'weight_decay_bert': 0.001, 'weight_decay_audio': 0.01, 'weight_decay_video': 0.001, 'weight_decay_other': 0.001, 'a_lstm_hidden_size': 32, 'v_lstm_hidden_size': 64, 'a_lstm_layers': 1, 'v_lstm_layers': 1, 'text_out': 768, 'audio_out': 16, 'video_out': 32, 'a_lstm_dropout': 0.0, 'v_lstm_dropout': 0.0, 't_bert_dropout': 0.1, 'd_model': 128, 'fusion_layers': 3, 'heads': 4, 'learnable_pos_emb': False, 'emb_dropout': 0.0, 'attn_dropout': 0.2, 'ff_dropout': 0.1, 'ff_expansion': 4, 'mpu_share': True, 'modality_share': True, 'layer_share': True, 'attn_act_fn': 'tanh', 'gmc_tokens_pred_dim': 128, 'text_pred_dim': 256, 'audio_pred_dim': 8, 'video_pred_dim': 16, 'recon_loss': 'SmoothL1Loss', 'loss_attra_weight': 1, 'loss_recon_weight': 1, 'post_fusion_dim': 256, 'post_fusion_dropout': 0.3, 'H': 3.0, 'cur_time': 3, 'model_save_path': 'results/mosi/emt-dlfr/run_once/models/emt-dlfr-mosi-regression-mr0.4-11111.pth', 'device': device(type='cuda', index=1), 'tasks': 'M'}>",111,72.01,72.09,72.41,72.57,35.28,31.2,104.41,55.38,131.39,104.07
2026-01-25_17-29-06,emt-dlfr,"<Storage{'need_task_scheduling': False, 'is_tune': False, 'train_mode': 'regression', 'modelName': 'emt-dlfr', 'datasetName': 'mosi', 'num_workers': 4, 'model_save_dir': 'results/mosi/emt-dlfr/run_once/models', 'res_save_dir': 'results/mosi/emt-dlfr/run_once/results', 'gpu_ids': ['1'], 'missing_rates': array([0. , 0.1, 0.2, 0.3, 0.4, 0.5, 0.6, 0.7, 0.8, 0.9, 1. ]), 'seed': 11111, 'num_seeds': 3, 'exp_name': 'moe-uncertainty', 'diff_missing': None, 'KeyEval': 'Loss', 'save_model': True, 'use_normalized_data': False, 'seeds': [111, 1111, 11111], 'missing_rate': (0.4, 0.4, 0.4), 'dataPath': '/mnt/HDD2/teng/Master-23/sjc/work2/EMT-DLFR-master-based/MMSA/Datasets/MOSI/Processed/unaligned_50.pkl', 'seq_lens': (50, 375, 500), 'feature_dims': (768, 5, 20), 'train_samples': 1284, 'num_classes': 3, 'language': 'en', 'missing_seed': (111, 1111, 11111), 'data_missing': True, 'deal_missing': False, 'need_data_aligned': False, 'need_model_aligned': False, 'need_normalized': False, 'use_bert': True, 'use_finetune': True, 'save_labels': False, 'early_stop': 8, 'update_epochs': 4, 'batch_size': 32, 'learning_rate_bert': 5e-05, 'learning_rate_audio': 0.001, 'learning_rate_video': 0.0001, 'learning_rate_other': 0.001, 'weight_decay_bert': 0.001, 'weight_decay_audio': 0.01, 'weight_decay_video': 0.001, 'weight_decay_other': 0.001, 'a_lstm_hidden_size': 32, 'v_lstm_hidden_size': 64, 'a_lstm_layers': 1, 'v_lstm_layers': 1, 'text_out': 768, 'audio_out': 16, 'video_out': 32, 'a_lstm_dropout': 0.0, 'v_lstm_dropout': 0.0, 't_bert_dropout': 0.1, 'd_model': 128, 'fusion_layers': 3, 'heads': 4, 'learnable_pos_emb': False, 'emb_dropout': 0.0, 'attn_dropout': 0.2, 'ff_dropout': 0.1, 'ff_expansion': 4, 'mpu_share': True, 'modality_share': True, 'layer_share': True, 'attn_act_fn': 'tanh', 'gmc_tokens_pred_dim': 128, 'text_pred_dim': 256, 'audio_pred_dim': 8, 'video_pred_dim': 16, 'recon_loss': 'SmoothL1Loss', 'loss_attra_weight': 1, 'loss_recon_weight': 1, 'post_fusion_dim': 256, 'post_fusion_dropout': 0.3, 'H': 3.0, 'cur_time': 3, 'model_save_path': 'results/mosi/emt-dlfr/run_once/models/emt-dlfr-mosi-regression-mr0.4-11111.pth', 'device': device(type='cuda', index=1), 'tasks': 'M'}>",1111,70.41,70.36,71.65,71.7,36.3,33.09,104.57,54.75,129.37,104.6
2026-01-25_17-29-06,emt-dlfr,"<Storage{'need_task_scheduling': False, 'is_tune': False, 'train_mode': 'regression', 'modelName': 'emt-dlfr', 'datasetName': 'mosi', 'num_workers': 4, 'model_save_dir': 'results/mosi/emt-dlfr/run_once/models', 'res_save_dir': 'results/mosi/emt-dlfr/run_once/results', 'gpu_ids': ['1'], 'missing_rates': array([0. , 0.1, 0.2, 0.3, 0.4, 0.5, 0.6, 0.7, 0.8, 0.9, 1. ]), 'seed': 11111, 'num_seeds': 3, 'exp_name': 'moe-uncertainty', 'diff_missing': None, 'KeyEval': 'Loss', 'save_model': True, 'use_normalized_data': False, 'seeds': [111, 1111, 11111], 'missing_rate': (0.4, 0.4, 0.4), 'dataPath': '/mnt/HDD2/teng/Master-23/sjc/work2/EMT-DLFR-master-based/MMSA/Datasets/MOSI/Processed/unaligned_50.pkl', 'seq_lens': (50, 375, 500), 'feature_dims': (768, 5, 20), 'train_samples': 1284, 'num_classes': 3, 'language': 'en', 'missing_seed': (111, 1111, 11111), 'data_missing': True, 'deal_missing': False, 'need_data_aligned': False, 'need_model_aligned': False, 'need_normalized': False, 'use_bert': True, 'use_finetune': True, 'save_labels': False, 'early_stop': 8, 'update_epochs': 4, 'batch_size': 32, 'learning_rate_bert': 5e-05, 'learning_rate_audio': 0.001, 'learning_rate_video': 0.0001, 'learning_rate_other': 0.001, 'weight_decay_bert': 0.001, 'weight_decay_audio': 0.01, 'weight_decay_video': 0.001, 'weight_decay_other': 0.001, 'a_lstm_hidden_size': 32, 'v_lstm_hidden_size': 64, 'a_lstm_layers': 1, 'v_lstm_layers': 1, 'text_out': 768, 'audio_out': 16, 'video_out': 32, 'a_lstm_dropout': 0.0, 'v_lstm_dropout': 0.0, 't_bert_dropout': 0.1, 'd_model': 128, 'fusion_layers': 3, 'heads': 4, 'learnable_pos_emb': False, 'emb_dropout': 0.0, 'attn_dropout': 0.2, 'ff_dropout': 0.1, 'ff_expansion': 4, 'mpu_share': True, 'modality_share': True, 'layer_share': True, 'attn_act_fn': 'tanh', 'gmc_tokens_pred_dim': 128, 'text_pred_dim': 256, 'audio_pred_dim': 8, 'video_pred_dim': 16, 'recon_loss': 'SmoothL1Loss', 'loss_attra_weight': 1, 'loss_recon_weight': 1, 'post_fusion_dim': 256, 'post_fusion_dropout': 0.3, 'H': 3.0, 'cur_time': 3, 'model_save_path': 'results/mosi/emt-dlfr/run_once/models/emt-dlfr-mosi-regression-mr0.4-11111.pth', 'device': device(type='cuda', index=1), 'tasks': 'M'}>",11111,72.16,72.23,72.87,73.02,28.28,25.66,113.47,52.08,141.02,114.39
2026-01-25_17-29-06,emt-dlfr,"<Storage{'need_task_scheduling': False, 'is_tune': False, 'train_mode': 'regression', 'modelName': 'emt-dlfr', 'datasetName': 'mosi', 'num_workers': 4, 'model_save_dir': 'results/mosi/emt-dlfr/run_once/models', 'res_save_dir': 'results/mosi/emt-dlfr/run_once/results', 'gpu_ids': ['1'], 'missing_rates': array([0. , 0.1, 0.2, 0.3, 0.4, 0.5, 0.6, 0.7, 0.8, 0.9, 1. ]), 'seed': 11111, 'num_seeds': 3, 'exp_name': 'moe-uncertainty', 'diff_missing': None, 'KeyEval': 'Loss', 'save_model': True, 'use_normalized_data': False, 'seeds': [111, 1111, 11111], 'missing_rate': (0.4, 0.4, 0.4), 'dataPath': '/mnt/HDD2/teng/Master-23/sjc/work2/EMT-DLFR-master-based/MMSA/Datasets/MOSI/Processed/unaligned_50.pkl', 'seq_lens': (50, 375, 500), 'feature_dims': (768, 5, 20), 'train_samples': 1284, 'num_classes': 3, 'language': 'en', 'missing_seed': (111, 1111, 11111), 'data_missing': True, 'deal_missing': False, 'need_data_aligned': False, 'need_model_aligned': False, 'need_normalized': False, 'use_bert': True, 'use_finetune': True, 'save_labels': False, 'early_stop': 8, 'update_epochs': 4, 'batch_size': 32, 'learning_rate_bert': 5e-05, 'learning_rate_audio': 0.001, 'learning_rate_video': 0.0001, 'learning_rate_other': 0.001, 'weight_decay_bert': 0.001, 'weight_decay_audio': 0.01, 'weight_decay_video': 0.001, 'weight_decay_other': 0.001, 'a_lstm_hidden_size': 32, 'v_lstm_hidden_size': 64, 'a_lstm_layers': 1, 'v_lstm_layers': 1, 'text_out': 768, 'audio_out': 16, 'video_out': 32, 'a_lstm_dropout': 0.0, 'v_lstm_dropout': 0.0, 't_bert_dropout': 0.1, 'd_model': 128, 'fusion_layers': 3, 'heads': 4, 'learnable_pos_emb': False, 'emb_dropout': 0.0, 'attn_dropout': 0.2, 'ff_dropout': 0.1, 'ff_expansion': 4, 'mpu_share': True, 'modality_share': True, 'layer_share': True, 'attn_act_fn': 'tanh', 'gmc_tokens_pred_dim': 128, 'text_pred_dim': 256, 'audio_pred_dim': 8, 'video_pred_dim': 16, 'recon_loss': 'SmoothL1Loss', 'loss_attra_weight': 1, 'loss_recon_weight': 1, 'post_fusion_dim': 256, 'post_fusion_dropout': 0.3, 'H': 3.0, 'cur_time': 3, 'model_save_path': 'results/mosi/emt-dlfr/run_once/models/emt-dlfr-mosi-regression-mr0.4-11111.pth', 'device': device(type='cuda', index=1), 'tasks': 'M'}>",<mean/std>,"(71.53, 0.79)","(71.56, 0.85)","(72.31, 0.5)","(72.43, 0.55)","(33.29, 3.56)","(29.98, 3.15)","(107.48, 4.23)","(54.07, 1.43)","(133.93, 5.08)","(107.69, 4.74)"
2026-01-25_17-29-06,emt-dlfr,"<Storage{'need_task_scheduling': False, 'is_tune': False, 'train_mode': 'regression', 'modelName': 'emt-dlfr', 'datasetName': 'mosi', 'num_workers': 4, 'model_save_dir': 'results/mosi/emt-dlfr/run_once/models', 'res_save_dir': 'results/mosi/emt-dlfr/run_once/results', 'gpu_ids': ['1'], 'missing_rates': array([0. , 0.1, 0.2, 0.3, 0.4, 0.5, 0.6, 0.7, 0.8, 0.9, 1. ]), 'seed': 11111, 'num_seeds': 3, 'exp_name': 'moe-uncertainty', 'diff_missing': None, 'KeyEval': 'Loss', 'save_model': True, 'use_normalized_data': False, 'seeds': [111, 1111, 11111], 'missing_rate': (0.4, 0.4, 0.4), 'dataPath': '/mnt/HDD2/teng/Master-23/sjc/work2/EMT-DLFR-master-based/MMSA/Datasets/MOSI/Processed/unaligned_50.pkl', 'seq_lens': (50, 375, 500), 'feature_dims': (768, 5, 20), 'train_samples': 1284, 'num_classes': 3, 'language': 'en', 'missing_seed': (111, 1111, 11111), 'data_missing': True, 'deal_missing': False, 'need_data_aligned': False, 'need_model_aligned': False, 'need_normalized': False, 'use_bert': True, 'use_finetune': True, 'save_labels': False, 'early_stop': 8, 'update_epochs': 4, 'batch_size': 32, 'learning_rate_bert': 5e-05, 'learning_rate_audio': 0.001, 'learning_rate_video': 0.0001, 'learning_rate_other': 0.001, 'weight_decay_bert': 0.001, 'weight_decay_audio': 0.01, 'weight_decay_video': 0.001, 'weight_decay_other': 0.001, 'a_lstm_hidden_size': 32, 'v_lstm_hidden_size': 64, 'a_lstm_layers': 1, 'v_lstm_layers': 1, 'text_out': 768, 'audio_out': 16, 'video_out': 32, 'a_lstm_dropout': 0.0, 'v_lstm_dropout': 0.0, 't_bert_dropout': 0.1, 'd_model': 128, 'fusion_layers': 3, 'heads': 4, 'learnable_pos_emb': False, 'emb_dropout': 0.0, 'attn_dropout': 0.2, 'ff_dropout': 0.1, 'ff_expansion': 4, 'mpu_share': True, 'modality_share': True, 'layer_share': True, 'attn_act_fn': 'tanh', 'gmc_tokens_pred_dim': 128, 'text_pred_dim': 256, 'audio_pred_dim': 8, 'video_pred_dim': 16, 'recon_loss': 'SmoothL1Loss', 'loss_attra_weight': 1, 'loss_recon_weight': 1, 'post_fusion_dim': 256, 'post_fusion_dropout': 0.3, 'H': 3.0, 'cur_time': 3, 'model_save_path': 'results/mosi/emt-dlfr/run_once/models/emt-dlfr-mosi-regression-mr0.4-11111.pth', 'device': device(type='cuda', index=1), 'tasks': 'M'}>",<max/seed>,"(72.16, 11111)","(72.23, 11111)","(72.87, 11111)","(73.02, 11111)","(36.3, 1111)","(33.09, 1111)","(113.47, 11111)","(55.38, 111)","(141.02, 11111)","(114.39, 11111)"
2026-01-25_17-29-06,emt-dlfr,"<Storage{'need_task_scheduling': False, 'is_tune': False, 'train_mode': 'regression', 'modelName': 'emt-dlfr', 'datasetName': 'mosi', 'num_workers': 4, 'model_save_dir': 'results/mosi/emt-dlfr/run_once/models', 'res_save_dir': 'results/mosi/emt-dlfr/run_once/results', 'gpu_ids': ['1'], 'missing_rates': array([0. , 0.1, 0.2, 0.3, 0.4, 0.5, 0.6, 0.7, 0.8, 0.9, 1. ]), 'seed': 11111, 'num_seeds': 3, 'exp_name': 'moe-uncertainty', 'diff_missing': None, 'KeyEval': 'Loss', 'save_model': True, 'use_normalized_data': False, 'seeds': [111, 1111, 11111], 'missing_rate': (0.4, 0.4, 0.4), 'dataPath': '/mnt/HDD2/teng/Master-23/sjc/work2/EMT-DLFR-master-based/MMSA/Datasets/MOSI/Processed/unaligned_50.pkl', 'seq_lens': (50, 375, 500), 'feature_dims': (768, 5, 20), 'train_samples': 1284, 'num_classes': 3, 'language': 'en', 'missing_seed': (111, 1111, 11111), 'data_missing': True, 'deal_missing': False, 'need_data_aligned': False, 'need_model_aligned': False, 'need_normalized': False, 'use_bert': True, 'use_finetune': True, 'save_labels': False, 'early_stop': 8, 'update_epochs': 4, 'batch_size': 32, 'learning_rate_bert': 5e-05, 'learning_rate_audio': 0.001, 'learning_rate_video': 0.0001, 'learning_rate_other': 0.001, 'weight_decay_bert': 0.001, 'weight_decay_audio': 0.01, 'weight_decay_video': 0.001, 'weight_decay_other': 0.001, 'a_lstm_hidden_size': 32, 'v_lstm_hidden_size': 64, 'a_lstm_layers': 1, 'v_lstm_layers': 1, 'text_out': 768, 'audio_out': 16, 'video_out': 32, 'a_lstm_dropout': 0.0, 'v_lstm_dropout': 0.0, 't_bert_dropout': 0.1, 'd_model': 128, 'fusion_layers': 3, 'heads': 4, 'learnable_pos_emb': False, 'emb_dropout': 0.0, 'attn_dropout': 0.2, 'ff_dropout': 0.1, 'ff_expansion': 4, 'mpu_share': True, 'modality_share': True, 'layer_share': True, 'attn_act_fn': 'tanh', 'gmc_tokens_pred_dim': 128, 'text_pred_dim': 256, 'audio_pred_dim': 8, 'video_pred_dim': 16, 'recon_loss': 'SmoothL1Loss', 'loss_attra_weight': 1, 'loss_recon_weight': 1, 'post_fusion_dim': 256, 'post_fusion_dropout': 0.3, 'H': 3.0, 'cur_time': 3, 'model_save_path': 'results/mosi/emt-dlfr/run_once/models/emt-dlfr-mosi-regression-mr0.4-11111.pth', 'device': device(type='cuda', index=1), 'tasks': 'M'}>",<min/seed>,"(70.41, 1111)","(70.36, 1111)","(71.65, 1111)","(71.7, 1111)","(28.28, 11111)","(25.66, 11111)","(104.41, 111)","(52.08, 11111)","(129.37, 1111)","(104.07, 111)"
2026-01-26_01-47-48,emt-dlfr,"<Storage{'need_task_scheduling': False, 'is_tune': False, 'train_mode': 'regression', 'modelName': 'emt-dlfr', 'datasetName': 'mosi', 'num_workers': 4, 'model_save_dir': 'results/mosi/emt-dlfr/run_once/models', 'res_save_dir': 'results/mosi/emt-dlfr/run_once/results', 'gpu_ids': ['1'], 'missing_rates': array([0. , 0.1, 0.2, 0.3, 0.4, 0.5, 0.6, 0.7, 0.8, 0.9, 1. ]), 'seed': 11111, 'num_seeds': 3, 'exp_name': 'moe-uncertainty', 'diff_missing': None, 'KeyEval': 'Loss', 'save_model': True, 'use_normalized_data': False, 'seeds': [111, 1111, 11111], 'missing_rate': (0.4, 0.4, 0.4), 'dataPath': '/mnt/HDD2/teng/Master-23/sjc/work2/EMT-DLFR-master-based/MMSA/Datasets/MOSI/Processed/unaligned_50.pkl', 'seq_lens': (50, 375, 500), 'feature_dims': (768, 5, 20), 'train_samples': 1284, 'num_classes': 3, 'language': 'en', 'missing_seed': (111, 1111, 11111), 'data_missing': True, 'deal_missing': False, 'need_data_aligned': False, 'need_model_aligned': False, 'need_normalized': False, 'use_bert': True, 'use_finetune': True, 'save_labels': False, 'early_stop': 8, 'update_epochs': 4, 'batch_size': 32, 'learning_rate_bert': 5e-05, 'learning_rate_audio': 0.001, 'learning_rate_video': 0.0001, 'learning_rate_other': 0.001, 'weight_decay_bert': 0.001, 'weight_decay_audio': 0.01, 'weight_decay_video': 0.001, 'weight_decay_other': 0.001, 'a_lstm_hidden_size': 32, 'v_lstm_hidden_size': 64, 'a_lstm_layers': 1, 'v_lstm_layers': 1, 'text_out': 768, 'audio_out': 16, 'video_out': 32, 'a_lstm_dropout': 0.0, 'v_lstm_dropout': 0.0, 't_bert_dropout': 0.1, 'd_model': 128, 'fusion_layers': 3, 'heads': 4, 'learnable_pos_emb': False, 'emb_dropout': 0.0, 'attn_dropout': 0.2, 'ff_dropout': 0.1, 'ff_expansion': 4, 'mpu_share': True, 'modality_share': True, 'layer_share': True, 'attn_act_fn': 'tanh', 'a_transformer_heads': 4, 'v_transformer_heads': 4, 'use_transformer_pos_emb': True, 'transformer_pooling': 'mean', 'gmc_tokens_pred_dim': 128, 'text_pred_dim': 256, 'audio_pred_dim': 8, 'video_pred_dim': 16, 'recon_loss': 'SmoothL1Loss', 'loss_attra_weight': 1, 'loss_recon_weight': 1, 'post_fusion_dim': 256, 'post_fusion_dropout': 0.3, 'H': 3.0, 'cur_time': 3, 'model_save_path': 'results/mosi/emt-dlfr/run_once/models/emt-dlfr-mosi-regression-mr0.4-11111.pth', 'device': device(type='cuda', index=1), 'tasks': 'M'}>",111,73.76,73.83,74.24,74.39,36.3,32.65,105.72,55.61,131.19,105.27
2026-01-26_01-47-48,emt-dlfr,"<Storage{'need_task_scheduling': False, 'is_tune': False, 'train_mode': 'regression', 'modelName': 'emt-dlfr', 'datasetName': 'mosi', 'num_workers': 4, 'model_save_dir': 'results/mosi/emt-dlfr/run_once/models', 'res_save_dir': 'results/mosi/emt-dlfr/run_once/results', 'gpu_ids': ['1'], 'missing_rates': array([0. , 0.1, 0.2, 0.3, 0.4, 0.5, 0.6, 0.7, 0.8, 0.9, 1. ]), 'seed': 11111, 'num_seeds': 3, 'exp_name': 'moe-uncertainty', 'diff_missing': None, 'KeyEval': 'Loss', 'save_model': True, 'use_normalized_data': False, 'seeds': [111, 1111, 11111], 'missing_rate': (0.4, 0.4, 0.4), 'dataPath': '/mnt/HDD2/teng/Master-23/sjc/work2/EMT-DLFR-master-based/MMSA/Datasets/MOSI/Processed/unaligned_50.pkl', 'seq_lens': (50, 375, 500), 'feature_dims': (768, 5, 20), 'train_samples': 1284, 'num_classes': 3, 'language': 'en', 'missing_seed': (111, 1111, 11111), 'data_missing': True, 'deal_missing': False, 'need_data_aligned': False, 'need_model_aligned': False, 'need_normalized': False, 'use_bert': True, 'use_finetune': True, 'save_labels': False, 'early_stop': 8, 'update_epochs': 4, 'batch_size': 32, 'learning_rate_bert': 5e-05, 'learning_rate_audio': 0.001, 'learning_rate_video': 0.0001, 'learning_rate_other': 0.001, 'weight_decay_bert': 0.001, 'weight_decay_audio': 0.01, 'weight_decay_video': 0.001, 'weight_decay_other': 0.001, 'a_lstm_hidden_size': 32, 'v_lstm_hidden_size': 64, 'a_lstm_layers': 1, 'v_lstm_layers': 1, 'text_out': 768, 'audio_out': 16, 'video_out': 32, 'a_lstm_dropout': 0.0, 'v_lstm_dropout': 0.0, 't_bert_dropout': 0.1, 'd_model': 128, 'fusion_layers': 3, 'heads': 4, 'learnable_pos_emb': False, 'emb_dropout': 0.0, 'attn_dropout': 0.2, 'ff_dropout': 0.1, 'ff_expansion': 4, 'mpu_share': True, 'modality_share': True, 'layer_share': True, 'attn_act_fn': 'tanh', 'a_transformer_heads': 4, 'v_transformer_heads': 4, 'use_transformer_pos_emb': True, 'transformer_pooling': 'mean', 'gmc_tokens_pred_dim': 128, 'text_pred_dim': 256, 'audio_pred_dim': 8, 'video_pred_dim': 16, 'recon_loss': 'SmoothL1Loss', 'loss_attra_weight': 1, 'loss_recon_weight': 1, 'post_fusion_dim': 256, 'post_fusion_dropout': 0.3, 'H': 3.0, 'cur_time': 3, 'model_save_path': 'results/mosi/emt-dlfr/run_once/models/emt-dlfr-mosi-regression-mr0.4-11111.pth', 'device': device(type='cuda', index=1), 'tasks': 'M'}>",1111,72.89,72.87,73.78,73.84,34.4,30.76,105.47,54.62,129.33,105.37
2026-01-26_01-47-48,emt-dlfr,"<Storage{'need_task_scheduling': False, 'is_tune': False, 'train_mode': 'regression', 'modelName': 'emt-dlfr', 'datasetName': 'mosi', 'num_workers': 4, 'model_save_dir': 'results/mosi/emt-dlfr/run_once/models', 'res_save_dir': 'results/mosi/emt-dlfr/run_once/results', 'gpu_ids': ['1'], 'missing_rates': array([0. , 0.1, 0.2, 0.3, 0.4, 0.5, 0.6, 0.7, 0.8, 0.9, 1. ]), 'seed': 11111, 'num_seeds': 3, 'exp_name': 'moe-uncertainty', 'diff_missing': None, 'KeyEval': 'Loss', 'save_model': True, 'use_normalized_data': False, 'seeds': [111, 1111, 11111], 'missing_rate': (0.4, 0.4, 0.4), 'dataPath': '/mnt/HDD2/teng/Master-23/sjc/work2/EMT-DLFR-master-based/MMSA/Datasets/MOSI/Processed/unaligned_50.pkl', 'seq_lens': (50, 375, 500), 'feature_dims': (768, 5, 20), 'train_samples': 1284, 'num_classes': 3, 'language': 'en', 'missing_seed': (111, 1111, 11111), 'data_missing': True, 'deal_missing': False, 'need_data_aligned': False, 'need_model_aligned': False, 'need_normalized': False, 'use_bert': True, 'use_finetune': True, 'save_labels': False, 'early_stop': 8, 'update_epochs': 4, 'batch_size': 32, 'learning_rate_bert': 5e-05, 'learning_rate_audio': 0.001, 'learning_rate_video': 0.0001, 'learning_rate_other': 0.001, 'weight_decay_bert': 0.001, 'weight_decay_audio': 0.01, 'weight_decay_video': 0.001, 'weight_decay_other': 0.001, 'a_lstm_hidden_size': 32, 'v_lstm_hidden_size': 64, 'a_lstm_layers': 1, 'v_lstm_layers': 1, 'text_out': 768, 'audio_out': 16, 'video_out': 32, 'a_lstm_dropout': 0.0, 'v_lstm_dropout': 0.0, 't_bert_dropout': 0.1, 'd_model': 128, 'fusion_layers': 3, 'heads': 4, 'learnable_pos_emb': False, 'emb_dropout': 0.0, 'attn_dropout': 0.2, 'ff_dropout': 0.1, 'ff_expansion': 4, 'mpu_share': True, 'modality_share': True, 'layer_share': True, 'attn_act_fn': 'tanh', 'a_transformer_heads': 4, 'v_transformer_heads': 4, 'use_transformer_pos_emb': True, 'transformer_pooling': 'mean', 'gmc_tokens_pred_dim': 128, 'text_pred_dim': 256, 'audio_pred_dim': 8, 'video_pred_dim': 16, 'recon_loss': 'SmoothL1Loss', 'loss_attra_weight': 1, 'loss_recon_weight': 1, 'post_fusion_dim': 256, 'post_fusion_dropout': 0.3, 'H': 3.0, 'cur_time': 3, 'model_save_path': 'results/mosi/emt-dlfr/run_once/models/emt-dlfr-mosi-regression-mr0.4-11111.pth', 'device': device(type='cuda', index=1), 'tasks': 'M'}>",11111,73.03,73.09,73.32,73.45,34.4,30.32,104.78,55.51,127.88,105.7
2026-01-26_01-47-48,emt-dlfr,"<Storage{'need_task_scheduling': False, 'is_tune': False, 'train_mode': 'regression', 'modelName': 'emt-dlfr', 'datasetName': 'mosi', 'num_workers': 4, 'model_save_dir': 'results/mosi/emt-dlfr/run_once/models', 'res_save_dir': 'results/mosi/emt-dlfr/run_once/results', 'gpu_ids': ['1'], 'missing_rates': array([0. , 0.1, 0.2, 0.3, 0.4, 0.5, 0.6, 0.7, 0.8, 0.9, 1. ]), 'seed': 11111, 'num_seeds': 3, 'exp_name': 'moe-uncertainty', 'diff_missing': None, 'KeyEval': 'Loss', 'save_model': True, 'use_normalized_data': False, 'seeds': [111, 1111, 11111], 'missing_rate': (0.4, 0.4, 0.4), 'dataPath': '/mnt/HDD2/teng/Master-23/sjc/work2/EMT-DLFR-master-based/MMSA/Datasets/MOSI/Processed/unaligned_50.pkl', 'seq_lens': (50, 375, 500), 'feature_dims': (768, 5, 20), 'train_samples': 1284, 'num_classes': 3, 'language': 'en', 'missing_seed': (111, 1111, 11111), 'data_missing': True, 'deal_missing': False, 'need_data_aligned': False, 'need_model_aligned': False, 'need_normalized': False, 'use_bert': True, 'use_finetune': True, 'save_labels': False, 'early_stop': 8, 'update_epochs': 4, 'batch_size': 32, 'learning_rate_bert': 5e-05, 'learning_rate_audio': 0.001, 'learning_rate_video': 0.0001, 'learning_rate_other': 0.001, 'weight_decay_bert': 0.001, 'weight_decay_audio': 0.01, 'weight_decay_video': 0.001, 'weight_decay_other': 0.001, 'a_lstm_hidden_size': 32, 'v_lstm_hidden_size': 64, 'a_lstm_layers': 1, 'v_lstm_layers': 1, 'text_out': 768, 'audio_out': 16, 'video_out': 32, 'a_lstm_dropout': 0.0, 'v_lstm_dropout': 0.0, 't_bert_dropout': 0.1, 'd_model': 128, 'fusion_layers': 3, 'heads': 4, 'learnable_pos_emb': False, 'emb_dropout': 0.0, 'attn_dropout': 0.2, 'ff_dropout': 0.1, 'ff_expansion': 4, 'mpu_share': True, 'modality_share': True, 'layer_share': True, 'attn_act_fn': 'tanh', 'a_transformer_heads': 4, 'v_transformer_heads': 4, 'use_transformer_pos_emb': True, 'transformer_pooling': 'mean', 'gmc_tokens_pred_dim': 128, 'text_pred_dim': 256, 'audio_pred_dim': 8, 'video_pred_dim': 16, 'recon_loss': 'SmoothL1Loss', 'loss_attra_weight': 1, 'loss_recon_weight': 1, 'post_fusion_dim': 256, 'post_fusion_dropout': 0.3, 'H': 3.0, 'cur_time': 3, 'model_save_path': 'results/mosi/emt-dlfr/run_once/models/emt-dlfr-mosi-regression-mr0.4-11111.pth', 'device': device(type='cuda', index=1), 'tasks': 'M'}>",<mean/std>,"(73.23, 0.38)","(73.26, 0.41)","(73.78, 0.38)","(73.89, 0.39)","(35.03, 0.9)","(31.24, 1.01)","(105.32, 0.4)","(55.25, 0.44)","(129.47, 1.36)","(105.45, 0.18)"
2026-01-26_01-47-48,emt-dlfr,"<Storage{'need_task_scheduling': False, 'is_tune': False, 'train_mode': 'regression', 'modelName': 'emt-dlfr', 'datasetName': 'mosi', 'num_workers': 4, 'model_save_dir': 'results/mosi/emt-dlfr/run_once/models', 'res_save_dir': 'results/mosi/emt-dlfr/run_once/results', 'gpu_ids': ['1'], 'missing_rates': array([0. , 0.1, 0.2, 0.3, 0.4, 0.5, 0.6, 0.7, 0.8, 0.9, 1. ]), 'seed': 11111, 'num_seeds': 3, 'exp_name': 'moe-uncertainty', 'diff_missing': None, 'KeyEval': 'Loss', 'save_model': True, 'use_normalized_data': False, 'seeds': [111, 1111, 11111], 'missing_rate': (0.4, 0.4, 0.4), 'dataPath': '/mnt/HDD2/teng/Master-23/sjc/work2/EMT-DLFR-master-based/MMSA/Datasets/MOSI/Processed/unaligned_50.pkl', 'seq_lens': (50, 375, 500), 'feature_dims': (768, 5, 20), 'train_samples': 1284, 'num_classes': 3, 'language': 'en', 'missing_seed': (111, 1111, 11111), 'data_missing': True, 'deal_missing': False, 'need_data_aligned': False, 'need_model_aligned': False, 'need_normalized': False, 'use_bert': True, 'use_finetune': True, 'save_labels': False, 'early_stop': 8, 'update_epochs': 4, 'batch_size': 32, 'learning_rate_bert': 5e-05, 'learning_rate_audio': 0.001, 'learning_rate_video': 0.0001, 'learning_rate_other': 0.001, 'weight_decay_bert': 0.001, 'weight_decay_audio': 0.01, 'weight_decay_video': 0.001, 'weight_decay_other': 0.001, 'a_lstm_hidden_size': 32, 'v_lstm_hidden_size': 64, 'a_lstm_layers': 1, 'v_lstm_layers': 1, 'text_out': 768, 'audio_out': 16, 'video_out': 32, 'a_lstm_dropout': 0.0, 'v_lstm_dropout': 0.0, 't_bert_dropout': 0.1, 'd_model': 128, 'fusion_layers': 3, 'heads': 4, 'learnable_pos_emb': False, 'emb_dropout': 0.0, 'attn_dropout': 0.2, 'ff_dropout': 0.1, 'ff_expansion': 4, 'mpu_share': True, 'modality_share': True, 'layer_share': True, 'attn_act_fn': 'tanh', 'a_transformer_heads': 4, 'v_transformer_heads': 4, 'use_transformer_pos_emb': True, 'transformer_pooling': 'mean', 'gmc_tokens_pred_dim': 128, 'text_pred_dim': 256, 'audio_pred_dim': 8, 'video_pred_dim': 16, 'recon_loss': 'SmoothL1Loss', 'loss_attra_weight': 1, 'loss_recon_weight': 1, 'post_fusion_dim': 256, 'post_fusion_dropout': 0.3, 'H': 3.0, 'cur_time': 3, 'model_save_path': 'results/mosi/emt-dlfr/run_once/models/emt-dlfr-mosi-regression-mr0.4-11111.pth', 'device': device(type='cuda', index=1), 'tasks': 'M'}>",<max/seed>,"(73.76, 111)","(73.83, 111)","(74.24, 111)","(74.39, 111)","(36.3, 111)","(32.65, 111)","(105.72, 111)","(55.61, 111)","(131.19, 111)","(105.7, 11111)"
2026-01-26_01-47-48,emt-dlfr,"<Storage{'need_task_scheduling': False, 'is_tune': False, 'train_mode': 'regression', 'modelName': 'emt-dlfr', 'datasetName': 'mosi', 'num_workers': 4, 'model_save_dir': 'results/mosi/emt-dlfr/run_once/models', 'res_save_dir': 'results/mosi/emt-dlfr/run_once/results', 'gpu_ids': ['1'], 'missing_rates': array([0. , 0.1, 0.2, 0.3, 0.4, 0.5, 0.6, 0.7, 0.8, 0.9, 1. ]), 'seed': 11111, 'num_seeds': 3, 'exp_name': 'moe-uncertainty', 'diff_missing': None, 'KeyEval': 'Loss', 'save_model': True, 'use_normalized_data': False, 'seeds': [111, 1111, 11111], 'missing_rate': (0.4, 0.4, 0.4), 'dataPath': '/mnt/HDD2/teng/Master-23/sjc/work2/EMT-DLFR-master-based/MMSA/Datasets/MOSI/Processed/unaligned_50.pkl', 'seq_lens': (50, 375, 500), 'feature_dims': (768, 5, 20), 'train_samples': 1284, 'num_classes': 3, 'language': 'en', 'missing_seed': (111, 1111, 11111), 'data_missing': True, 'deal_missing': False, 'need_data_aligned': False, 'need_model_aligned': False, 'need_normalized': False, 'use_bert': True, 'use_finetune': True, 'save_labels': False, 'early_stop': 8, 'update_epochs': 4, 'batch_size': 32, 'learning_rate_bert': 5e-05, 'learning_rate_audio': 0.001, 'learning_rate_video': 0.0001, 'learning_rate_other': 0.001, 'weight_decay_bert': 0.001, 'weight_decay_audio': 0.01, 'weight_decay_video': 0.001, 'weight_decay_other': 0.001, 'a_lstm_hidden_size': 32, 'v_lstm_hidden_size': 64, 'a_lstm_layers': 1, 'v_lstm_layers': 1, 'text_out': 768, 'audio_out': 16, 'video_out': 32, 'a_lstm_dropout': 0.0, 'v_lstm_dropout': 0.0, 't_bert_dropout': 0.1, 'd_model': 128, 'fusion_layers': 3, 'heads': 4, 'learnable_pos_emb': False, 'emb_dropout': 0.0, 'attn_dropout': 0.2, 'ff_dropout': 0.1, 'ff_expansion': 4, 'mpu_share': True, 'modality_share': True, 'layer_share': True, 'attn_act_fn': 'tanh', 'a_transformer_heads': 4, 'v_transformer_heads': 4, 'use_transformer_pos_emb': True, 'transformer_pooling': 'mean', 'gmc_tokens_pred_dim': 128, 'text_pred_dim': 256, 'audio_pred_dim': 8, 'video_pred_dim': 16, 'recon_loss': 'SmoothL1Loss', 'loss_attra_weight': 1, 'loss_recon_weight': 1, 'post_fusion_dim': 256, 'post_fusion_dropout': 0.3, 'H': 3.0, 'cur_time': 3, 'model_save_path': 'results/mosi/emt-dlfr/run_once/models/emt-dlfr-mosi-regression-mr0.4-11111.pth', 'device': device(type='cuda', index=1), 'tasks': 'M'}>",<min/seed>,"(72.89, 1111)","(72.87, 1111)","(73.32, 11111)","(73.45, 11111)","(34.4, 1111)","(30.32, 11111)","(104.78, 11111)","(54.62, 1111)","(127.88, 11111)","(105.27, 111)"
2026-01-26_04-23-41,emt-dlfr,"<Storage{'need_task_scheduling': False, 'is_tune': False, 'train_mode': 'regression', 'modelName': 'emt-dlfr', 'datasetName': 'mosi', 'num_workers': 4, 'model_save_dir': 'results/mosi/emt-dlfr/run_once/models', 'res_save_dir': 'results/mosi/emt-dlfr/run_once/results', 'gpu_ids': ['1'], 'missing_rates': array([0. , 0.1, 0.2, 0.3, 0.4, 0.5, 0.6, 0.7, 0.8, 0.9, 1. ]), 'seed': 11111, 'num_seeds': 3, 'exp_name': 'moe-uncertainty', 'diff_missing': None, 'KeyEval': 'Loss', 'save_model': True, 'use_normalized_data': False, 'seeds': [111, 1111, 11111], 'missing_rate': (0.4, 0.4, 0.4), 'dataPath': '/mnt/HDD2/teng/Master-23/sjc/work2/EMT-DLFR-master-based/MMSA/Datasets/MOSI/Processed/unaligned_50.pkl', 'seq_lens': (50, 375, 500), 'feature_dims': (768, 5, 20), 'train_samples': 1284, 'num_classes': 3, 'language': 'en', 'missing_seed': (111, 1111, 11111), 'data_missing': True, 'deal_missing': False, 'need_data_aligned': False, 'need_model_aligned': False, 'need_normalized': False, 'use_bert': True, 'use_finetune': True, 'save_labels': False, 'early_stop': 8, 'update_epochs': 4, 'batch_size': 32, 'learning_rate_bert': 5e-05, 'learning_rate_audio': 0.001, 'learning_rate_video': 0.0001, 'learning_rate_other': 0.001, 'weight_decay_bert': 0.001, 'weight_decay_audio': 0.01, 'weight_decay_video': 0.001, 'weight_decay_other': 0.001, 'a_lstm_hidden_size': 32, 'v_lstm_hidden_size': 64, 'a_lstm_layers': 1, 'v_lstm_layers': 1, 'text_out': 768, 'audio_out': 16, 'video_out': 32, 'a_lstm_dropout': 0.0, 'v_lstm_dropout': 0.0, 't_bert_dropout': 0.1, 'd_model': 128, 'fusion_layers': 3, 'heads': 4, 'learnable_pos_emb': False, 'emb_dropout': 0.0, 'attn_dropout': 0.2, 'ff_dropout': 0.1, 'ff_expansion': 4, 'mpu_share': True, 'modality_share': True, 'layer_share': True, 'attn_act_fn': 'tanh', 'gmc_tokens_pred_dim': 128, 'text_pred_dim': 256, 'audio_pred_dim': 8, 'video_pred_dim': 16, 'recon_loss': 'SmoothL1Loss', 'loss_attra_weight': 1, 'loss_recon_weight': 1, 'post_fusion_dim': 256, 'post_fusion_dropout': 0.3, 'H': 3.0, 'cur_time': 3, 'model_save_path': 'results/mosi/emt-dlfr/run_once/models/emt-dlfr-mosi-regression-mr0.4-11111.pth', 'device': device(type='cuda', index=1), 'tasks': 'M'}>",111,72.01,72.09,72.41,72.57,35.28,31.2,104.41,55.38,131.39,104.07
2026-01-26_04-23-41,emt-dlfr,"<Storage{'need_task_scheduling': False, 'is_tune': False, 'train_mode': 'regression', 'modelName': 'emt-dlfr', 'datasetName': 'mosi', 'num_workers': 4, 'model_save_dir': 'results/mosi/emt-dlfr/run_once/models', 'res_save_dir': 'results/mosi/emt-dlfr/run_once/results', 'gpu_ids': ['1'], 'missing_rates': array([0. , 0.1, 0.2, 0.3, 0.4, 0.5, 0.6, 0.7, 0.8, 0.9, 1. ]), 'seed': 11111, 'num_seeds': 3, 'exp_name': 'moe-uncertainty', 'diff_missing': None, 'KeyEval': 'Loss', 'save_model': True, 'use_normalized_data': False, 'seeds': [111, 1111, 11111], 'missing_rate': (0.4, 0.4, 0.4), 'dataPath': '/mnt/HDD2/teng/Master-23/sjc/work2/EMT-DLFR-master-based/MMSA/Datasets/MOSI/Processed/unaligned_50.pkl', 'seq_lens': (50, 375, 500), 'feature_dims': (768, 5, 20), 'train_samples': 1284, 'num_classes': 3, 'language': 'en', 'missing_seed': (111, 1111, 11111), 'data_missing': True, 'deal_missing': False, 'need_data_aligned': False, 'need_model_aligned': False, 'need_normalized': False, 'use_bert': True, 'use_finetune': True, 'save_labels': False, 'early_stop': 8, 'update_epochs': 4, 'batch_size': 32, 'learning_rate_bert': 5e-05, 'learning_rate_audio': 0.001, 'learning_rate_video': 0.0001, 'learning_rate_other': 0.001, 'weight_decay_bert': 0.001, 'weight_decay_audio': 0.01, 'weight_decay_video': 0.001, 'weight_decay_other': 0.001, 'a_lstm_hidden_size': 32, 'v_lstm_hidden_size': 64, 'a_lstm_layers': 1, 'v_lstm_layers': 1, 'text_out': 768, 'audio_out': 16, 'video_out': 32, 'a_lstm_dropout': 0.0, 'v_lstm_dropout': 0.0, 't_bert_dropout': 0.1, 'd_model': 128, 'fusion_layers': 3, 'heads': 4, 'learnable_pos_emb': False, 'emb_dropout': 0.0, 'attn_dropout': 0.2, 'ff_dropout': 0.1, 'ff_expansion': 4, 'mpu_share': True, 'modality_share': True, 'layer_share': True, 'attn_act_fn': 'tanh', 'gmc_tokens_pred_dim': 128, 'text_pred_dim': 256, 'audio_pred_dim': 8, 'video_pred_dim': 16, 'recon_loss': 'SmoothL1Loss', 'loss_attra_weight': 1, 'loss_recon_weight': 1, 'post_fusion_dim': 256, 'post_fusion_dropout': 0.3, 'H': 3.0, 'cur_time': 3, 'model_save_path': 'results/mosi/emt-dlfr/run_once/models/emt-dlfr-mosi-regression-mr0.4-11111.pth', 'device': device(type='cuda', index=1), 'tasks': 'M'}>",1111,70.41,70.36,71.65,71.7,36.3,33.09,104.57,54.75,129.37,104.6
2026-01-26_04-23-41,emt-dlfr,"<Storage{'need_task_scheduling': False, 'is_tune': False, 'train_mode': 'regression', 'modelName': 'emt-dlfr', 'datasetName': 'mosi', 'num_workers': 4, 'model_save_dir': 'results/mosi/emt-dlfr/run_once/models', 'res_save_dir': 'results/mosi/emt-dlfr/run_once/results', 'gpu_ids': ['1'], 'missing_rates': array([0. , 0.1, 0.2, 0.3, 0.4, 0.5, 0.6, 0.7, 0.8, 0.9, 1. ]), 'seed': 11111, 'num_seeds': 3, 'exp_name': 'moe-uncertainty', 'diff_missing': None, 'KeyEval': 'Loss', 'save_model': True, 'use_normalized_data': False, 'seeds': [111, 1111, 11111], 'missing_rate': (0.4, 0.4, 0.4), 'dataPath': '/mnt/HDD2/teng/Master-23/sjc/work2/EMT-DLFR-master-based/MMSA/Datasets/MOSI/Processed/unaligned_50.pkl', 'seq_lens': (50, 375, 500), 'feature_dims': (768, 5, 20), 'train_samples': 1284, 'num_classes': 3, 'language': 'en', 'missing_seed': (111, 1111, 11111), 'data_missing': True, 'deal_missing': False, 'need_data_aligned': False, 'need_model_aligned': False, 'need_normalized': False, 'use_bert': True, 'use_finetune': True, 'save_labels': False, 'early_stop': 8, 'update_epochs': 4, 'batch_size': 32, 'learning_rate_bert': 5e-05, 'learning_rate_audio': 0.001, 'learning_rate_video': 0.0001, 'learning_rate_other': 0.001, 'weight_decay_bert': 0.001, 'weight_decay_audio': 0.01, 'weight_decay_video': 0.001, 'weight_decay_other': 0.001, 'a_lstm_hidden_size': 32, 'v_lstm_hidden_size': 64, 'a_lstm_layers': 1, 'v_lstm_layers': 1, 'text_out': 768, 'audio_out': 16, 'video_out': 32, 'a_lstm_dropout': 0.0, 'v_lstm_dropout': 0.0, 't_bert_dropout': 0.1, 'd_model': 128, 'fusion_layers': 3, 'heads': 4, 'learnable_pos_emb': False, 'emb_dropout': 0.0, 'attn_dropout': 0.2, 'ff_dropout': 0.1, 'ff_expansion': 4, 'mpu_share': True, 'modality_share': True, 'layer_share': True, 'attn_act_fn': 'tanh', 'gmc_tokens_pred_dim': 128, 'text_pred_dim': 256, 'audio_pred_dim': 8, 'video_pred_dim': 16, 'recon_loss': 'SmoothL1Loss', 'loss_attra_weight': 1, 'loss_recon_weight': 1, 'post_fusion_dim': 256, 'post_fusion_dropout': 0.3, 'H': 3.0, 'cur_time': 3, 'model_save_path': 'results/mosi/emt-dlfr/run_once/models/emt-dlfr-mosi-regression-mr0.4-11111.pth', 'device': device(type='cuda', index=1), 'tasks': 'M'}>",11111,72.16,72.23,72.87,73.02,28.28,25.66,113.47,52.08,141.02,114.39
2026-01-26_04-23-41,emt-dlfr,"<Storage{'need_task_scheduling': False, 'is_tune': False, 'train_mode': 'regression', 'modelName': 'emt-dlfr', 'datasetName': 'mosi', 'num_workers': 4, 'model_save_dir': 'results/mosi/emt-dlfr/run_once/models', 'res_save_dir': 'results/mosi/emt-dlfr/run_once/results', 'gpu_ids': ['1'], 'missing_rates': array([0. , 0.1, 0.2, 0.3, 0.4, 0.5, 0.6, 0.7, 0.8, 0.9, 1. ]), 'seed': 11111, 'num_seeds': 3, 'exp_name': 'moe-uncertainty', 'diff_missing': None, 'KeyEval': 'Loss', 'save_model': True, 'use_normalized_data': False, 'seeds': [111, 1111, 11111], 'missing_rate': (0.4, 0.4, 0.4), 'dataPath': '/mnt/HDD2/teng/Master-23/sjc/work2/EMT-DLFR-master-based/MMSA/Datasets/MOSI/Processed/unaligned_50.pkl', 'seq_lens': (50, 375, 500), 'feature_dims': (768, 5, 20), 'train_samples': 1284, 'num_classes': 3, 'language': 'en', 'missing_seed': (111, 1111, 11111), 'data_missing': True, 'deal_missing': False, 'need_data_aligned': False, 'need_model_aligned': False, 'need_normalized': False, 'use_bert': True, 'use_finetune': True, 'save_labels': False, 'early_stop': 8, 'update_epochs': 4, 'batch_size': 32, 'learning_rate_bert': 5e-05, 'learning_rate_audio': 0.001, 'learning_rate_video': 0.0001, 'learning_rate_other': 0.001, 'weight_decay_bert': 0.001, 'weight_decay_audio': 0.01, 'weight_decay_video': 0.001, 'weight_decay_other': 0.001, 'a_lstm_hidden_size': 32, 'v_lstm_hidden_size': 64, 'a_lstm_layers': 1, 'v_lstm_layers': 1, 'text_out': 768, 'audio_out': 16, 'video_out': 32, 'a_lstm_dropout': 0.0, 'v_lstm_dropout': 0.0, 't_bert_dropout': 0.1, 'd_model': 128, 'fusion_layers': 3, 'heads': 4, 'learnable_pos_emb': False, 'emb_dropout': 0.0, 'attn_dropout': 0.2, 'ff_dropout': 0.1, 'ff_expansion': 4, 'mpu_share': True, 'modality_share': True, 'layer_share': True, 'attn_act_fn': 'tanh', 'gmc_tokens_pred_dim': 128, 'text_pred_dim': 256, 'audio_pred_dim': 8, 'video_pred_dim': 16, 'recon_loss': 'SmoothL1Loss', 'loss_attra_weight': 1, 'loss_recon_weight': 1, 'post_fusion_dim': 256, 'post_fusion_dropout': 0.3, 'H': 3.0, 'cur_time': 3, 'model_save_path': 'results/mosi/emt-dlfr/run_once/models/emt-dlfr-mosi-regression-mr0.4-11111.pth', 'device': device(type='cuda', index=1), 'tasks': 'M'}>",<mean/std>,"(71.53, 0.79)","(71.56, 0.85)","(72.31, 0.5)","(72.43, 0.55)","(33.29, 3.56)","(29.98, 3.15)","(107.48, 4.23)","(54.07, 1.43)","(133.93, 5.08)","(107.69, 4.74)"
2026-01-26_04-23-41,emt-dlfr,"<Storage{'need_task_scheduling': False, 'is_tune': False, 'train_mode': 'regression', 'modelName': 'emt-dlfr', 'datasetName': 'mosi', 'num_workers': 4, 'model_save_dir': 'results/mosi/emt-dlfr/run_once/models', 'res_save_dir': 'results/mosi/emt-dlfr/run_once/results', 'gpu_ids': ['1'], 'missing_rates': array([0. , 0.1, 0.2, 0.3, 0.4, 0.5, 0.6, 0.7, 0.8, 0.9, 1. ]), 'seed': 11111, 'num_seeds': 3, 'exp_name': 'moe-uncertainty', 'diff_missing': None, 'KeyEval': 'Loss', 'save_model': True, 'use_normalized_data': False, 'seeds': [111, 1111, 11111], 'missing_rate': (0.4, 0.4, 0.4), 'dataPath': '/mnt/HDD2/teng/Master-23/sjc/work2/EMT-DLFR-master-based/MMSA/Datasets/MOSI/Processed/unaligned_50.pkl', 'seq_lens': (50, 375, 500), 'feature_dims': (768, 5, 20), 'train_samples': 1284, 'num_classes': 3, 'language': 'en', 'missing_seed': (111, 1111, 11111), 'data_missing': True, 'deal_missing': False, 'need_data_aligned': False, 'need_model_aligned': False, 'need_normalized': False, 'use_bert': True, 'use_finetune': True, 'save_labels': False, 'early_stop': 8, 'update_epochs': 4, 'batch_size': 32, 'learning_rate_bert': 5e-05, 'learning_rate_audio': 0.001, 'learning_rate_video': 0.0001, 'learning_rate_other': 0.001, 'weight_decay_bert': 0.001, 'weight_decay_audio': 0.01, 'weight_decay_video': 0.001, 'weight_decay_other': 0.001, 'a_lstm_hidden_size': 32, 'v_lstm_hidden_size': 64, 'a_lstm_layers': 1, 'v_lstm_layers': 1, 'text_out': 768, 'audio_out': 16, 'video_out': 32, 'a_lstm_dropout': 0.0, 'v_lstm_dropout': 0.0, 't_bert_dropout': 0.1, 'd_model': 128, 'fusion_layers': 3, 'heads': 4, 'learnable_pos_emb': False, 'emb_dropout': 0.0, 'attn_dropout': 0.2, 'ff_dropout': 0.1, 'ff_expansion': 4, 'mpu_share': True, 'modality_share': True, 'layer_share': True, 'attn_act_fn': 'tanh', 'gmc_tokens_pred_dim': 128, 'text_pred_dim': 256, 'audio_pred_dim': 8, 'video_pred_dim': 16, 'recon_loss': 'SmoothL1Loss', 'loss_attra_weight': 1, 'loss_recon_weight': 1, 'post_fusion_dim': 256, 'post_fusion_dropout': 0.3, 'H': 3.0, 'cur_time': 3, 'model_save_path': 'results/mosi/emt-dlfr/run_once/models/emt-dlfr-mosi-regression-mr0.4-11111.pth', 'device': device(type='cuda', index=1), 'tasks': 'M'}>",<max/seed>,"(72.16, 11111)","(72.23, 11111)","(72.87, 11111)","(73.02, 11111)","(36.3, 1111)","(33.09, 1111)","(113.47, 11111)","(55.38, 111)","(141.02, 11111)","(114.39, 11111)"
2026-01-26_04-23-41,emt-dlfr,"<Storage{'need_task_scheduling': False, 'is_tune': False, 'train_mode': 'regression', 'modelName': 'emt-dlfr', 'datasetName': 'mosi', 'num_workers': 4, 'model_save_dir': 'results/mosi/emt-dlfr/run_once/models', 'res_save_dir': 'results/mosi/emt-dlfr/run_once/results', 'gpu_ids': ['1'], 'missing_rates': array([0. , 0.1, 0.2, 0.3, 0.4, 0.5, 0.6, 0.7, 0.8, 0.9, 1. ]), 'seed': 11111, 'num_seeds': 3, 'exp_name': 'moe-uncertainty', 'diff_missing': None, 'KeyEval': 'Loss', 'save_model': True, 'use_normalized_data': False, 'seeds': [111, 1111, 11111], 'missing_rate': (0.4, 0.4, 0.4), 'dataPath': '/mnt/HDD2/teng/Master-23/sjc/work2/EMT-DLFR-master-based/MMSA/Datasets/MOSI/Processed/unaligned_50.pkl', 'seq_lens': (50, 375, 500), 'feature_dims': (768, 5, 20), 'train_samples': 1284, 'num_classes': 3, 'language': 'en', 'missing_seed': (111, 1111, 11111), 'data_missing': True, 'deal_missing': False, 'need_data_aligned': False, 'need_model_aligned': False, 'need_normalized': False, 'use_bert': True, 'use_finetune': True, 'save_labels': False, 'early_stop': 8, 'update_epochs': 4, 'batch_size': 32, 'learning_rate_bert': 5e-05, 'learning_rate_audio': 0.001, 'learning_rate_video': 0.0001, 'learning_rate_other': 0.001, 'weight_decay_bert': 0.001, 'weight_decay_audio': 0.01, 'weight_decay_video': 0.001, 'weight_decay_other': 0.001, 'a_lstm_hidden_size': 32, 'v_lstm_hidden_size': 64, 'a_lstm_layers': 1, 'v_lstm_layers': 1, 'text_out': 768, 'audio_out': 16, 'video_out': 32, 'a_lstm_dropout': 0.0, 'v_lstm_dropout': 0.0, 't_bert_dropout': 0.1, 'd_model': 128, 'fusion_layers': 3, 'heads': 4, 'learnable_pos_emb': False, 'emb_dropout': 0.0, 'attn_dropout': 0.2, 'ff_dropout': 0.1, 'ff_expansion': 4, 'mpu_share': True, 'modality_share': True, 'layer_share': True, 'attn_act_fn': 'tanh', 'gmc_tokens_pred_dim': 128, 'text_pred_dim': 256, 'audio_pred_dim': 8, 'video_pred_dim': 16, 'recon_loss': 'SmoothL1Loss', 'loss_attra_weight': 1, 'loss_recon_weight': 1, 'post_fusion_dim': 256, 'post_fusion_dropout': 0.3, 'H': 3.0, 'cur_time': 3, 'model_save_path': 'results/mosi/emt-dlfr/run_once/models/emt-dlfr-mosi-regression-mr0.4-11111.pth', 'device': device(type='cuda', index=1), 'tasks': 'M'}>",<min/seed>,"(70.41, 1111)","(70.36, 1111)","(71.65, 1111)","(71.7, 1111)","(28.28, 11111)","(25.66, 11111)","(104.41, 111)","(52.08, 11111)","(129.37, 1111)","(104.07, 111)"
2026-01-26_07-23-43,emt-dlfr,"<Storage{'need_task_scheduling': False, 'is_tune': False, 'train_mode': 'regression', 'modelName': 'emt-dlfr', 'datasetName': 'mosi', 'num_workers': 4, 'model_save_dir': 'results/mosi/emt-dlfr/run_once/models', 'res_save_dir': 'results/mosi/emt-dlfr/run_once/results', 'gpu_ids': ['1'], 'missing_rates': array([0. , 0.1, 0.2, 0.3, 0.4, 0.5, 0.6, 0.7, 0.8, 0.9, 1. ]), 'seed': 11111, 'num_seeds': 3, 'exp_name': 'moe-uncertainty', 'diff_missing': None, 'KeyEval': 'Loss', 'save_model': True, 'use_normalized_data': False, 'seeds': [111, 1111, 11111], 'missing_rate': (0.4, 0.4, 0.4), 'dataPath': '/mnt/HDD2/teng/Master-23/sjc/work2/EMT-DLFR-master-based/MMSA/Datasets/MOSI/Processed/unaligned_50.pkl', 'seq_lens': (50, 375, 500), 'feature_dims': (768, 5, 20), 'train_samples': 1284, 'num_classes': 3, 'language': 'en', 'missing_seed': (111, 1111, 11111), 'data_missing': True, 'deal_missing': False, 'need_data_aligned': False, 'need_model_aligned': False, 'need_normalized': False, 'use_bert': True, 'use_finetune': True, 'save_labels': False, 'early_stop': 8, 'update_epochs': 4, 'batch_size': 32, 'learning_rate_bert': 5e-05, 'learning_rate_audio': 0.001, 'learning_rate_video': 0.0001, 'learning_rate_other': 0.001, 'weight_decay_bert': 0.001, 'weight_decay_audio': 0.01, 'weight_decay_video': 0.001, 'weight_decay_other': 0.001, 'a_lstm_hidden_size': 32, 'v_lstm_hidden_size': 64, 'a_lstm_layers': 1, 'v_lstm_layers': 1, 'text_out': 768, 'audio_out': 16, 'video_out': 32, 'a_lstm_dropout': 0.0, 'v_lstm_dropout': 0.0, 't_bert_dropout': 0.1, 'd_model': 128, 'fusion_layers': 3, 'heads': 4, 'learnable_pos_emb': False, 'emb_dropout': 0.0, 'attn_dropout': 0.2, 'ff_dropout': 0.1, 'ff_expansion': 4, 'mpu_share': True, 'modality_share': True, 'layer_share': True, 'attn_act_fn': 'tanh', 'gmc_tokens_pred_dim': 128, 'text_pred_dim': 256, 'audio_pred_dim': 8, 'video_pred_dim': 16, 'recon_loss': 'SmoothL1Loss', 'loss_attra_weight': 1, 'loss_recon_weight': 0.5, 'post_fusion_dim': 256, 'post_fusion_dropout': 0.3, 'H': 3.0, 'cur_time': 3, 'model_save_path': 'results/mosi/emt-dlfr/run_once/models/emt-dlfr-mosi-regression-mr0.4-11111.pth', 'device': device(type='cuda', index=1), 'tasks': 'M'}>",111,73.18,73.2,73.93,74.03,37.17,32.65,103.88,55.81,117.36,103.55
2026-01-26_07-23-43,emt-dlfr,"<Storage{'need_task_scheduling': False, 'is_tune': False, 'train_mode': 'regression', 'modelName': 'emt-dlfr', 'datasetName': 'mosi', 'num_workers': 4, 'model_save_dir': 'results/mosi/emt-dlfr/run_once/models', 'res_save_dir': 'results/mosi/emt-dlfr/run_once/results', 'gpu_ids': ['1'], 'missing_rates': array([0. , 0.1, 0.2, 0.3, 0.4, 0.5, 0.6, 0.7, 0.8, 0.9, 1. ]), 'seed': 11111, 'num_seeds': 3, 'exp_name': 'moe-uncertainty', 'diff_missing': None, 'KeyEval': 'Loss', 'save_model': True, 'use_normalized_data': False, 'seeds': [111, 1111, 11111], 'missing_rate': (0.4, 0.4, 0.4), 'dataPath': '/mnt/HDD2/teng/Master-23/sjc/work2/EMT-DLFR-master-based/MMSA/Datasets/MOSI/Processed/unaligned_50.pkl', 'seq_lens': (50, 375, 500), 'feature_dims': (768, 5, 20), 'train_samples': 1284, 'num_classes': 3, 'language': 'en', 'missing_seed': (111, 1111, 11111), 'data_missing': True, 'deal_missing': False, 'need_data_aligned': False, 'need_model_aligned': False, 'need_normalized': False, 'use_bert': True, 'use_finetune': True, 'save_labels': False, 'early_stop': 8, 'update_epochs': 4, 'batch_size': 32, 'learning_rate_bert': 5e-05, 'learning_rate_audio': 0.001, 'learning_rate_video': 0.0001, 'learning_rate_other': 0.001, 'weight_decay_bert': 0.001, 'weight_decay_audio': 0.01, 'weight_decay_video': 0.001, 'weight_decay_other': 0.001, 'a_lstm_hidden_size': 32, 'v_lstm_hidden_size': 64, 'a_lstm_layers': 1, 'v_lstm_layers': 1, 'text_out': 768, 'audio_out': 16, 'video_out': 32, 'a_lstm_dropout': 0.0, 'v_lstm_dropout': 0.0, 't_bert_dropout': 0.1, 'd_model': 128, 'fusion_layers': 3, 'heads': 4, 'learnable_pos_emb': False, 'emb_dropout': 0.0, 'attn_dropout': 0.2, 'ff_dropout': 0.1, 'ff_expansion': 4, 'mpu_share': True, 'modality_share': True, 'layer_share': True, 'attn_act_fn': 'tanh', 'gmc_tokens_pred_dim': 128, 'text_pred_dim': 256, 'audio_pred_dim': 8, 'video_pred_dim': 16, 'recon_loss': 'SmoothL1Loss', 'loss_attra_weight': 1, 'loss_recon_weight': 0.5, 'post_fusion_dim': 256, 'post_fusion_dropout': 0.3, 'H': 3.0, 'cur_time': 3, 'model_save_path': 'results/mosi/emt-dlfr/run_once/models/emt-dlfr-mosi-regression-mr0.4-11111.pth', 'device': device(type='cuda', index=1), 'tasks': 'M'}>",1111,72.3,72.33,71.95,72.1,34.4,30.61,107.2,55.51,119.28,106.27
2026-01-26_07-23-43,emt-dlfr,"<Storage{'need_task_scheduling': False, 'is_tune': False, 'train_mode': 'regression', 'modelName': 'emt-dlfr', 'datasetName': 'mosi', 'num_workers': 4, 'model_save_dir': 'results/mosi/emt-dlfr/run_once/models', 'res_save_dir': 'results/mosi/emt-dlfr/run_once/results', 'gpu_ids': ['1'], 'missing_rates': array([0. , 0.1, 0.2, 0.3, 0.4, 0.5, 0.6, 0.7, 0.8, 0.9, 1. ]), 'seed': 11111, 'num_seeds': 3, 'exp_name': 'moe-uncertainty', 'diff_missing': None, 'KeyEval': 'Loss', 'save_model': True, 'use_normalized_data': False, 'seeds': [111, 1111, 11111], 'missing_rate': (0.4, 0.4, 0.4), 'dataPath': '/mnt/HDD2/teng/Master-23/sjc/work2/EMT-DLFR-master-based/MMSA/Datasets/MOSI/Processed/unaligned_50.pkl', 'seq_lens': (50, 375, 500), 'feature_dims': (768, 5, 20), 'train_samples': 1284, 'num_classes': 3, 'language': 'en', 'missing_seed': (111, 1111, 11111), 'data_missing': True, 'deal_missing': False, 'need_data_aligned': False, 'need_model_aligned': False, 'need_normalized': False, 'use_bert': True, 'use_finetune': True, 'save_labels': False, 'early_stop': 8, 'update_epochs': 4, 'batch_size': 32, 'learning_rate_bert': 5e-05, 'learning_rate_audio': 0.001, 'learning_rate_video': 0.0001, 'learning_rate_other': 0.001, 'weight_decay_bert': 0.001, 'weight_decay_audio': 0.01, 'weight_decay_video': 0.001, 'weight_decay_other': 0.001, 'a_lstm_hidden_size': 32, 'v_lstm_hidden_size': 64, 'a_lstm_layers': 1, 'v_lstm_layers': 1, 'text_out': 768, 'audio_out': 16, 'video_out': 32, 'a_lstm_dropout': 0.0, 'v_lstm_dropout': 0.0, 't_bert_dropout': 0.1, 'd_model': 128, 'fusion_layers': 3, 'heads': 4, 'learnable_pos_emb': False, 'emb_dropout': 0.0, 'attn_dropout': 0.2, 'ff_dropout': 0.1, 'ff_expansion': 4, 'mpu_share': True, 'modality_share': True, 'layer_share': True, 'attn_act_fn': 'tanh', 'gmc_tokens_pred_dim': 128, 'text_pred_dim': 256, 'audio_pred_dim': 8, 'video_pred_dim': 16, 'recon_loss': 'SmoothL1Loss', 'loss_attra_weight': 1, 'loss_recon_weight': 0.5, 'post_fusion_dim': 256, 'post_fusion_dropout': 0.3, 'H': 3.0, 'cur_time': 3, 'model_save_path': 'results/mosi/emt-dlfr/run_once/models/emt-dlfr-mosi-regression-mr0.4-11111.pth', 'device': device(type='cuda', index=1), 'tasks': 'M'}>",11111,74.2,74.19,74.85,74.9,36.59,32.07,102.72,56.03,115.43,102.18
2026-01-26_07-23-43,emt-dlfr,"<Storage{'need_task_scheduling': False, 'is_tune': False, 'train_mode': 'regression', 'modelName': 'emt-dlfr', 'datasetName': 'mosi', 'num_workers': 4, 'model_save_dir': 'results/mosi/emt-dlfr/run_once/models', 'res_save_dir': 'results/mosi/emt-dlfr/run_once/results', 'gpu_ids': ['1'], 'missing_rates': array([0. , 0.1, 0.2, 0.3, 0.4, 0.5, 0.6, 0.7, 0.8, 0.9, 1. ]), 'seed': 11111, 'num_seeds': 3, 'exp_name': 'moe-uncertainty', 'diff_missing': None, 'KeyEval': 'Loss', 'save_model': True, 'use_normalized_data': False, 'seeds': [111, 1111, 11111], 'missing_rate': (0.4, 0.4, 0.4), 'dataPath': '/mnt/HDD2/teng/Master-23/sjc/work2/EMT-DLFR-master-based/MMSA/Datasets/MOSI/Processed/unaligned_50.pkl', 'seq_lens': (50, 375, 500), 'feature_dims': (768, 5, 20), 'train_samples': 1284, 'num_classes': 3, 'language': 'en', 'missing_seed': (111, 1111, 11111), 'data_missing': True, 'deal_missing': False, 'need_data_aligned': False, 'need_model_aligned': False, 'need_normalized': False, 'use_bert': True, 'use_finetune': True, 'save_labels': False, 'early_stop': 8, 'update_epochs': 4, 'batch_size': 32, 'learning_rate_bert': 5e-05, 'learning_rate_audio': 0.001, 'learning_rate_video': 0.0001, 'learning_rate_other': 0.001, 'weight_decay_bert': 0.001, 'weight_decay_audio': 0.01, 'weight_decay_video': 0.001, 'weight_decay_other': 0.001, 'a_lstm_hidden_size': 32, 'v_lstm_hidden_size': 64, 'a_lstm_layers': 1, 'v_lstm_layers': 1, 'text_out': 768, 'audio_out': 16, 'video_out': 32, 'a_lstm_dropout': 0.0, 'v_lstm_dropout': 0.0, 't_bert_dropout': 0.1, 'd_model': 128, 'fusion_layers': 3, 'heads': 4, 'learnable_pos_emb': False, 'emb_dropout': 0.0, 'attn_dropout': 0.2, 'ff_dropout': 0.1, 'ff_expansion': 4, 'mpu_share': True, 'modality_share': True, 'layer_share': True, 'attn_act_fn': 'tanh', 'gmc_tokens_pred_dim': 128, 'text_pred_dim': 256, 'audio_pred_dim': 8, 'video_pred_dim': 16, 'recon_loss': 'SmoothL1Loss', 'loss_attra_weight': 1, 'loss_recon_weight': 0.5, 'post_fusion_dim': 256, 'post_fusion_dropout': 0.3, 'H': 3.0, 'cur_time': 3, 'model_save_path': 'results/mosi/emt-dlfr/run_once/models/emt-dlfr-mosi-regression-mr0.4-11111.pth', 'device': device(type='cuda', index=1), 'tasks': 'M'}>",<mean/std>,"(73.23, 0.78)","(73.24, 0.76)","(73.58, 1.21)","(73.68, 1.17)","(36.05, 1.19)","(31.78, 0.86)","(104.6, 1.9)","(55.78, 0.21)","(117.36, 1.57)","(104.0, 1.7)"
2026-01-26_07-23-43,emt-dlfr,"<Storage{'need_task_scheduling': False, 'is_tune': False, 'train_mode': 'regression', 'modelName': 'emt-dlfr', 'datasetName': 'mosi', 'num_workers': 4, 'model_save_dir': 'results/mosi/emt-dlfr/run_once/models', 'res_save_dir': 'results/mosi/emt-dlfr/run_once/results', 'gpu_ids': ['1'], 'missing_rates': array([0. , 0.1, 0.2, 0.3, 0.4, 0.5, 0.6, 0.7, 0.8, 0.9, 1. ]), 'seed': 11111, 'num_seeds': 3, 'exp_name': 'moe-uncertainty', 'diff_missing': None, 'KeyEval': 'Loss', 'save_model': True, 'use_normalized_data': False, 'seeds': [111, 1111, 11111], 'missing_rate': (0.4, 0.4, 0.4), 'dataPath': '/mnt/HDD2/teng/Master-23/sjc/work2/EMT-DLFR-master-based/MMSA/Datasets/MOSI/Processed/unaligned_50.pkl', 'seq_lens': (50, 375, 500), 'feature_dims': (768, 5, 20), 'train_samples': 1284, 'num_classes': 3, 'language': 'en', 'missing_seed': (111, 1111, 11111), 'data_missing': True, 'deal_missing': False, 'need_data_aligned': False, 'need_model_aligned': False, 'need_normalized': False, 'use_bert': True, 'use_finetune': True, 'save_labels': False, 'early_stop': 8, 'update_epochs': 4, 'batch_size': 32, 'learning_rate_bert': 5e-05, 'learning_rate_audio': 0.001, 'learning_rate_video': 0.0001, 'learning_rate_other': 0.001, 'weight_decay_bert': 0.001, 'weight_decay_audio': 0.01, 'weight_decay_video': 0.001, 'weight_decay_other': 0.001, 'a_lstm_hidden_size': 32, 'v_lstm_hidden_size': 64, 'a_lstm_layers': 1, 'v_lstm_layers': 1, 'text_out': 768, 'audio_out': 16, 'video_out': 32, 'a_lstm_dropout': 0.0, 'v_lstm_dropout': 0.0, 't_bert_dropout': 0.1, 'd_model': 128, 'fusion_layers': 3, 'heads': 4, 'learnable_pos_emb': False, 'emb_dropout': 0.0, 'attn_dropout': 0.2, 'ff_dropout': 0.1, 'ff_expansion': 4, 'mpu_share': True, 'modality_share': True, 'layer_share': True, 'attn_act_fn': 'tanh', 'gmc_tokens_pred_dim': 128, 'text_pred_dim': 256, 'audio_pred_dim': 8, 'video_pred_dim': 16, 'recon_loss': 'SmoothL1Loss', 'loss_attra_weight': 1, 'loss_recon_weight': 0.5, 'post_fusion_dim': 256, 'post_fusion_dropout': 0.3, 'H': 3.0, 'cur_time': 3, 'model_save_path': 'results/mosi/emt-dlfr/run_once/models/emt-dlfr-mosi-regression-mr0.4-11111.pth', 'device': device(type='cuda', index=1), 'tasks': 'M'}>",<max/seed>,"(74.2, 11111)","(74.19, 11111)","(74.85, 11111)","(74.9, 11111)","(37.17, 111)","(32.65, 111)","(107.2, 1111)","(56.03, 11111)","(119.28, 1111)","(106.27, 1111)"
2026-01-26_07-23-43,emt-dlfr,"<Storage{'need_task_scheduling': False, 'is_tune': False, 'train_mode': 'regression', 'modelName': 'emt-dlfr', 'datasetName': 'mosi', 'num_workers': 4, 'model_save_dir': 'results/mosi/emt-dlfr/run_once/models', 'res_save_dir': 'results/mosi/emt-dlfr/run_once/results', 'gpu_ids': ['1'], 'missing_rates': array([0. , 0.1, 0.2, 0.3, 0.4, 0.5, 0.6, 0.7, 0.8, 0.9, 1. ]), 'seed': 11111, 'num_seeds': 3, 'exp_name': 'moe-uncertainty', 'diff_missing': None, 'KeyEval': 'Loss', 'save_model': True, 'use_normalized_data': False, 'seeds': [111, 1111, 11111], 'missing_rate': (0.4, 0.4, 0.4), 'dataPath': '/mnt/HDD2/teng/Master-23/sjc/work2/EMT-DLFR-master-based/MMSA/Datasets/MOSI/Processed/unaligned_50.pkl', 'seq_lens': (50, 375, 500), 'feature_dims': (768, 5, 20), 'train_samples': 1284, 'num_classes': 3, 'language': 'en', 'missing_seed': (111, 1111, 11111), 'data_missing': True, 'deal_missing': False, 'need_data_aligned': False, 'need_model_aligned': False, 'need_normalized': False, 'use_bert': True, 'use_finetune': True, 'save_labels': False, 'early_stop': 8, 'update_epochs': 4, 'batch_size': 32, 'learning_rate_bert': 5e-05, 'learning_rate_audio': 0.001, 'learning_rate_video': 0.0001, 'learning_rate_other': 0.001, 'weight_decay_bert': 0.001, 'weight_decay_audio': 0.01, 'weight_decay_video': 0.001, 'weight_decay_other': 0.001, 'a_lstm_hidden_size': 32, 'v_lstm_hidden_size': 64, 'a_lstm_layers': 1, 'v_lstm_layers': 1, 'text_out': 768, 'audio_out': 16, 'video_out': 32, 'a_lstm_dropout': 0.0, 'v_lstm_dropout': 0.0, 't_bert_dropout': 0.1, 'd_model': 128, 'fusion_layers': 3, 'heads': 4, 'learnable_pos_emb': False, 'emb_dropout': 0.0, 'attn_dropout': 0.2, 'ff_dropout': 0.1, 'ff_expansion': 4, 'mpu_share': True, 'modality_share': True, 'layer_share': True, 'attn_act_fn': 'tanh', 'gmc_tokens_pred_dim': 128, 'text_pred_dim': 256, 'audio_pred_dim': 8, 'video_pred_dim': 16, 'recon_loss': 'SmoothL1Loss', 'loss_attra_weight': 1, 'loss_recon_weight': 0.5, 'post_fusion_dim': 256, 'post_fusion_dropout': 0.3, 'H': 3.0, 'cur_time': 3, 'model_save_path': 'results/mosi/emt-dlfr/run_once/models/emt-dlfr-mosi-regression-mr0.4-11111.pth', 'device': device(type='cuda', index=1), 'tasks': 'M'}>",<min/seed>,"(72.3, 1111)","(72.33, 1111)","(71.95, 1111)","(72.1, 1111)","(34.4, 1111)","(30.61, 1111)","(102.72, 11111)","(55.51, 1111)","(115.43, 11111)","(102.18, 11111)"
2026-01-26_10-16-21,emt-dlfr,"<Storage{'need_task_scheduling': False, 'is_tune': False, 'train_mode': 'regression', 'modelName': 'emt-dlfr', 'datasetName': 'mosi', 'num_workers': 4, 'model_save_dir': 'results/mosi/emt-dlfr/run_once/models', 'res_save_dir': 'results/mosi/emt-dlfr/run_once/results', 'gpu_ids': ['1'], 'missing_rates': array([0. , 0.1, 0.2, 0.3, 0.4, 0.5, 0.6, 0.7, 0.8, 0.9, 1. ]), 'seed': 11111, 'num_seeds': 3, 'exp_name': 'moe-uncertainty', 'diff_missing': None, 'KeyEval': 'Loss', 'save_model': True, 'use_normalized_data': False, 'seeds': [111, 1111, 11111], 'missing_rate': (0.4, 0.4, 0.4), 'dataPath': '/mnt/HDD2/teng/Master-23/sjc/work2/EMT-DLFR-master-based/MMSA/Datasets/MOSI/Processed/unaligned_50.pkl', 'seq_lens': (50, 375, 500), 'feature_dims': (768, 5, 20), 'train_samples': 1284, 'num_classes': 3, 'language': 'en', 'missing_seed': (111, 1111, 11111), 'data_missing': True, 'deal_missing': False, 'need_data_aligned': False, 'need_model_aligned': False, 'need_normalized': False, 'use_bert': True, 'use_finetune': True, 'save_labels': False, 'early_stop': 8, 'update_epochs': 4, 'batch_size': 32, 'learning_rate_bert': 5e-05, 'learning_rate_audio': 0.001, 'learning_rate_video': 0.0001, 'learning_rate_other': 0.001, 'weight_decay_bert': 0.001, 'weight_decay_audio': 0.01, 'weight_decay_video': 0.001, 'weight_decay_other': 0.001, 'a_lstm_hidden_size': 32, 'v_lstm_hidden_size': 64, 'a_lstm_layers': 1, 'v_lstm_layers': 1, 'text_out': 768, 'audio_out': 16, 'video_out': 32, 'a_lstm_dropout': 0.0, 'v_lstm_dropout': 0.0, 't_bert_dropout': 0.1, 'd_model': 128, 'fusion_layers': 3, 'heads': 4, 'learnable_pos_emb': False, 'emb_dropout': 0.0, 'attn_dropout': 0.2, 'ff_dropout': 0.1, 'ff_expansion': 4, 'mpu_share': True, 'modality_share': True, 'layer_share': True, 'attn_act_fn': 'tanh', 'gmc_tokens_pred_dim': 128, 'text_pred_dim': 256, 'audio_pred_dim': 8, 'video_pred_dim': 16, 'recon_loss': 'SmoothL1Loss', 'loss_attra_weight': 1, 'loss_recon_weight': 1, 'post_fusion_dim': 256, 'post_fusion_dropout': 0.4, 'H': 3.0, 'cur_time': 3, 'model_save_path': 'results/mosi/emt-dlfr/run_once/models/emt-dlfr-mosi-regression-mr0.4-11111.pth', 'device': device(type='cuda', index=1), 'tasks': 'M'}>",111,72.45,72.52,73.02,73.17,37.46,32.8,102.99,56.66,128.43,102.49
2026-01-26_10-16-21,emt-dlfr,"<Storage{'need_task_scheduling': False, 'is_tune': False, 'train_mode': 'regression', 'modelName': 'emt-dlfr', 'datasetName': 'mosi', 'num_workers': 4, 'model_save_dir': 'results/mosi/emt-dlfr/run_once/models', 'res_save_dir': 'results/mosi/emt-dlfr/run_once/results', 'gpu_ids': ['1'], 'missing_rates': array([0. , 0.1, 0.2, 0.3, 0.4, 0.5, 0.6, 0.7, 0.8, 0.9, 1. ]), 'seed': 11111, 'num_seeds': 3, 'exp_name': 'moe-uncertainty', 'diff_missing': None, 'KeyEval': 'Loss', 'save_model': True, 'use_normalized_data': False, 'seeds': [111, 1111, 11111], 'missing_rate': (0.4, 0.4, 0.4), 'dataPath': '/mnt/HDD2/teng/Master-23/sjc/work2/EMT-DLFR-master-based/MMSA/Datasets/MOSI/Processed/unaligned_50.pkl', 'seq_lens': (50, 375, 500), 'feature_dims': (768, 5, 20), 'train_samples': 1284, 'num_classes': 3, 'language': 'en', 'missing_seed': (111, 1111, 11111), 'data_missing': True, 'deal_missing': False, 'need_data_aligned': False, 'need_model_aligned': False, 'need_normalized': False, 'use_bert': True, 'use_finetune': True, 'save_labels': False, 'early_stop': 8, 'update_epochs': 4, 'batch_size': 32, 'learning_rate_bert': 5e-05, 'learning_rate_audio': 0.001, 'learning_rate_video': 0.0001, 'learning_rate_other': 0.001, 'weight_decay_bert': 0.001, 'weight_decay_audio': 0.01, 'weight_decay_video': 0.001, 'weight_decay_other': 0.001, 'a_lstm_hidden_size': 32, 'v_lstm_hidden_size': 64, 'a_lstm_layers': 1, 'v_lstm_layers': 1, 'text_out': 768, 'audio_out': 16, 'video_out': 32, 'a_lstm_dropout': 0.0, 'v_lstm_dropout': 0.0, 't_bert_dropout': 0.1, 'd_model': 128, 'fusion_layers': 3, 'heads': 4, 'learnable_pos_emb': False, 'emb_dropout': 0.0, 'attn_dropout': 0.2, 'ff_dropout': 0.1, 'ff_expansion': 4, 'mpu_share': True, 'modality_share': True, 'layer_share': True, 'attn_act_fn': 'tanh', 'gmc_tokens_pred_dim': 128, 'text_pred_dim': 256, 'audio_pred_dim': 8, 'video_pred_dim': 16, 'recon_loss': 'SmoothL1Loss', 'loss_attra_weight': 1, 'loss_recon_weight': 1, 'post_fusion_dim': 256, 'post_fusion_dropout': 0.4, 'H': 3.0, 'cur_time': 3, 'model_save_path': 'results/mosi/emt-dlfr/run_once/models/emt-dlfr-mosi-regression-mr0.4-11111.pth', 'device': device(type='cuda', index=1), 'tasks': 'M'}>",1111,72.59,72.63,73.02,73.13,34.55,30.76,104.04,56.41,128.71,105.09
2026-01-26_10-16-21,emt-dlfr,"<Storage{'need_task_scheduling': False, 'is_tune': False, 'train_mode': 'regression', 'modelName': 'emt-dlfr', 'datasetName': 'mosi', 'num_workers': 4, 'model_save_dir': 'results/mosi/emt-dlfr/run_once/models', 'res_save_dir': 'results/mosi/emt-dlfr/run_once/results', 'gpu_ids': ['1'], 'missing_rates': array([0. , 0.1, 0.2, 0.3, 0.4, 0.5, 0.6, 0.7, 0.8, 0.9, 1. ]), 'seed': 11111, 'num_seeds': 3, 'exp_name': 'moe-uncertainty', 'diff_missing': None, 'KeyEval': 'Loss', 'save_model': True, 'use_normalized_data': False, 'seeds': [111, 1111, 11111], 'missing_rate': (0.4, 0.4, 0.4), 'dataPath': '/mnt/HDD2/teng/Master-23/sjc/work2/EMT-DLFR-master-based/MMSA/Datasets/MOSI/Processed/unaligned_50.pkl', 'seq_lens': (50, 375, 500), 'feature_dims': (768, 5, 20), 'train_samples': 1284, 'num_classes': 3, 'language': 'en', 'missing_seed': (111, 1111, 11111), 'data_missing': True, 'deal_missing': False, 'need_data_aligned': False, 'need_model_aligned': False, 'need_normalized': False, 'use_bert': True, 'use_finetune': True, 'save_labels': False, 'early_stop': 8, 'update_epochs': 4, 'batch_size': 32, 'learning_rate_bert': 5e-05, 'learning_rate_audio': 0.001, 'learning_rate_video': 0.0001, 'learning_rate_other': 0.001, 'weight_decay_bert': 0.001, 'weight_decay_audio': 0.01, 'weight_decay_video': 0.001, 'weight_decay_other': 0.001, 'a_lstm_hidden_size': 32, 'v_lstm_hidden_size': 64, 'a_lstm_layers': 1, 'v_lstm_layers': 1, 'text_out': 768, 'audio_out': 16, 'video_out': 32, 'a_lstm_dropout': 0.0, 'v_lstm_dropout': 0.0, 't_bert_dropout': 0.1, 'd_model': 128, 'fusion_layers': 3, 'heads': 4, 'learnable_pos_emb': False, 'emb_dropout': 0.0, 'attn_dropout': 0.2, 'ff_dropout': 0.1, 'ff_expansion': 4, 'mpu_share': True, 'modality_share': True, 'layer_share': True, 'attn_act_fn': 'tanh', 'gmc_tokens_pred_dim': 128, 'text_pred_dim': 256, 'audio_pred_dim': 8, 'video_pred_dim': 16, 'recon_loss': 'SmoothL1Loss', 'loss_attra_weight': 1, 'loss_recon_weight': 1, 'post_fusion_dim': 256, 'post_fusion_dropout': 0.4, 'H': 3.0, 'cur_time': 3, 'model_save_path': 'results/mosi/emt-dlfr/run_once/models/emt-dlfr-mosi-regression-mr0.4-11111.pth', 'device': device(type='cuda', index=1), 'tasks': 'M'}>",11111,73.47,73.54,74.09,74.24,27.7,26.38,112.45,53.99,139.35,113.73
2026-01-26_10-16-21,emt-dlfr,"<Storage{'need_task_scheduling': False, 'is_tune': False, 'train_mode': 'regression', 'modelName': 'emt-dlfr', 'datasetName': 'mosi', 'num_workers': 4, 'model_save_dir': 'results/mosi/emt-dlfr/run_once/models', 'res_save_dir': 'results/mosi/emt-dlfr/run_once/results', 'gpu_ids': ['1'], 'missing_rates': array([0. , 0.1, 0.2, 0.3, 0.4, 0.5, 0.6, 0.7, 0.8, 0.9, 1. ]), 'seed': 11111, 'num_seeds': 3, 'exp_name': 'moe-uncertainty', 'diff_missing': None, 'KeyEval': 'Loss', 'save_model': True, 'use_normalized_data': False, 'seeds': [111, 1111, 11111], 'missing_rate': (0.4, 0.4, 0.4), 'dataPath': '/mnt/HDD2/teng/Master-23/sjc/work2/EMT-DLFR-master-based/MMSA/Datasets/MOSI/Processed/unaligned_50.pkl', 'seq_lens': (50, 375, 500), 'feature_dims': (768, 5, 20), 'train_samples': 1284, 'num_classes': 3, 'language': 'en', 'missing_seed': (111, 1111, 11111), 'data_missing': True, 'deal_missing': False, 'need_data_aligned': False, 'need_model_aligned': False, 'need_normalized': False, 'use_bert': True, 'use_finetune': True, 'save_labels': False, 'early_stop': 8, 'update_epochs': 4, 'batch_size': 32, 'learning_rate_bert': 5e-05, 'learning_rate_audio': 0.001, 'learning_rate_video': 0.0001, 'learning_rate_other': 0.001, 'weight_decay_bert': 0.001, 'weight_decay_audio': 0.01, 'weight_decay_video': 0.001, 'weight_decay_other': 0.001, 'a_lstm_hidden_size': 32, 'v_lstm_hidden_size': 64, 'a_lstm_layers': 1, 'v_lstm_layers': 1, 'text_out': 768, 'audio_out': 16, 'video_out': 32, 'a_lstm_dropout': 0.0, 'v_lstm_dropout': 0.0, 't_bert_dropout': 0.1, 'd_model': 128, 'fusion_layers': 3, 'heads': 4, 'learnable_pos_emb': False, 'emb_dropout': 0.0, 'attn_dropout': 0.2, 'ff_dropout': 0.1, 'ff_expansion': 4, 'mpu_share': True, 'modality_share': True, 'layer_share': True, 'attn_act_fn': 'tanh', 'gmc_tokens_pred_dim': 128, 'text_pred_dim': 256, 'audio_pred_dim': 8, 'video_pred_dim': 16, 'recon_loss': 'SmoothL1Loss', 'loss_attra_weight': 1, 'loss_recon_weight': 1, 'post_fusion_dim': 256, 'post_fusion_dropout': 0.4, 'H': 3.0, 'cur_time': 3, 'model_save_path': 'results/mosi/emt-dlfr/run_once/models/emt-dlfr-mosi-regression-mr0.4-11111.pth', 'device': device(type='cuda', index=1), 'tasks': 'M'}>",<mean/std>,"(72.84, 0.45)","(72.9, 0.46)","(73.38, 0.5)","(73.51, 0.51)","(33.24, 4.09)","(29.98, 2.68)","(106.49, 4.23)","(55.69, 1.2)","(132.16, 5.08)","(107.1, 4.8)"
2026-01-26_10-16-21,emt-dlfr,"<Storage{'need_task_scheduling': False, 'is_tune': False, 'train_mode': 'regression', 'modelName': 'emt-dlfr', 'datasetName': 'mosi', 'num_workers': 4, 'model_save_dir': 'results/mosi/emt-dlfr/run_once/models', 'res_save_dir': 'results/mosi/emt-dlfr/run_once/results', 'gpu_ids': ['1'], 'missing_rates': array([0. , 0.1, 0.2, 0.3, 0.4, 0.5, 0.6, 0.7, 0.8, 0.9, 1. ]), 'seed': 11111, 'num_seeds': 3, 'exp_name': 'moe-uncertainty', 'diff_missing': None, 'KeyEval': 'Loss', 'save_model': True, 'use_normalized_data': False, 'seeds': [111, 1111, 11111], 'missing_rate': (0.4, 0.4, 0.4), 'dataPath': '/mnt/HDD2/teng/Master-23/sjc/work2/EMT-DLFR-master-based/MMSA/Datasets/MOSI/Processed/unaligned_50.pkl', 'seq_lens': (50, 375, 500), 'feature_dims': (768, 5, 20), 'train_samples': 1284, 'num_classes': 3, 'language': 'en', 'missing_seed': (111, 1111, 11111), 'data_missing': True, 'deal_missing': False, 'need_data_aligned': False, 'need_model_aligned': False, 'need_normalized': False, 'use_bert': True, 'use_finetune': True, 'save_labels': False, 'early_stop': 8, 'update_epochs': 4, 'batch_size': 32, 'learning_rate_bert': 5e-05, 'learning_rate_audio': 0.001, 'learning_rate_video': 0.0001, 'learning_rate_other': 0.001, 'weight_decay_bert': 0.001, 'weight_decay_audio': 0.01, 'weight_decay_video': 0.001, 'weight_decay_other': 0.001, 'a_lstm_hidden_size': 32, 'v_lstm_hidden_size': 64, 'a_lstm_layers': 1, 'v_lstm_layers': 1, 'text_out': 768, 'audio_out': 16, 'video_out': 32, 'a_lstm_dropout': 0.0, 'v_lstm_dropout': 0.0, 't_bert_dropout': 0.1, 'd_model': 128, 'fusion_layers': 3, 'heads': 4, 'learnable_pos_emb': False, 'emb_dropout': 0.0, 'attn_dropout': 0.2, 'ff_dropout': 0.1, 'ff_expansion': 4, 'mpu_share': True, 'modality_share': True, 'layer_share': True, 'attn_act_fn': 'tanh', 'gmc_tokens_pred_dim': 128, 'text_pred_dim': 256, 'audio_pred_dim': 8, 'video_pred_dim': 16, 'recon_loss': 'SmoothL1Loss', 'loss_attra_weight': 1, 'loss_recon_weight': 1, 'post_fusion_dim': 256, 'post_fusion_dropout': 0.4, 'H': 3.0, 'cur_time': 3, 'model_save_path': 'results/mosi/emt-dlfr/run_once/models/emt-dlfr-mosi-regression-mr0.4-11111.pth', 'device': device(type='cuda', index=1), 'tasks': 'M'}>",<max/seed>,"(73.47, 11111)","(73.54, 11111)","(74.09, 11111)","(74.24, 11111)","(37.46, 111)","(32.8, 111)","(112.45, 11111)","(56.66, 111)","(139.35, 11111)","(113.73, 11111)"
2026-01-26_10-16-21,emt-dlfr,"<Storage{'need_task_scheduling': False, 'is_tune': False, 'train_mode': 'regression', 'modelName': 'emt-dlfr', 'datasetName': 'mosi', 'num_workers': 4, 'model_save_dir': 'results/mosi/emt-dlfr/run_once/models', 'res_save_dir': 'results/mosi/emt-dlfr/run_once/results', 'gpu_ids': ['1'], 'missing_rates': array([0. , 0.1, 0.2, 0.3, 0.4, 0.5, 0.6, 0.7, 0.8, 0.9, 1. ]), 'seed': 11111, 'num_seeds': 3, 'exp_name': 'moe-uncertainty', 'diff_missing': None, 'KeyEval': 'Loss', 'save_model': True, 'use_normalized_data': False, 'seeds': [111, 1111, 11111], 'missing_rate': (0.4, 0.4, 0.4), 'dataPath': '/mnt/HDD2/teng/Master-23/sjc/work2/EMT-DLFR-master-based/MMSA/Datasets/MOSI/Processed/unaligned_50.pkl', 'seq_lens': (50, 375, 500), 'feature_dims': (768, 5, 20), 'train_samples': 1284, 'num_classes': 3, 'language': 'en', 'missing_seed': (111, 1111, 11111), 'data_missing': True, 'deal_missing': False, 'need_data_aligned': False, 'need_model_aligned': False, 'need_normalized': False, 'use_bert': True, 'use_finetune': True, 'save_labels': False, 'early_stop': 8, 'update_epochs': 4, 'batch_size': 32, 'learning_rate_bert': 5e-05, 'learning_rate_audio': 0.001, 'learning_rate_video': 0.0001, 'learning_rate_other': 0.001, 'weight_decay_bert': 0.001, 'weight_decay_audio': 0.01, 'weight_decay_video': 0.001, 'weight_decay_other': 0.001, 'a_lstm_hidden_size': 32, 'v_lstm_hidden_size': 64, 'a_lstm_layers': 1, 'v_lstm_layers': 1, 'text_out': 768, 'audio_out': 16, 'video_out': 32, 'a_lstm_dropout': 0.0, 'v_lstm_dropout': 0.0, 't_bert_dropout': 0.1, 'd_model': 128, 'fusion_layers': 3, 'heads': 4, 'learnable_pos_emb': False, 'emb_dropout': 0.0, 'attn_dropout': 0.2, 'ff_dropout': 0.1, 'ff_expansion': 4, 'mpu_share': True, 'modality_share': True, 'layer_share': True, 'attn_act_fn': 'tanh', 'gmc_tokens_pred_dim': 128, 'text_pred_dim': 256, 'audio_pred_dim': 8, 'video_pred_dim': 16, 'recon_loss': 'SmoothL1Loss', 'loss_attra_weight': 1, 'loss_recon_weight': 1, 'post_fusion_dim': 256, 'post_fusion_dropout': 0.4, 'H': 3.0, 'cur_time': 3, 'model_save_path': 'results/mosi/emt-dlfr/run_once/models/emt-dlfr-mosi-regression-mr0.4-11111.pth', 'device': device(type='cuda', index=1), 'tasks': 'M'}>",<min/seed>,"(72.45, 111)","(72.52, 111)","(73.02, 111)","(73.13, 1111)","(27.7, 11111)","(26.38, 11111)","(102.99, 111)","(53.99, 11111)","(128.43, 111)","(102.49, 111)"
2026-01-26_13-54-03,emt-dlfr,"<Storage{'need_task_scheduling': False, 'is_tune': False, 'train_mode': 'regression', 'modelName': 'emt-dlfr', 'datasetName': 'mosi', 'num_workers': 4, 'model_save_dir': 'results/mosi/emt-dlfr/run_once/models', 'res_save_dir': 'results/mosi/emt-dlfr/run_once/results', 'gpu_ids': ['1'], 'missing_rates': array([0. , 0.1, 0.2, 0.3, 0.4, 0.5, 0.6, 0.7, 0.8, 0.9, 1. ]), 'seed': 11111, 'num_seeds': 3, 'exp_name': 'moe-uncertainty', 'diff_missing': None, 'KeyEval': 'Loss', 'save_model': True, 'use_normalized_data': False, 'seeds': [111, 1111, 11111], 'missing_rate': (0.4, 0.4, 0.4), 'dataPath': '/mnt/HDD2/teng/Master-23/sjc/work2/EMT-DLFR-master-based/MMSA/Datasets/MOSI/Processed/unaligned_50.pkl', 'seq_lens': (50, 375, 500), 'feature_dims': (768, 5, 20), 'train_samples': 1284, 'num_classes': 3, 'language': 'en', 'missing_seed': (111, 1111, 11111), 'data_missing': True, 'deal_missing': False, 'need_data_aligned': False, 'need_model_aligned': False, 'need_normalized': False, 'use_bert': True, 'use_finetune': True, 'save_labels': False, 'early_stop': 8, 'update_epochs': 4, 'batch_size': 32, 'learning_rate_bert': 5e-05, 'learning_rate_audio': 0.001, 'learning_rate_video': 0.0001, 'learning_rate_other': 0.001, 'weight_decay_bert': 0.001, 'weight_decay_audio': 0.01, 'weight_decay_video': 0.001, 'weight_decay_other': 0.001, 'a_lstm_hidden_size': 32, 'v_lstm_hidden_size': 64, 'a_lstm_layers': 1, 'v_lstm_layers': 1, 'text_out': 768, 'audio_out': 16, 'video_out': 32, 'a_lstm_dropout': 0.0, 'v_lstm_dropout': 0.0, 't_bert_dropout': 0.1, 'd_model': 128, 'fusion_layers': 3, 'heads': 4, 'learnable_pos_emb': False, 'emb_dropout': 0.0, 'attn_dropout': 0.2, 'ff_dropout': 0.1, 'ff_expansion': 4, 'mpu_share': True, 'modality_share': True, 'layer_share': True, 'attn_act_fn': 'tanh', 'gmc_tokens_pred_dim': 128, 'text_pred_dim': 256, 'audio_pred_dim': 8, 'video_pred_dim': 16, 'recon_loss': 'SmoothL1Loss', 'loss_attra_weight': 1, 'loss_recon_weight': 1, 'post_fusion_dim': 256, 'post_fusion_dropout': 0.2, 'H': 3.0, 'cur_time': 3, 'model_save_path': 'results/mosi/emt-dlfr/run_once/models/emt-dlfr-mosi-regression-mr0.4-11111.pth', 'device': device(type='cuda', index=1), 'tasks': 'M'}>",111,71.87,71.94,72.41,72.58,33.38,30.32,107.98,55.22,133.8,107.86
2026-01-26_13-54-03,emt-dlfr,"<Storage{'need_task_scheduling': False, 'is_tune': False, 'train_mode': 'regression', 'modelName': 'emt-dlfr', 'datasetName': 'mosi', 'num_workers': 4, 'model_save_dir': 'results/mosi/emt-dlfr/run_once/models', 'res_save_dir': 'results/mosi/emt-dlfr/run_once/results', 'gpu_ids': ['1'], 'missing_rates': array([0. , 0.1, 0.2, 0.3, 0.4, 0.5, 0.6, 0.7, 0.8, 0.9, 1. ]), 'seed': 11111, 'num_seeds': 3, 'exp_name': 'moe-uncertainty', 'diff_missing': None, 'KeyEval': 'Loss', 'save_model': True, 'use_normalized_data': False, 'seeds': [111, 1111, 11111], 'missing_rate': (0.4, 0.4, 0.4), 'dataPath': '/mnt/HDD2/teng/Master-23/sjc/work2/EMT-DLFR-master-based/MMSA/Datasets/MOSI/Processed/unaligned_50.pkl', 'seq_lens': (50, 375, 500), 'feature_dims': (768, 5, 20), 'train_samples': 1284, 'num_classes': 3, 'language': 'en', 'missing_seed': (111, 1111, 11111), 'data_missing': True, 'deal_missing': False, 'need_data_aligned': False, 'need_model_aligned': False, 'need_normalized': False, 'use_bert': True, 'use_finetune': True, 'save_labels': False, 'early_stop': 8, 'update_epochs': 4, 'batch_size': 32, 'learning_rate_bert': 5e-05, 'learning_rate_audio': 0.001, 'learning_rate_video': 0.0001, 'learning_rate_other': 0.001, 'weight_decay_bert': 0.001, 'weight_decay_audio': 0.01, 'weight_decay_video': 0.001, 'weight_decay_other': 0.001, 'a_lstm_hidden_size': 32, 'v_lstm_hidden_size': 64, 'a_lstm_layers': 1, 'v_lstm_layers': 1, 'text_out': 768, 'audio_out': 16, 'video_out': 32, 'a_lstm_dropout': 0.0, 'v_lstm_dropout': 0.0, 't_bert_dropout': 0.1, 'd_model': 128, 'fusion_layers': 3, 'heads': 4, 'learnable_pos_emb': False, 'emb_dropout': 0.0, 'attn_dropout': 0.2, 'ff_dropout': 0.1, 'ff_expansion': 4, 'mpu_share': True, 'modality_share': True, 'layer_share': True, 'attn_act_fn': 'tanh', 'gmc_tokens_pred_dim': 128, 'text_pred_dim': 256, 'audio_pred_dim': 8, 'video_pred_dim': 16, 'recon_loss': 'SmoothL1Loss', 'loss_attra_weight': 1, 'loss_recon_weight': 1, 'post_fusion_dim': 256, 'post_fusion_dropout': 0.2, 'H': 3.0, 'cur_time': 3, 'model_save_path': 'results/mosi/emt-dlfr/run_once/models/emt-dlfr-mosi-regression-mr0.4-11111.pth', 'device': device(type='cuda', index=1), 'tasks': 'M'}>",1111,72.59,72.6,72.87,72.98,35.57,32.07,108.73,55.13,132.67,107.67
2026-01-26_13-54-03,emt-dlfr,"<Storage{'need_task_scheduling': False, 'is_tune': False, 'train_mode': 'regression', 'modelName': 'emt-dlfr', 'datasetName': 'mosi', 'num_workers': 4, 'model_save_dir': 'results/mosi/emt-dlfr/run_once/models', 'res_save_dir': 'results/mosi/emt-dlfr/run_once/results', 'gpu_ids': ['1'], 'missing_rates': array([0. , 0.1, 0.2, 0.3, 0.4, 0.5, 0.6, 0.7, 0.8, 0.9, 1. ]), 'seed': 11111, 'num_seeds': 3, 'exp_name': 'moe-uncertainty', 'diff_missing': None, 'KeyEval': 'Loss', 'save_model': True, 'use_normalized_data': False, 'seeds': [111, 1111, 11111], 'missing_rate': (0.4, 0.4, 0.4), 'dataPath': '/mnt/HDD2/teng/Master-23/sjc/work2/EMT-DLFR-master-based/MMSA/Datasets/MOSI/Processed/unaligned_50.pkl', 'seq_lens': (50, 375, 500), 'feature_dims': (768, 5, 20), 'train_samples': 1284, 'num_classes': 3, 'language': 'en', 'missing_seed': (111, 1111, 11111), 'data_missing': True, 'deal_missing': False, 'need_data_aligned': False, 'need_model_aligned': False, 'need_normalized': False, 'use_bert': True, 'use_finetune': True, 'save_labels': False, 'early_stop': 8, 'update_epochs': 4, 'batch_size': 32, 'learning_rate_bert': 5e-05, 'learning_rate_audio': 0.001, 'learning_rate_video': 0.0001, 'learning_rate_other': 0.001, 'weight_decay_bert': 0.001, 'weight_decay_audio': 0.01, 'weight_decay_video': 0.001, 'weight_decay_other': 0.001, 'a_lstm_hidden_size': 32, 'v_lstm_hidden_size': 64, 'a_lstm_layers': 1, 'v_lstm_layers': 1, 'text_out': 768, 'audio_out': 16, 'video_out': 32, 'a_lstm_dropout': 0.0, 'v_lstm_dropout': 0.0, 't_bert_dropout': 0.1, 'd_model': 128, 'fusion_layers': 3, 'heads': 4, 'learnable_pos_emb': False, 'emb_dropout': 0.0, 'attn_dropout': 0.2, 'ff_dropout': 0.1, 'ff_expansion': 4, 'mpu_share': True, 'modality_share': True, 'layer_share': True, 'attn_act_fn': 'tanh', 'gmc_tokens_pred_dim': 128, 'text_pred_dim': 256, 'audio_pred_dim': 8, 'video_pred_dim': 16, 'recon_loss': 'SmoothL1Loss', 'loss_attra_weight': 1, 'loss_recon_weight': 1, 'post_fusion_dim': 256, 'post_fusion_dropout': 0.2, 'H': 3.0, 'cur_time': 3, 'model_save_path': 'results/mosi/emt-dlfr/run_once/models/emt-dlfr-mosi-regression-mr0.4-11111.pth', 'device': device(type='cuda', index=1), 'tasks': 'M'}>",11111,72.74,72.74,73.78,73.86,35.13,31.05,105.87,53.71,128.92,105.24
2026-01-26_13-54-03,emt-dlfr,"<Storage{'need_task_scheduling': False, 'is_tune': False, 'train_mode': 'regression', 'modelName': 'emt-dlfr', 'datasetName': 'mosi', 'num_workers': 4, 'model_save_dir': 'results/mosi/emt-dlfr/run_once/models', 'res_save_dir': 'results/mosi/emt-dlfr/run_once/results', 'gpu_ids': ['1'], 'missing_rates': array([0. , 0.1, 0.2, 0.3, 0.4, 0.5, 0.6, 0.7, 0.8, 0.9, 1. ]), 'seed': 11111, 'num_seeds': 3, 'exp_name': 'moe-uncertainty', 'diff_missing': None, 'KeyEval': 'Loss', 'save_model': True, 'use_normalized_data': False, 'seeds': [111, 1111, 11111], 'missing_rate': (0.4, 0.4, 0.4), 'dataPath': '/mnt/HDD2/teng/Master-23/sjc/work2/EMT-DLFR-master-based/MMSA/Datasets/MOSI/Processed/unaligned_50.pkl', 'seq_lens': (50, 375, 500), 'feature_dims': (768, 5, 20), 'train_samples': 1284, 'num_classes': 3, 'language': 'en', 'missing_seed': (111, 1111, 11111), 'data_missing': True, 'deal_missing': False, 'need_data_aligned': False, 'need_model_aligned': False, 'need_normalized': False, 'use_bert': True, 'use_finetune': True, 'save_labels': False, 'early_stop': 8, 'update_epochs': 4, 'batch_size': 32, 'learning_rate_bert': 5e-05, 'learning_rate_audio': 0.001, 'learning_rate_video': 0.0001, 'learning_rate_other': 0.001, 'weight_decay_bert': 0.001, 'weight_decay_audio': 0.01, 'weight_decay_video': 0.001, 'weight_decay_other': 0.001, 'a_lstm_hidden_size': 32, 'v_lstm_hidden_size': 64, 'a_lstm_layers': 1, 'v_lstm_layers': 1, 'text_out': 768, 'audio_out': 16, 'video_out': 32, 'a_lstm_dropout': 0.0, 'v_lstm_dropout': 0.0, 't_bert_dropout': 0.1, 'd_model': 128, 'fusion_layers': 3, 'heads': 4, 'learnable_pos_emb': False, 'emb_dropout': 0.0, 'attn_dropout': 0.2, 'ff_dropout': 0.1, 'ff_expansion': 4, 'mpu_share': True, 'modality_share': True, 'layer_share': True, 'attn_act_fn': 'tanh', 'gmc_tokens_pred_dim': 128, 'text_pred_dim': 256, 'audio_pred_dim': 8, 'video_pred_dim': 16, 'recon_loss': 'SmoothL1Loss', 'loss_attra_weight': 1, 'loss_recon_weight': 1, 'post_fusion_dim': 256, 'post_fusion_dropout': 0.2, 'H': 3.0, 'cur_time': 3, 'model_save_path': 'results/mosi/emt-dlfr/run_once/models/emt-dlfr-mosi-regression-mr0.4-11111.pth', 'device': device(type='cuda', index=1), 'tasks': 'M'}>",<mean/std>,"(72.4, 0.38)","(72.43, 0.35)","(73.02, 0.57)","(73.14, 0.53)","(34.69, 0.95)","(31.15, 0.72)","(107.53, 1.21)","(54.69, 0.69)","(131.8, 2.08)","(106.92, 1.19)"
2026-01-26_13-54-03,emt-dlfr,"<Storage{'need_task_scheduling': False, 'is_tune': False, 'train_mode': 'regression', 'modelName': 'emt-dlfr', 'datasetName': 'mosi', 'num_workers': 4, 'model_save_dir': 'results/mosi/emt-dlfr/run_once/models', 'res_save_dir': 'results/mosi/emt-dlfr/run_once/results', 'gpu_ids': ['1'], 'missing_rates': array([0. , 0.1, 0.2, 0.3, 0.4, 0.5, 0.6, 0.7, 0.8, 0.9, 1. ]), 'seed': 11111, 'num_seeds': 3, 'exp_name': 'moe-uncertainty', 'diff_missing': None, 'KeyEval': 'Loss', 'save_model': True, 'use_normalized_data': False, 'seeds': [111, 1111, 11111], 'missing_rate': (0.4, 0.4, 0.4), 'dataPath': '/mnt/HDD2/teng/Master-23/sjc/work2/EMT-DLFR-master-based/MMSA/Datasets/MOSI/Processed/unaligned_50.pkl', 'seq_lens': (50, 375, 500), 'feature_dims': (768, 5, 20), 'train_samples': 1284, 'num_classes': 3, 'language': 'en', 'missing_seed': (111, 1111, 11111), 'data_missing': True, 'deal_missing': False, 'need_data_aligned': False, 'need_model_aligned': False, 'need_normalized': False, 'use_bert': True, 'use_finetune': True, 'save_labels': False, 'early_stop': 8, 'update_epochs': 4, 'batch_size': 32, 'learning_rate_bert': 5e-05, 'learning_rate_audio': 0.001, 'learning_rate_video': 0.0001, 'learning_rate_other': 0.001, 'weight_decay_bert': 0.001, 'weight_decay_audio': 0.01, 'weight_decay_video': 0.001, 'weight_decay_other': 0.001, 'a_lstm_hidden_size': 32, 'v_lstm_hidden_size': 64, 'a_lstm_layers': 1, 'v_lstm_layers': 1, 'text_out': 768, 'audio_out': 16, 'video_out': 32, 'a_lstm_dropout': 0.0, 'v_lstm_dropout': 0.0, 't_bert_dropout': 0.1, 'd_model': 128, 'fusion_layers': 3, 'heads': 4, 'learnable_pos_emb': False, 'emb_dropout': 0.0, 'attn_dropout': 0.2, 'ff_dropout': 0.1, 'ff_expansion': 4, 'mpu_share': True, 'modality_share': True, 'layer_share': True, 'attn_act_fn': 'tanh', 'gmc_tokens_pred_dim': 128, 'text_pred_dim': 256, 'audio_pred_dim': 8, 'video_pred_dim': 16, 'recon_loss': 'SmoothL1Loss', 'loss_attra_weight': 1, 'loss_recon_weight': 1, 'post_fusion_dim': 256, 'post_fusion_dropout': 0.2, 'H': 3.0, 'cur_time': 3, 'model_save_path': 'results/mosi/emt-dlfr/run_once/models/emt-dlfr-mosi-regression-mr0.4-11111.pth', 'device': device(type='cuda', index=1), 'tasks': 'M'}>",<max/seed>,"(72.74, 11111)","(72.74, 11111)","(73.78, 11111)","(73.86, 11111)","(35.57, 1111)","(32.07, 1111)","(108.73, 1111)","(55.22, 111)","(133.8, 111)","(107.86, 111)"
2026-01-26_13-54-03,emt-dlfr,"<Storage{'need_task_scheduling': False, 'is_tune': False, 'train_mode': 'regression', 'modelName': 'emt-dlfr', 'datasetName': 'mosi', 'num_workers': 4, 'model_save_dir': 'results/mosi/emt-dlfr/run_once/models', 'res_save_dir': 'results/mosi/emt-dlfr/run_once/results', 'gpu_ids': ['1'], 'missing_rates': array([0. , 0.1, 0.2, 0.3, 0.4, 0.5, 0.6, 0.7, 0.8, 0.9, 1. ]), 'seed': 11111, 'num_seeds': 3, 'exp_name': 'moe-uncertainty', 'diff_missing': None, 'KeyEval': 'Loss', 'save_model': True, 'use_normalized_data': False, 'seeds': [111, 1111, 11111], 'missing_rate': (0.4, 0.4, 0.4), 'dataPath': '/mnt/HDD2/teng/Master-23/sjc/work2/EMT-DLFR-master-based/MMSA/Datasets/MOSI/Processed/unaligned_50.pkl', 'seq_lens': (50, 375, 500), 'feature_dims': (768, 5, 20), 'train_samples': 1284, 'num_classes': 3, 'language': 'en', 'missing_seed': (111, 1111, 11111), 'data_missing': True, 'deal_missing': False, 'need_data_aligned': False, 'need_model_aligned': False, 'need_normalized': False, 'use_bert': True, 'use_finetune': True, 'save_labels': False, 'early_stop': 8, 'update_epochs': 4, 'batch_size': 32, 'learning_rate_bert': 5e-05, 'learning_rate_audio': 0.001, 'learning_rate_video': 0.0001, 'learning_rate_other': 0.001, 'weight_decay_bert': 0.001, 'weight_decay_audio': 0.01, 'weight_decay_video': 0.001, 'weight_decay_other': 0.001, 'a_lstm_hidden_size': 32, 'v_lstm_hidden_size': 64, 'a_lstm_layers': 1, 'v_lstm_layers': 1, 'text_out': 768, 'audio_out': 16, 'video_out': 32, 'a_lstm_dropout': 0.0, 'v_lstm_dropout': 0.0, 't_bert_dropout': 0.1, 'd_model': 128, 'fusion_layers': 3, 'heads': 4, 'learnable_pos_emb': False, 'emb_dropout': 0.0, 'attn_dropout': 0.2, 'ff_dropout': 0.1, 'ff_expansion': 4, 'mpu_share': True, 'modality_share': True, 'layer_share': True, 'attn_act_fn': 'tanh', 'gmc_tokens_pred_dim': 128, 'text_pred_dim': 256, 'audio_pred_dim': 8, 'video_pred_dim': 16, 'recon_loss': 'SmoothL1Loss', 'loss_attra_weight': 1, 'loss_recon_weight': 1, 'post_fusion_dim': 256, 'post_fusion_dropout': 0.2, 'H': 3.0, 'cur_time': 3, 'model_save_path': 'results/mosi/emt-dlfr/run_once/models/emt-dlfr-mosi-regression-mr0.4-11111.pth', 'device': device(type='cuda', index=1), 'tasks': 'M'}>",<min/seed>,"(71.87, 111)","(71.94, 111)","(72.41, 111)","(72.58, 111)","(33.38, 111)","(30.32, 111)","(105.87, 11111)","(53.71, 11111)","(128.92, 11111)","(105.24, 11111)"
2026-01-26_17-23-07,emt-dlfr,"<Storage{'need_task_scheduling': False, 'is_tune': False, 'train_mode': 'regression', 'modelName': 'emt-dlfr', 'datasetName': 'mosi', 'num_workers': 4, 'model_save_dir': 'results/mosi/emt-dlfr/run_once/models', 'res_save_dir': 'results/mosi/emt-dlfr/run_once/results', 'gpu_ids': ['1'], 'missing_rates': array([0. , 0.1, 0.2, 0.3, 0.4, 0.5, 0.6, 0.7, 0.8, 0.9, 1. ]), 'seed': 11111, 'num_seeds': 3, 'exp_name': 'moe-uncertainty', 'diff_missing': None, 'KeyEval': 'Loss', 'save_model': True, 'use_normalized_data': False, 'seeds': [111, 1111, 11111], 'missing_rate': (0.4, 0.4, 0.4), 'dataPath': '/mnt/HDD2/teng/Master-23/sjc/work2/EMT-DLFR-master-based/MMSA/Datasets/MOSI/Processed/unaligned_50.pkl', 'seq_lens': (50, 375, 500), 'feature_dims': (768, 5, 20), 'train_samples': 1284, 'num_classes': 3, 'language': 'en', 'missing_seed': (111, 1111, 11111), 'data_missing': True, 'deal_missing': False, 'need_data_aligned': False, 'need_model_aligned': False, 'need_normalized': False, 'use_bert': True, 'use_finetune': True, 'save_labels': False, 'early_stop': 8, 'update_epochs': 4, 'batch_size': 32, 'learning_rate_bert': 5e-05, 'learning_rate_audio': 0.001, 'learning_rate_video': 0.0001, 'learning_rate_other': 0.001, 'weight_decay_bert': 0.001, 'weight_decay_audio': 0.01, 'weight_decay_video': 0.001, 'weight_decay_other': 0.001, 'a_lstm_hidden_size': 32, 'v_lstm_hidden_size': 64, 'a_lstm_layers': 1, 'v_lstm_layers': 1, 'text_out': 768, 'audio_out': 16, 'video_out': 32, 'a_lstm_dropout': 0.0, 'v_lstm_dropout': 0.0, 't_bert_dropout': 0.1, 'd_model': 128, 'fusion_layers': 3, 'heads': 4, 'learnable_pos_emb': False, 'emb_dropout': 0.0, 'attn_dropout': 0.2, 'ff_dropout': 0.1, 'ff_expansion': 4, 'mpu_share': True, 'modality_share': True, 'layer_share': True, 'attn_act_fn': 'tanh', 'gmc_tokens_pred_dim': 128, 'text_pred_dim': 256, 'audio_pred_dim': 8, 'video_pred_dim': 16, 'recon_loss': 'SmoothL1Loss', 'loss_attra_weight': 1, 'loss_recon_weight': 1, 'post_fusion_dim': 256, 'post_fusion_dropout': 0.3, 'H': 3.0, 'cur_time': 3, 'model_save_path': 'results/mosi/emt-dlfr/run_once/models/emt-dlfr-mosi-regression-mr0.4-11111.pth', 'device': device(type='cuda', index=1), 'tasks': 'M'}>",111,73.03,73.11,73.63,73.79,35.28,31.63,107.09,56.0,124.17,107.26
2026-01-26_17-23-07,emt-dlfr,"<Storage{'need_task_scheduling': False, 'is_tune': False, 'train_mode': 'regression', 'modelName': 'emt-dlfr', 'datasetName': 'mosi', 'num_workers': 4, 'model_save_dir': 'results/mosi/emt-dlfr/run_once/models', 'res_save_dir': 'results/mosi/emt-dlfr/run_once/results', 'gpu_ids': ['1'], 'missing_rates': array([0. , 0.1, 0.2, 0.3, 0.4, 0.5, 0.6, 0.7, 0.8, 0.9, 1. ]), 'seed': 11111, 'num_seeds': 3, 'exp_name': 'moe-uncertainty', 'diff_missing': None, 'KeyEval': 'Loss', 'save_model': True, 'use_normalized_data': False, 'seeds': [111, 1111, 11111], 'missing_rate': (0.4, 0.4, 0.4), 'dataPath': '/mnt/HDD2/teng/Master-23/sjc/work2/EMT-DLFR-master-based/MMSA/Datasets/MOSI/Processed/unaligned_50.pkl', 'seq_lens': (50, 375, 500), 'feature_dims': (768, 5, 20), 'train_samples': 1284, 'num_classes': 3, 'language': 'en', 'missing_seed': (111, 1111, 11111), 'data_missing': True, 'deal_missing': False, 'need_data_aligned': False, 'need_model_aligned': False, 'need_normalized': False, 'use_bert': True, 'use_finetune': True, 'save_labels': False, 'early_stop': 8, 'update_epochs': 4, 'batch_size': 32, 'learning_rate_bert': 5e-05, 'learning_rate_audio': 0.001, 'learning_rate_video': 0.0001, 'learning_rate_other': 0.001, 'weight_decay_bert': 0.001, 'weight_decay_audio': 0.01, 'weight_decay_video': 0.001, 'weight_decay_other': 0.001, 'a_lstm_hidden_size': 32, 'v_lstm_hidden_size': 64, 'a_lstm_layers': 1, 'v_lstm_layers': 1, 'text_out': 768, 'audio_out': 16, 'video_out': 32, 'a_lstm_dropout': 0.0, 'v_lstm_dropout': 0.0, 't_bert_dropout': 0.1, 'd_model': 128, 'fusion_layers': 3, 'heads': 4, 'learnable_pos_emb': False, 'emb_dropout': 0.0, 'attn_dropout': 0.2, 'ff_dropout': 0.1, 'ff_expansion': 4, 'mpu_share': True, 'modality_share': True, 'layer_share': True, 'attn_act_fn': 'tanh', 'gmc_tokens_pred_dim': 128, 'text_pred_dim': 256, 'audio_pred_dim': 8, 'video_pred_dim': 16, 'recon_loss': 'SmoothL1Loss', 'loss_attra_weight': 1, 'loss_recon_weight': 1, 'post_fusion_dim': 256, 'post_fusion_dropout': 0.3, 'H': 3.0, 'cur_time': 3, 'model_save_path': 'results/mosi/emt-dlfr/run_once/models/emt-dlfr-mosi-regression-mr0.4-11111.pth', 'device': device(type='cuda', index=1), 'tasks': 'M'}>",1111,72.89,72.74,73.93,73.86,32.94,29.74,105.81,54.99,122.57,105.01
2026-01-26_17-23-07,emt-dlfr,"<Storage{'need_task_scheduling': False, 'is_tune': False, 'train_mode': 'regression', 'modelName': 'emt-dlfr', 'datasetName': 'mosi', 'num_workers': 4, 'model_save_dir': 'results/mosi/emt-dlfr/run_once/models', 'res_save_dir': 'results/mosi/emt-dlfr/run_once/results', 'gpu_ids': ['1'], 'missing_rates': array([0. , 0.1, 0.2, 0.3, 0.4, 0.5, 0.6, 0.7, 0.8, 0.9, 1. ]), 'seed': 11111, 'num_seeds': 3, 'exp_name': 'moe-uncertainty', 'diff_missing': None, 'KeyEval': 'Loss', 'save_model': True, 'use_normalized_data': False, 'seeds': [111, 1111, 11111], 'missing_rate': (0.4, 0.4, 0.4), 'dataPath': '/mnt/HDD2/teng/Master-23/sjc/work2/EMT-DLFR-master-based/MMSA/Datasets/MOSI/Processed/unaligned_50.pkl', 'seq_lens': (50, 375, 500), 'feature_dims': (768, 5, 20), 'train_samples': 1284, 'num_classes': 3, 'language': 'en', 'missing_seed': (111, 1111, 11111), 'data_missing': True, 'deal_missing': False, 'need_data_aligned': False, 'need_model_aligned': False, 'need_normalized': False, 'use_bert': True, 'use_finetune': True, 'save_labels': False, 'early_stop': 8, 'update_epochs': 4, 'batch_size': 32, 'learning_rate_bert': 5e-05, 'learning_rate_audio': 0.001, 'learning_rate_video': 0.0001, 'learning_rate_other': 0.001, 'weight_decay_bert': 0.001, 'weight_decay_audio': 0.01, 'weight_decay_video': 0.001, 'weight_decay_other': 0.001, 'a_lstm_hidden_size': 32, 'v_lstm_hidden_size': 64, 'a_lstm_layers': 1, 'v_lstm_layers': 1, 'text_out': 768, 'audio_out': 16, 'video_out': 32, 'a_lstm_dropout': 0.0, 'v_lstm_dropout': 0.0, 't_bert_dropout': 0.1, 'd_model': 128, 'fusion_layers': 3, 'heads': 4, 'learnable_pos_emb': False, 'emb_dropout': 0.0, 'attn_dropout': 0.2, 'ff_dropout': 0.1, 'ff_expansion': 4, 'mpu_share': True, 'modality_share': True, 'layer_share': True, 'attn_act_fn': 'tanh', 'gmc_tokens_pred_dim': 128, 'text_pred_dim': 256, 'audio_pred_dim': 8, 'video_pred_dim': 16, 'recon_loss': 'SmoothL1Loss', 'loss_attra_weight': 1, 'loss_recon_weight': 1, 'post_fusion_dim': 256, 'post_fusion_dropout': 0.3, 'H': 3.0, 'cur_time': 3, 'model_save_path': 'results/mosi/emt-dlfr/run_once/models/emt-dlfr-mosi-regression-mr0.4-11111.pth', 'device': device(type='cuda', index=1), 'tasks': 'M'}>",11111,73.62,73.68,73.78,73.91,36.73,32.36,104.91,54.85,119.75,104.44
2026-01-26_17-23-07,emt-dlfr,"<Storage{'need_task_scheduling': False, 'is_tune': False, 'train_mode': 'regression', 'modelName': 'emt-dlfr', 'datasetName': 'mosi', 'num_workers': 4, 'model_save_dir': 'results/mosi/emt-dlfr/run_once/models', 'res_save_dir': 'results/mosi/emt-dlfr/run_once/results', 'gpu_ids': ['1'], 'missing_rates': array([0. , 0.1, 0.2, 0.3, 0.4, 0.5, 0.6, 0.7, 0.8, 0.9, 1. ]), 'seed': 11111, 'num_seeds': 3, 'exp_name': 'moe-uncertainty', 'diff_missing': None, 'KeyEval': 'Loss', 'save_model': True, 'use_normalized_data': False, 'seeds': [111, 1111, 11111], 'missing_rate': (0.4, 0.4, 0.4), 'dataPath': '/mnt/HDD2/teng/Master-23/sjc/work2/EMT-DLFR-master-based/MMSA/Datasets/MOSI/Processed/unaligned_50.pkl', 'seq_lens': (50, 375, 500), 'feature_dims': (768, 5, 20), 'train_samples': 1284, 'num_classes': 3, 'language': 'en', 'missing_seed': (111, 1111, 11111), 'data_missing': True, 'deal_missing': False, 'need_data_aligned': False, 'need_model_aligned': False, 'need_normalized': False, 'use_bert': True, 'use_finetune': True, 'save_labels': False, 'early_stop': 8, 'update_epochs': 4, 'batch_size': 32, 'learning_rate_bert': 5e-05, 'learning_rate_audio': 0.001, 'learning_rate_video': 0.0001, 'learning_rate_other': 0.001, 'weight_decay_bert': 0.001, 'weight_decay_audio': 0.01, 'weight_decay_video': 0.001, 'weight_decay_other': 0.001, 'a_lstm_hidden_size': 32, 'v_lstm_hidden_size': 64, 'a_lstm_layers': 1, 'v_lstm_layers': 1, 'text_out': 768, 'audio_out': 16, 'video_out': 32, 'a_lstm_dropout': 0.0, 'v_lstm_dropout': 0.0, 't_bert_dropout': 0.1, 'd_model': 128, 'fusion_layers': 3, 'heads': 4, 'learnable_pos_emb': False, 'emb_dropout': 0.0, 'attn_dropout': 0.2, 'ff_dropout': 0.1, 'ff_expansion': 4, 'mpu_share': True, 'modality_share': True, 'layer_share': True, 'attn_act_fn': 'tanh', 'gmc_tokens_pred_dim': 128, 'text_pred_dim': 256, 'audio_pred_dim': 8, 'video_pred_dim': 16, 'recon_loss': 'SmoothL1Loss', 'loss_attra_weight': 1, 'loss_recon_weight': 1, 'post_fusion_dim': 256, 'post_fusion_dropout': 0.3, 'H': 3.0, 'cur_time': 3, 'model_save_path': 'results/mosi/emt-dlfr/run_once/models/emt-dlfr-mosi-regression-mr0.4-11111.pth', 'device': device(type='cuda', index=1), 'tasks': 'M'}>",<mean/std>,"(73.18, 0.32)","(73.18, 0.39)","(73.78, 0.12)","(73.85, 0.05)","(34.98, 1.56)","(31.24, 1.1)","(105.94, 0.89)","(55.28, 0.51)","(122.16, 1.83)","(105.57, 1.22)"
2026-01-26_17-23-07,emt-dlfr,"<Storage{'need_task_scheduling': False, 'is_tune': False, 'train_mode': 'regression', 'modelName': 'emt-dlfr', 'datasetName': 'mosi', 'num_workers': 4, 'model_save_dir': 'results/mosi/emt-dlfr/run_once/models', 'res_save_dir': 'results/mosi/emt-dlfr/run_once/results', 'gpu_ids': ['1'], 'missing_rates': array([0. , 0.1, 0.2, 0.3, 0.4, 0.5, 0.6, 0.7, 0.8, 0.9, 1. ]), 'seed': 11111, 'num_seeds': 3, 'exp_name': 'moe-uncertainty', 'diff_missing': None, 'KeyEval': 'Loss', 'save_model': True, 'use_normalized_data': False, 'seeds': [111, 1111, 11111], 'missing_rate': (0.4, 0.4, 0.4), 'dataPath': '/mnt/HDD2/teng/Master-23/sjc/work2/EMT-DLFR-master-based/MMSA/Datasets/MOSI/Processed/unaligned_50.pkl', 'seq_lens': (50, 375, 500), 'feature_dims': (768, 5, 20), 'train_samples': 1284, 'num_classes': 3, 'language': 'en', 'missing_seed': (111, 1111, 11111), 'data_missing': True, 'deal_missing': False, 'need_data_aligned': False, 'need_model_aligned': False, 'need_normalized': False, 'use_bert': True, 'use_finetune': True, 'save_labels': False, 'early_stop': 8, 'update_epochs': 4, 'batch_size': 32, 'learning_rate_bert': 5e-05, 'learning_rate_audio': 0.001, 'learning_rate_video': 0.0001, 'learning_rate_other': 0.001, 'weight_decay_bert': 0.001, 'weight_decay_audio': 0.01, 'weight_decay_video': 0.001, 'weight_decay_other': 0.001, 'a_lstm_hidden_size': 32, 'v_lstm_hidden_size': 64, 'a_lstm_layers': 1, 'v_lstm_layers': 1, 'text_out': 768, 'audio_out': 16, 'video_out': 32, 'a_lstm_dropout': 0.0, 'v_lstm_dropout': 0.0, 't_bert_dropout': 0.1, 'd_model': 128, 'fusion_layers': 3, 'heads': 4, 'learnable_pos_emb': False, 'emb_dropout': 0.0, 'attn_dropout': 0.2, 'ff_dropout': 0.1, 'ff_expansion': 4, 'mpu_share': True, 'modality_share': True, 'layer_share': True, 'attn_act_fn': 'tanh', 'gmc_tokens_pred_dim': 128, 'text_pred_dim': 256, 'audio_pred_dim': 8, 'video_pred_dim': 16, 'recon_loss': 'SmoothL1Loss', 'loss_attra_weight': 1, 'loss_recon_weight': 1, 'post_fusion_dim': 256, 'post_fusion_dropout': 0.3, 'H': 3.0, 'cur_time': 3, 'model_save_path': 'results/mosi/emt-dlfr/run_once/models/emt-dlfr-mosi-regression-mr0.4-11111.pth', 'device': device(type='cuda', index=1), 'tasks': 'M'}>",<max/seed>,"(73.62, 11111)","(73.68, 11111)","(73.93, 1111)","(73.91, 11111)","(36.73, 11111)","(32.36, 11111)","(107.09, 111)","(56.0, 111)","(124.17, 111)","(107.26, 111)"
2026-01-26_17-23-07,emt-dlfr,"<Storage{'need_task_scheduling': False, 'is_tune': False, 'train_mode': 'regression', 'modelName': 'emt-dlfr', 'datasetName': 'mosi', 'num_workers': 4, 'model_save_dir': 'results/mosi/emt-dlfr/run_once/models', 'res_save_dir': 'results/mosi/emt-dlfr/run_once/results', 'gpu_ids': ['1'], 'missing_rates': array([0. , 0.1, 0.2, 0.3, 0.4, 0.5, 0.6, 0.7, 0.8, 0.9, 1. ]), 'seed': 11111, 'num_seeds': 3, 'exp_name': 'moe-uncertainty', 'diff_missing': None, 'KeyEval': 'Loss', 'save_model': True, 'use_normalized_data': False, 'seeds': [111, 1111, 11111], 'missing_rate': (0.4, 0.4, 0.4), 'dataPath': '/mnt/HDD2/teng/Master-23/sjc/work2/EMT-DLFR-master-based/MMSA/Datasets/MOSI/Processed/unaligned_50.pkl', 'seq_lens': (50, 375, 500), 'feature_dims': (768, 5, 20), 'train_samples': 1284, 'num_classes': 3, 'language': 'en', 'missing_seed': (111, 1111, 11111), 'data_missing': True, 'deal_missing': False, 'need_data_aligned': False, 'need_model_aligned': False, 'need_normalized': False, 'use_bert': True, 'use_finetune': True, 'save_labels': False, 'early_stop': 8, 'update_epochs': 4, 'batch_size': 32, 'learning_rate_bert': 5e-05, 'learning_rate_audio': 0.001, 'learning_rate_video': 0.0001, 'learning_rate_other': 0.001, 'weight_decay_bert': 0.001, 'weight_decay_audio': 0.01, 'weight_decay_video': 0.001, 'weight_decay_other': 0.001, 'a_lstm_hidden_size': 32, 'v_lstm_hidden_size': 64, 'a_lstm_layers': 1, 'v_lstm_layers': 1, 'text_out': 768, 'audio_out': 16, 'video_out': 32, 'a_lstm_dropout': 0.0, 'v_lstm_dropout': 0.0, 't_bert_dropout': 0.1, 'd_model': 128, 'fusion_layers': 3, 'heads': 4, 'learnable_pos_emb': False, 'emb_dropout': 0.0, 'attn_dropout': 0.2, 'ff_dropout': 0.1, 'ff_expansion': 4, 'mpu_share': True, 'modality_share': True, 'layer_share': True, 'attn_act_fn': 'tanh', 'gmc_tokens_pred_dim': 128, 'text_pred_dim': 256, 'audio_pred_dim': 8, 'video_pred_dim': 16, 'recon_loss': 'SmoothL1Loss', 'loss_attra_weight': 1, 'loss_recon_weight': 1, 'post_fusion_dim': 256, 'post_fusion_dropout': 0.3, 'H': 3.0, 'cur_time': 3, 'model_save_path': 'results/mosi/emt-dlfr/run_once/models/emt-dlfr-mosi-regression-mr0.4-11111.pth', 'device': device(type='cuda', index=1), 'tasks': 'M'}>",<min/seed>,"(72.89, 1111)","(72.74, 1111)","(73.63, 111)","(73.79, 111)","(32.94, 1111)","(29.74, 1111)","(104.91, 11111)","(54.85, 11111)","(119.75, 11111)","(104.44, 11111)"
2026-01-27_07-58-25,emt-dlfr,"<Storage{'need_task_scheduling': False, 'is_tune': False, 'train_mode': 'regression', 'modelName': 'emt-dlfr', 'datasetName': 'mosi', 'num_workers': 4, 'model_save_dir': 'results/mosi/emt-dlfr/run_once/models', 'res_save_dir': 'results/mosi/emt-dlfr/run_once/results', 'gpu_ids': [2], 'missing_rates': array([0. , 0.1, 0.2, 0.3, 0.4, 0.5, 0.6, 0.7, 0.8, 0.9, 1. ]), 'seed': 11111, 'num_seeds': 3, 'exp_name': 'moe-uncertainty', 'diff_missing': None, 'KeyEval': 'Loss', 'save_model': True, 'use_normalized_data': False, 'seeds': [111, 1111, 11111], 'missing_rate': (0.4, 0.4, 0.4), 'dataPath': '/mnt/HDD2/teng/Master-23/sjc/work2/EMT-DLFR-master-based/MMSA/Datasets/MOSI/Processed/unaligned_50.pkl', 'seq_lens': (50, 375, 500), 'feature_dims': (768, 5, 20), 'train_samples': 1284, 'num_classes': 3, 'language': 'en', 'missing_seed': (111, 1111, 11111), 'data_missing': True, 'deal_missing': False, 'need_data_aligned': False, 'need_model_aligned': False, 'need_normalized': False, 'use_bert': True, 'use_finetune': True, 'save_labels': False, 'early_stop': 8, 'update_epochs': 4, 'batch_size': 32, 'learning_rate_bert': 5e-05, 'learning_rate_audio': 0.001, 'learning_rate_video': 0.0001, 'learning_rate_other': 0.001, 'weight_decay_bert': 0.001, 'weight_decay_audio': 0.01, 'weight_decay_video': 0.001, 'weight_decay_other': 0.001, 'a_lstm_hidden_size': 32, 'v_lstm_hidden_size': 64, 'a_lstm_layers': 1, 'v_lstm_layers': 1, 'text_out': 768, 'audio_out': 16, 'video_out': 32, 'a_lstm_dropout': 0.0, 'v_lstm_dropout': 0.0, 't_bert_dropout': 0.1, 'd_model': 128, 'fusion_layers': 3, 'heads': 4, 'learnable_pos_emb': False, 'emb_dropout': 0.0, 'attn_dropout': 0.2, 'ff_dropout': 0.1, 'ff_expansion': 4, 'mpu_share': True, 'modality_share': True, 'layer_share': True, 'attn_act_fn': 'tanh', 'gmc_tokens_pred_dim': 128, 'text_pred_dim': 256, 'audio_pred_dim': 8, 'video_pred_dim': 16, 'recon_loss': 'SmoothL1Loss', 'loss_attra_weight': 1, 'loss_recon_weight': 1, 'post_fusion_dim': 256, 'post_fusion_dropout': 0.3, 'H': 3.0, 'cur_time': 3, 'model_save_path': 'results/mosi/emt-dlfr/run_once/models/emt-dlfr-mosi-regression-mr0.4-11111.pth', 'device': device(type='cuda', index=2), 'tasks': 'M'}>",111,73.32,73.17,74.39,74.31,36.73,32.65,102.93,56.17,121.14,102.7
2026-01-27_07-58-25,emt-dlfr,"<Storage{'need_task_scheduling': False, 'is_tune': False, 'train_mode': 'regression', 'modelName': 'emt-dlfr', 'datasetName': 'mosi', 'num_workers': 4, 'model_save_dir': 'results/mosi/emt-dlfr/run_once/models', 'res_save_dir': 'results/mosi/emt-dlfr/run_once/results', 'gpu_ids': [2], 'missing_rates': array([0. , 0.1, 0.2, 0.3, 0.4, 0.5, 0.6, 0.7, 0.8, 0.9, 1. ]), 'seed': 11111, 'num_seeds': 3, 'exp_name': 'moe-uncertainty', 'diff_missing': None, 'KeyEval': 'Loss', 'save_model': True, 'use_normalized_data': False, 'seeds': [111, 1111, 11111], 'missing_rate': (0.4, 0.4, 0.4), 'dataPath': '/mnt/HDD2/teng/Master-23/sjc/work2/EMT-DLFR-master-based/MMSA/Datasets/MOSI/Processed/unaligned_50.pkl', 'seq_lens': (50, 375, 500), 'feature_dims': (768, 5, 20), 'train_samples': 1284, 'num_classes': 3, 'language': 'en', 'missing_seed': (111, 1111, 11111), 'data_missing': True, 'deal_missing': False, 'need_data_aligned': False, 'need_model_aligned': False, 'need_normalized': False, 'use_bert': True, 'use_finetune': True, 'save_labels': False, 'early_stop': 8, 'update_epochs': 4, 'batch_size': 32, 'learning_rate_bert': 5e-05, 'learning_rate_audio': 0.001, 'learning_rate_video': 0.0001, 'learning_rate_other': 0.001, 'weight_decay_bert': 0.001, 'weight_decay_audio': 0.01, 'weight_decay_video': 0.001, 'weight_decay_other': 0.001, 'a_lstm_hidden_size': 32, 'v_lstm_hidden_size': 64, 'a_lstm_layers': 1, 'v_lstm_layers': 1, 'text_out': 768, 'audio_out': 16, 'video_out': 32, 'a_lstm_dropout': 0.0, 'v_lstm_dropout': 0.0, 't_bert_dropout': 0.1, 'd_model': 128, 'fusion_layers': 3, 'heads': 4, 'learnable_pos_emb': False, 'emb_dropout': 0.0, 'attn_dropout': 0.2, 'ff_dropout': 0.1, 'ff_expansion': 4, 'mpu_share': True, 'modality_share': True, 'layer_share': True, 'attn_act_fn': 'tanh', 'gmc_tokens_pred_dim': 128, 'text_pred_dim': 256, 'audio_pred_dim': 8, 'video_pred_dim': 16, 'recon_loss': 'SmoothL1Loss', 'loss_attra_weight': 1, 'loss_recon_weight': 1, 'post_fusion_dim': 256, 'post_fusion_dropout': 0.3, 'H': 3.0, 'cur_time': 3, 'model_save_path': 'results/mosi/emt-dlfr/run_once/models/emt-dlfr-mosi-regression-mr0.4-11111.pth', 'device': device(type='cuda', index=2), 'tasks': 'M'}>",1111,72.01,72.09,72.56,72.72,37.17,32.94,104.65,56.65,123.6,104.84
2026-01-27_07-58-25,emt-dlfr,"<Storage{'need_task_scheduling': False, 'is_tune': False, 'train_mode': 'regression', 'modelName': 'emt-dlfr', 'datasetName': 'mosi', 'num_workers': 4, 'model_save_dir': 'results/mosi/emt-dlfr/run_once/models', 'res_save_dir': 'results/mosi/emt-dlfr/run_once/results', 'gpu_ids': [2], 'missing_rates': array([0. , 0.1, 0.2, 0.3, 0.4, 0.5, 0.6, 0.7, 0.8, 0.9, 1. ]), 'seed': 11111, 'num_seeds': 3, 'exp_name': 'moe-uncertainty', 'diff_missing': None, 'KeyEval': 'Loss', 'save_model': True, 'use_normalized_data': False, 'seeds': [111, 1111, 11111], 'missing_rate': (0.4, 0.4, 0.4), 'dataPath': '/mnt/HDD2/teng/Master-23/sjc/work2/EMT-DLFR-master-based/MMSA/Datasets/MOSI/Processed/unaligned_50.pkl', 'seq_lens': (50, 375, 500), 'feature_dims': (768, 5, 20), 'train_samples': 1284, 'num_classes': 3, 'language': 'en', 'missing_seed': (111, 1111, 11111), 'data_missing': True, 'deal_missing': False, 'need_data_aligned': False, 'need_model_aligned': False, 'need_normalized': False, 'use_bert': True, 'use_finetune': True, 'save_labels': False, 'early_stop': 8, 'update_epochs': 4, 'batch_size': 32, 'learning_rate_bert': 5e-05, 'learning_rate_audio': 0.001, 'learning_rate_video': 0.0001, 'learning_rate_other': 0.001, 'weight_decay_bert': 0.001, 'weight_decay_audio': 0.01, 'weight_decay_video': 0.001, 'weight_decay_other': 0.001, 'a_lstm_hidden_size': 32, 'v_lstm_hidden_size': 64, 'a_lstm_layers': 1, 'v_lstm_layers': 1, 'text_out': 768, 'audio_out': 16, 'video_out': 32, 'a_lstm_dropout': 0.0, 'v_lstm_dropout': 0.0, 't_bert_dropout': 0.1, 'd_model': 128, 'fusion_layers': 3, 'heads': 4, 'learnable_pos_emb': False, 'emb_dropout': 0.0, 'attn_dropout': 0.2, 'ff_dropout': 0.1, 'ff_expansion': 4, 'mpu_share': True, 'modality_share': True, 'layer_share': True, 'attn_act_fn': 'tanh', 'gmc_tokens_pred_dim': 128, 'text_pred_dim': 256, 'audio_pred_dim': 8, 'video_pred_dim': 16, 'recon_loss': 'SmoothL1Loss', 'loss_attra_weight': 1, 'loss_recon_weight': 1, 'post_fusion_dim': 256, 'post_fusion_dropout': 0.3, 'H': 3.0, 'cur_time': 3, 'model_save_path': 'results/mosi/emt-dlfr/run_once/models/emt-dlfr-mosi-regression-mr0.4-11111.pth', 'device': device(type='cuda', index=2), 'tasks': 'M'}>",11111,72.16,72.21,73.02,73.16,35.28,31.05,105.25,55.98,122.42,104.6
2026-01-27_07-58-25,emt-dlfr,"<Storage{'need_task_scheduling': False, 'is_tune': False, 'train_mode': 'regression', 'modelName': 'emt-dlfr', 'datasetName': 'mosi', 'num_workers': 4, 'model_save_dir': 'results/mosi/emt-dlfr/run_once/models', 'res_save_dir': 'results/mosi/emt-dlfr/run_once/results', 'gpu_ids': [2], 'missing_rates': array([0. , 0.1, 0.2, 0.3, 0.4, 0.5, 0.6, 0.7, 0.8, 0.9, 1. ]), 'seed': 11111, 'num_seeds': 3, 'exp_name': 'moe-uncertainty', 'diff_missing': None, 'KeyEval': 'Loss', 'save_model': True, 'use_normalized_data': False, 'seeds': [111, 1111, 11111], 'missing_rate': (0.4, 0.4, 0.4), 'dataPath': '/mnt/HDD2/teng/Master-23/sjc/work2/EMT-DLFR-master-based/MMSA/Datasets/MOSI/Processed/unaligned_50.pkl', 'seq_lens': (50, 375, 500), 'feature_dims': (768, 5, 20), 'train_samples': 1284, 'num_classes': 3, 'language': 'en', 'missing_seed': (111, 1111, 11111), 'data_missing': True, 'deal_missing': False, 'need_data_aligned': False, 'need_model_aligned': False, 'need_normalized': False, 'use_bert': True, 'use_finetune': True, 'save_labels': False, 'early_stop': 8, 'update_epochs': 4, 'batch_size': 32, 'learning_rate_bert': 5e-05, 'learning_rate_audio': 0.001, 'learning_rate_video': 0.0001, 'learning_rate_other': 0.001, 'weight_decay_bert': 0.001, 'weight_decay_audio': 0.01, 'weight_decay_video': 0.001, 'weight_decay_other': 0.001, 'a_lstm_hidden_size': 32, 'v_lstm_hidden_size': 64, 'a_lstm_layers': 1, 'v_lstm_layers': 1, 'text_out': 768, 'audio_out': 16, 'video_out': 32, 'a_lstm_dropout': 0.0, 'v_lstm_dropout': 0.0, 't_bert_dropout': 0.1, 'd_model': 128, 'fusion_layers': 3, 'heads': 4, 'learnable_pos_emb': False, 'emb_dropout': 0.0, 'attn_dropout': 0.2, 'ff_dropout': 0.1, 'ff_expansion': 4, 'mpu_share': True, 'modality_share': True, 'layer_share': True, 'attn_act_fn': 'tanh', 'gmc_tokens_pred_dim': 128, 'text_pred_dim': 256, 'audio_pred_dim': 8, 'video_pred_dim': 16, 'recon_loss': 'SmoothL1Loss', 'loss_attra_weight': 1, 'loss_recon_weight': 1, 'post_fusion_dim': 256, 'post_fusion_dropout': 0.3, 'H': 3.0, 'cur_time': 3, 'model_save_path': 'results/mosi/emt-dlfr/run_once/models/emt-dlfr-mosi-regression-mr0.4-11111.pth', 'device': device(type='cuda', index=2), 'tasks': 'M'}>",<mean/std>,"(72.5, 0.59)","(72.49, 0.48)","(73.32, 0.78)","(73.4, 0.67)","(36.39, 0.81)","(32.21, 0.83)","(104.28, 0.98)","(56.27, 0.28)","(122.39, 1.01)","(104.05, 0.96)"
2026-01-27_07-58-25,emt-dlfr,"<Storage{'need_task_scheduling': False, 'is_tune': False, 'train_mode': 'regression', 'modelName': 'emt-dlfr', 'datasetName': 'mosi', 'num_workers': 4, 'model_save_dir': 'results/mosi/emt-dlfr/run_once/models', 'res_save_dir': 'results/mosi/emt-dlfr/run_once/results', 'gpu_ids': [2], 'missing_rates': array([0. , 0.1, 0.2, 0.3, 0.4, 0.5, 0.6, 0.7, 0.8, 0.9, 1. ]), 'seed': 11111, 'num_seeds': 3, 'exp_name': 'moe-uncertainty', 'diff_missing': None, 'KeyEval': 'Loss', 'save_model': True, 'use_normalized_data': False, 'seeds': [111, 1111, 11111], 'missing_rate': (0.4, 0.4, 0.4), 'dataPath': '/mnt/HDD2/teng/Master-23/sjc/work2/EMT-DLFR-master-based/MMSA/Datasets/MOSI/Processed/unaligned_50.pkl', 'seq_lens': (50, 375, 500), 'feature_dims': (768, 5, 20), 'train_samples': 1284, 'num_classes': 3, 'language': 'en', 'missing_seed': (111, 1111, 11111), 'data_missing': True, 'deal_missing': False, 'need_data_aligned': False, 'need_model_aligned': False, 'need_normalized': False, 'use_bert': True, 'use_finetune': True, 'save_labels': False, 'early_stop': 8, 'update_epochs': 4, 'batch_size': 32, 'learning_rate_bert': 5e-05, 'learning_rate_audio': 0.001, 'learning_rate_video': 0.0001, 'learning_rate_other': 0.001, 'weight_decay_bert': 0.001, 'weight_decay_audio': 0.01, 'weight_decay_video': 0.001, 'weight_decay_other': 0.001, 'a_lstm_hidden_size': 32, 'v_lstm_hidden_size': 64, 'a_lstm_layers': 1, 'v_lstm_layers': 1, 'text_out': 768, 'audio_out': 16, 'video_out': 32, 'a_lstm_dropout': 0.0, 'v_lstm_dropout': 0.0, 't_bert_dropout': 0.1, 'd_model': 128, 'fusion_layers': 3, 'heads': 4, 'learnable_pos_emb': False, 'emb_dropout': 0.0, 'attn_dropout': 0.2, 'ff_dropout': 0.1, 'ff_expansion': 4, 'mpu_share': True, 'modality_share': True, 'layer_share': True, 'attn_act_fn': 'tanh', 'gmc_tokens_pred_dim': 128, 'text_pred_dim': 256, 'audio_pred_dim': 8, 'video_pred_dim': 16, 'recon_loss': 'SmoothL1Loss', 'loss_attra_weight': 1, 'loss_recon_weight': 1, 'post_fusion_dim': 256, 'post_fusion_dropout': 0.3, 'H': 3.0, 'cur_time': 3, 'model_save_path': 'results/mosi/emt-dlfr/run_once/models/emt-dlfr-mosi-regression-mr0.4-11111.pth', 'device': device(type='cuda', index=2), 'tasks': 'M'}>",<max/seed>,"(73.32, 111)","(73.17, 111)","(74.39, 111)","(74.31, 111)","(37.17, 1111)","(32.94, 1111)","(105.25, 11111)","(56.65, 1111)","(123.6, 1111)","(104.84, 1111)"
2026-01-27_07-58-25,emt-dlfr,"<Storage{'need_task_scheduling': False, 'is_tune': False, 'train_mode': 'regression', 'modelName': 'emt-dlfr', 'datasetName': 'mosi', 'num_workers': 4, 'model_save_dir': 'results/mosi/emt-dlfr/run_once/models', 'res_save_dir': 'results/mosi/emt-dlfr/run_once/results', 'gpu_ids': [2], 'missing_rates': array([0. , 0.1, 0.2, 0.3, 0.4, 0.5, 0.6, 0.7, 0.8, 0.9, 1. ]), 'seed': 11111, 'num_seeds': 3, 'exp_name': 'moe-uncertainty', 'diff_missing': None, 'KeyEval': 'Loss', 'save_model': True, 'use_normalized_data': False, 'seeds': [111, 1111, 11111], 'missing_rate': (0.4, 0.4, 0.4), 'dataPath': '/mnt/HDD2/teng/Master-23/sjc/work2/EMT-DLFR-master-based/MMSA/Datasets/MOSI/Processed/unaligned_50.pkl', 'seq_lens': (50, 375, 500), 'feature_dims': (768, 5, 20), 'train_samples': 1284, 'num_classes': 3, 'language': 'en', 'missing_seed': (111, 1111, 11111), 'data_missing': True, 'deal_missing': False, 'need_data_aligned': False, 'need_model_aligned': False, 'need_normalized': False, 'use_bert': True, 'use_finetune': True, 'save_labels': False, 'early_stop': 8, 'update_epochs': 4, 'batch_size': 32, 'learning_rate_bert': 5e-05, 'learning_rate_audio': 0.001, 'learning_rate_video': 0.0001, 'learning_rate_other': 0.001, 'weight_decay_bert': 0.001, 'weight_decay_audio': 0.01, 'weight_decay_video': 0.001, 'weight_decay_other': 0.001, 'a_lstm_hidden_size': 32, 'v_lstm_hidden_size': 64, 'a_lstm_layers': 1, 'v_lstm_layers': 1, 'text_out': 768, 'audio_out': 16, 'video_out': 32, 'a_lstm_dropout': 0.0, 'v_lstm_dropout': 0.0, 't_bert_dropout': 0.1, 'd_model': 128, 'fusion_layers': 3, 'heads': 4, 'learnable_pos_emb': False, 'emb_dropout': 0.0, 'attn_dropout': 0.2, 'ff_dropout': 0.1, 'ff_expansion': 4, 'mpu_share': True, 'modality_share': True, 'layer_share': True, 'attn_act_fn': 'tanh', 'gmc_tokens_pred_dim': 128, 'text_pred_dim': 256, 'audio_pred_dim': 8, 'video_pred_dim': 16, 'recon_loss': 'SmoothL1Loss', 'loss_attra_weight': 1, 'loss_recon_weight': 1, 'post_fusion_dim': 256, 'post_fusion_dropout': 0.3, 'H': 3.0, 'cur_time': 3, 'model_save_path': 'results/mosi/emt-dlfr/run_once/models/emt-dlfr-mosi-regression-mr0.4-11111.pth', 'device': device(type='cuda', index=2), 'tasks': 'M'}>",<min/seed>,"(72.01, 1111)","(72.09, 1111)","(72.56, 1111)","(72.72, 1111)","(35.28, 11111)","(31.05, 11111)","(102.93, 111)","(55.98, 11111)","(121.14, 111)","(102.7, 111)"
2026-01-27_10-57-57,emt-dlfr,"<Storage{'need_task_scheduling': False, 'is_tune': False, 'train_mode': 'regression', 'modelName': 'emt-dlfr', 'datasetName': 'mosi', 'num_workers': 4, 'model_save_dir': 'results/mosi/emt-dlfr/run_once/models', 'res_save_dir': 'results/mosi/emt-dlfr/run_once/results', 'gpu_ids': [2], 'missing_rates': array([0. , 0.1, 0.2, 0.3, 0.4, 0.5, 0.6, 0.7, 0.8, 0.9, 1. ]), 'seed': 11111, 'num_seeds': 3, 'exp_name': 'moe-uncertainty', 'diff_missing': None, 'KeyEval': 'Loss', 'save_model': True, 'use_normalized_data': False, 'seeds': [111, 1111, 11111], 'missing_rate': (0.4, 0.4, 0.4), 'dataPath': '/mnt/HDD2/teng/Master-23/sjc/work2/EMT-DLFR-master-based/MMSA/Datasets/MOSI/Processed/unaligned_50.pkl', 'seq_lens': (50, 375, 500), 'feature_dims': (768, 5, 20), 'train_samples': 1284, 'num_classes': 3, 'language': 'en', 'missing_seed': (111, 1111, 11111), 'data_missing': True, 'deal_missing': False, 'need_data_aligned': False, 'need_model_aligned': False, 'need_normalized': False, 'use_bert': True, 'use_finetune': True, 'save_labels': False, 'early_stop': 8, 'update_epochs': 4, 'batch_size': 32, 'learning_rate_bert': 5e-05, 'learning_rate_audio': 0.001, 'learning_rate_video': 0.0001, 'learning_rate_other': 0.001, 'weight_decay_bert': 0.001, 'weight_decay_audio': 0.01, 'weight_decay_video': 0.001, 'weight_decay_other': 0.001, 'a_lstm_hidden_size': 32, 'v_lstm_hidden_size': 64, 'a_lstm_layers': 1, 'v_lstm_layers': 1, 'text_out': 768, 'audio_out': 16, 'video_out': 32, 'a_lstm_dropout': 0.0, 'v_lstm_dropout': 0.0, 't_bert_dropout': 0.1, 'd_model': 128, 'fusion_layers': 3, 'heads': 4, 'learnable_pos_emb': False, 'emb_dropout': 0.0, 'attn_dropout': 0.2, 'ff_dropout': 0.1, 'ff_expansion': 4, 'mpu_share': True, 'modality_share': True, 'layer_share': True, 'attn_act_fn': 'tanh', 'gmc_tokens_pred_dim': 128, 'text_pred_dim': 256, 'audio_pred_dim': 8, 'video_pred_dim': 16, 'recon_loss': 'SmoothL1Loss', 'loss_attra_weight': 1, 'loss_recon_weight': 1, 'post_fusion_dim': 256, 'post_fusion_dropout': 0.3, 'H': 3.0, 'cur_time': 3, 'model_save_path': 'results/mosi/emt-dlfr/run_once/models/emt-dlfr-mosi-regression-mr0.4-11111.pth', 'device': device(type='cuda', index=2), 'tasks': 'M'}>",111,73.32,73.17,74.39,74.31,36.73,32.65,102.93,56.17,121.14,102.7
2026-01-27_10-57-57,emt-dlfr,"<Storage{'need_task_scheduling': False, 'is_tune': False, 'train_mode': 'regression', 'modelName': 'emt-dlfr', 'datasetName': 'mosi', 'num_workers': 4, 'model_save_dir': 'results/mosi/emt-dlfr/run_once/models', 'res_save_dir': 'results/mosi/emt-dlfr/run_once/results', 'gpu_ids': [2], 'missing_rates': array([0. , 0.1, 0.2, 0.3, 0.4, 0.5, 0.6, 0.7, 0.8, 0.9, 1. ]), 'seed': 11111, 'num_seeds': 3, 'exp_name': 'moe-uncertainty', 'diff_missing': None, 'KeyEval': 'Loss', 'save_model': True, 'use_normalized_data': False, 'seeds': [111, 1111, 11111], 'missing_rate': (0.4, 0.4, 0.4), 'dataPath': '/mnt/HDD2/teng/Master-23/sjc/work2/EMT-DLFR-master-based/MMSA/Datasets/MOSI/Processed/unaligned_50.pkl', 'seq_lens': (50, 375, 500), 'feature_dims': (768, 5, 20), 'train_samples': 1284, 'num_classes': 3, 'language': 'en', 'missing_seed': (111, 1111, 11111), 'data_missing': True, 'deal_missing': False, 'need_data_aligned': False, 'need_model_aligned': False, 'need_normalized': False, 'use_bert': True, 'use_finetune': True, 'save_labels': False, 'early_stop': 8, 'update_epochs': 4, 'batch_size': 32, 'learning_rate_bert': 5e-05, 'learning_rate_audio': 0.001, 'learning_rate_video': 0.0001, 'learning_rate_other': 0.001, 'weight_decay_bert': 0.001, 'weight_decay_audio': 0.01, 'weight_decay_video': 0.001, 'weight_decay_other': 0.001, 'a_lstm_hidden_size': 32, 'v_lstm_hidden_size': 64, 'a_lstm_layers': 1, 'v_lstm_layers': 1, 'text_out': 768, 'audio_out': 16, 'video_out': 32, 'a_lstm_dropout': 0.0, 'v_lstm_dropout': 0.0, 't_bert_dropout': 0.1, 'd_model': 128, 'fusion_layers': 3, 'heads': 4, 'learnable_pos_emb': False, 'emb_dropout': 0.0, 'attn_dropout': 0.2, 'ff_dropout': 0.1, 'ff_expansion': 4, 'mpu_share': True, 'modality_share': True, 'layer_share': True, 'attn_act_fn': 'tanh', 'gmc_tokens_pred_dim': 128, 'text_pred_dim': 256, 'audio_pred_dim': 8, 'video_pred_dim': 16, 'recon_loss': 'SmoothL1Loss', 'loss_attra_weight': 1, 'loss_recon_weight': 1, 'post_fusion_dim': 256, 'post_fusion_dropout': 0.3, 'H': 3.0, 'cur_time': 3, 'model_save_path': 'results/mosi/emt-dlfr/run_once/models/emt-dlfr-mosi-regression-mr0.4-11111.pth', 'device': device(type='cuda', index=2), 'tasks': 'M'}>",1111,72.01,72.09,72.56,72.72,37.17,32.94,104.65,56.65,123.6,104.84
2026-01-27_10-57-57,emt-dlfr,"<Storage{'need_task_scheduling': False, 'is_tune': False, 'train_mode': 'regression', 'modelName': 'emt-dlfr', 'datasetName': 'mosi', 'num_workers': 4, 'model_save_dir': 'results/mosi/emt-dlfr/run_once/models', 'res_save_dir': 'results/mosi/emt-dlfr/run_once/results', 'gpu_ids': [2], 'missing_rates': array([0. , 0.1, 0.2, 0.3, 0.4, 0.5, 0.6, 0.7, 0.8, 0.9, 1. ]), 'seed': 11111, 'num_seeds': 3, 'exp_name': 'moe-uncertainty', 'diff_missing': None, 'KeyEval': 'Loss', 'save_model': True, 'use_normalized_data': False, 'seeds': [111, 1111, 11111], 'missing_rate': (0.4, 0.4, 0.4), 'dataPath': '/mnt/HDD2/teng/Master-23/sjc/work2/EMT-DLFR-master-based/MMSA/Datasets/MOSI/Processed/unaligned_50.pkl', 'seq_lens': (50, 375, 500), 'feature_dims': (768, 5, 20), 'train_samples': 1284, 'num_classes': 3, 'language': 'en', 'missing_seed': (111, 1111, 11111), 'data_missing': True, 'deal_missing': False, 'need_data_aligned': False, 'need_model_aligned': False, 'need_normalized': False, 'use_bert': True, 'use_finetune': True, 'save_labels': False, 'early_stop': 8, 'update_epochs': 4, 'batch_size': 32, 'learning_rate_bert': 5e-05, 'learning_rate_audio': 0.001, 'learning_rate_video': 0.0001, 'learning_rate_other': 0.001, 'weight_decay_bert': 0.001, 'weight_decay_audio': 0.01, 'weight_decay_video': 0.001, 'weight_decay_other': 0.001, 'a_lstm_hidden_size': 32, 'v_lstm_hidden_size': 64, 'a_lstm_layers': 1, 'v_lstm_layers': 1, 'text_out': 768, 'audio_out': 16, 'video_out': 32, 'a_lstm_dropout': 0.0, 'v_lstm_dropout': 0.0, 't_bert_dropout': 0.1, 'd_model': 128, 'fusion_layers': 3, 'heads': 4, 'learnable_pos_emb': False, 'emb_dropout': 0.0, 'attn_dropout': 0.2, 'ff_dropout': 0.1, 'ff_expansion': 4, 'mpu_share': True, 'modality_share': True, 'layer_share': True, 'attn_act_fn': 'tanh', 'gmc_tokens_pred_dim': 128, 'text_pred_dim': 256, 'audio_pred_dim': 8, 'video_pred_dim': 16, 'recon_loss': 'SmoothL1Loss', 'loss_attra_weight': 1, 'loss_recon_weight': 1, 'post_fusion_dim': 256, 'post_fusion_dropout': 0.3, 'H': 3.0, 'cur_time': 3, 'model_save_path': 'results/mosi/emt-dlfr/run_once/models/emt-dlfr-mosi-regression-mr0.4-11111.pth', 'device': device(type='cuda', index=2), 'tasks': 'M'}>",11111,72.16,72.21,73.02,73.16,35.28,31.05,105.25,55.98,122.42,104.6
2026-01-27_10-57-57,emt-dlfr,"<Storage{'need_task_scheduling': False, 'is_tune': False, 'train_mode': 'regression', 'modelName': 'emt-dlfr', 'datasetName': 'mosi', 'num_workers': 4, 'model_save_dir': 'results/mosi/emt-dlfr/run_once/models', 'res_save_dir': 'results/mosi/emt-dlfr/run_once/results', 'gpu_ids': [2], 'missing_rates': array([0. , 0.1, 0.2, 0.3, 0.4, 0.5, 0.6, 0.7, 0.8, 0.9, 1. ]), 'seed': 11111, 'num_seeds': 3, 'exp_name': 'moe-uncertainty', 'diff_missing': None, 'KeyEval': 'Loss', 'save_model': True, 'use_normalized_data': False, 'seeds': [111, 1111, 11111], 'missing_rate': (0.4, 0.4, 0.4), 'dataPath': '/mnt/HDD2/teng/Master-23/sjc/work2/EMT-DLFR-master-based/MMSA/Datasets/MOSI/Processed/unaligned_50.pkl', 'seq_lens': (50, 375, 500), 'feature_dims': (768, 5, 20), 'train_samples': 1284, 'num_classes': 3, 'language': 'en', 'missing_seed': (111, 1111, 11111), 'data_missing': True, 'deal_missing': False, 'need_data_aligned': False, 'need_model_aligned': False, 'need_normalized': False, 'use_bert': True, 'use_finetune': True, 'save_labels': False, 'early_stop': 8, 'update_epochs': 4, 'batch_size': 32, 'learning_rate_bert': 5e-05, 'learning_rate_audio': 0.001, 'learning_rate_video': 0.0001, 'learning_rate_other': 0.001, 'weight_decay_bert': 0.001, 'weight_decay_audio': 0.01, 'weight_decay_video': 0.001, 'weight_decay_other': 0.001, 'a_lstm_hidden_size': 32, 'v_lstm_hidden_size': 64, 'a_lstm_layers': 1, 'v_lstm_layers': 1, 'text_out': 768, 'audio_out': 16, 'video_out': 32, 'a_lstm_dropout': 0.0, 'v_lstm_dropout': 0.0, 't_bert_dropout': 0.1, 'd_model': 128, 'fusion_layers': 3, 'heads': 4, 'learnable_pos_emb': False, 'emb_dropout': 0.0, 'attn_dropout': 0.2, 'ff_dropout': 0.1, 'ff_expansion': 4, 'mpu_share': True, 'modality_share': True, 'layer_share': True, 'attn_act_fn': 'tanh', 'gmc_tokens_pred_dim': 128, 'text_pred_dim': 256, 'audio_pred_dim': 8, 'video_pred_dim': 16, 'recon_loss': 'SmoothL1Loss', 'loss_attra_weight': 1, 'loss_recon_weight': 1, 'post_fusion_dim': 256, 'post_fusion_dropout': 0.3, 'H': 3.0, 'cur_time': 3, 'model_save_path': 'results/mosi/emt-dlfr/run_once/models/emt-dlfr-mosi-regression-mr0.4-11111.pth', 'device': device(type='cuda', index=2), 'tasks': 'M'}>",<mean/std>,"(72.5, 0.59)","(72.49, 0.48)","(73.32, 0.78)","(73.4, 0.67)","(36.39, 0.81)","(32.21, 0.83)","(104.28, 0.98)","(56.27, 0.28)","(122.39, 1.01)","(104.05, 0.96)"
2026-01-27_10-57-57,emt-dlfr,"<Storage{'need_task_scheduling': False, 'is_tune': False, 'train_mode': 'regression', 'modelName': 'emt-dlfr', 'datasetName': 'mosi', 'num_workers': 4, 'model_save_dir': 'results/mosi/emt-dlfr/run_once/models', 'res_save_dir': 'results/mosi/emt-dlfr/run_once/results', 'gpu_ids': [2], 'missing_rates': array([0. , 0.1, 0.2, 0.3, 0.4, 0.5, 0.6, 0.7, 0.8, 0.9, 1. ]), 'seed': 11111, 'num_seeds': 3, 'exp_name': 'moe-uncertainty', 'diff_missing': None, 'KeyEval': 'Loss', 'save_model': True, 'use_normalized_data': False, 'seeds': [111, 1111, 11111], 'missing_rate': (0.4, 0.4, 0.4), 'dataPath': '/mnt/HDD2/teng/Master-23/sjc/work2/EMT-DLFR-master-based/MMSA/Datasets/MOSI/Processed/unaligned_50.pkl', 'seq_lens': (50, 375, 500), 'feature_dims': (768, 5, 20), 'train_samples': 1284, 'num_classes': 3, 'language': 'en', 'missing_seed': (111, 1111, 11111), 'data_missing': True, 'deal_missing': False, 'need_data_aligned': False, 'need_model_aligned': False, 'need_normalized': False, 'use_bert': True, 'use_finetune': True, 'save_labels': False, 'early_stop': 8, 'update_epochs': 4, 'batch_size': 32, 'learning_rate_bert': 5e-05, 'learning_rate_audio': 0.001, 'learning_rate_video': 0.0001, 'learning_rate_other': 0.001, 'weight_decay_bert': 0.001, 'weight_decay_audio': 0.01, 'weight_decay_video': 0.001, 'weight_decay_other': 0.001, 'a_lstm_hidden_size': 32, 'v_lstm_hidden_size': 64, 'a_lstm_layers': 1, 'v_lstm_layers': 1, 'text_out': 768, 'audio_out': 16, 'video_out': 32, 'a_lstm_dropout': 0.0, 'v_lstm_dropout': 0.0, 't_bert_dropout': 0.1, 'd_model': 128, 'fusion_layers': 3, 'heads': 4, 'learnable_pos_emb': False, 'emb_dropout': 0.0, 'attn_dropout': 0.2, 'ff_dropout': 0.1, 'ff_expansion': 4, 'mpu_share': True, 'modality_share': True, 'layer_share': True, 'attn_act_fn': 'tanh', 'gmc_tokens_pred_dim': 128, 'text_pred_dim': 256, 'audio_pred_dim': 8, 'video_pred_dim': 16, 'recon_loss': 'SmoothL1Loss', 'loss_attra_weight': 1, 'loss_recon_weight': 1, 'post_fusion_dim': 256, 'post_fusion_dropout': 0.3, 'H': 3.0, 'cur_time': 3, 'model_save_path': 'results/mosi/emt-dlfr/run_once/models/emt-dlfr-mosi-regression-mr0.4-11111.pth', 'device': device(type='cuda', index=2), 'tasks': 'M'}>",<max/seed>,"(73.32, 111)","(73.17, 111)","(74.39, 111)","(74.31, 111)","(37.17, 1111)","(32.94, 1111)","(105.25, 11111)","(56.65, 1111)","(123.6, 1111)","(104.84, 1111)"
2026-01-27_10-57-57,emt-dlfr,"<Storage{'need_task_scheduling': False, 'is_tune': False, 'train_mode': 'regression', 'modelName': 'emt-dlfr', 'datasetName': 'mosi', 'num_workers': 4, 'model_save_dir': 'results/mosi/emt-dlfr/run_once/models', 'res_save_dir': 'results/mosi/emt-dlfr/run_once/results', 'gpu_ids': [2], 'missing_rates': array([0. , 0.1, 0.2, 0.3, 0.4, 0.5, 0.6, 0.7, 0.8, 0.9, 1. ]), 'seed': 11111, 'num_seeds': 3, 'exp_name': 'moe-uncertainty', 'diff_missing': None, 'KeyEval': 'Loss', 'save_model': True, 'use_normalized_data': False, 'seeds': [111, 1111, 11111], 'missing_rate': (0.4, 0.4, 0.4), 'dataPath': '/mnt/HDD2/teng/Master-23/sjc/work2/EMT-DLFR-master-based/MMSA/Datasets/MOSI/Processed/unaligned_50.pkl', 'seq_lens': (50, 375, 500), 'feature_dims': (768, 5, 20), 'train_samples': 1284, 'num_classes': 3, 'language': 'en', 'missing_seed': (111, 1111, 11111), 'data_missing': True, 'deal_missing': False, 'need_data_aligned': False, 'need_model_aligned': False, 'need_normalized': False, 'use_bert': True, 'use_finetune': True, 'save_labels': False, 'early_stop': 8, 'update_epochs': 4, 'batch_size': 32, 'learning_rate_bert': 5e-05, 'learning_rate_audio': 0.001, 'learning_rate_video': 0.0001, 'learning_rate_other': 0.001, 'weight_decay_bert': 0.001, 'weight_decay_audio': 0.01, 'weight_decay_video': 0.001, 'weight_decay_other': 0.001, 'a_lstm_hidden_size': 32, 'v_lstm_hidden_size': 64, 'a_lstm_layers': 1, 'v_lstm_layers': 1, 'text_out': 768, 'audio_out': 16, 'video_out': 32, 'a_lstm_dropout': 0.0, 'v_lstm_dropout': 0.0, 't_bert_dropout': 0.1, 'd_model': 128, 'fusion_layers': 3, 'heads': 4, 'learnable_pos_emb': False, 'emb_dropout': 0.0, 'attn_dropout': 0.2, 'ff_dropout': 0.1, 'ff_expansion': 4, 'mpu_share': True, 'modality_share': True, 'layer_share': True, 'attn_act_fn': 'tanh', 'gmc_tokens_pred_dim': 128, 'text_pred_dim': 256, 'audio_pred_dim': 8, 'video_pred_dim': 16, 'recon_loss': 'SmoothL1Loss', 'loss_attra_weight': 1, 'loss_recon_weight': 1, 'post_fusion_dim': 256, 'post_fusion_dropout': 0.3, 'H': 3.0, 'cur_time': 3, 'model_save_path': 'results/mosi/emt-dlfr/run_once/models/emt-dlfr-mosi-regression-mr0.4-11111.pth', 'device': device(type='cuda', index=2), 'tasks': 'M'}>",<min/seed>,"(72.01, 1111)","(72.09, 1111)","(72.56, 1111)","(72.72, 1111)","(35.28, 11111)","(31.05, 11111)","(102.93, 111)","(55.98, 11111)","(121.14, 111)","(102.7, 111)"
2026-01-27_14-18-31,emt-dlfr,"<Storage{'need_task_scheduling': False, 'is_tune': False, 'train_mode': 'regression', 'modelName': 'emt-dlfr', 'datasetName': 'mosi', 'num_workers': 4, 'model_save_dir': 'results/mosi/emt-dlfr/run_once/models', 'res_save_dir': 'results/mosi/emt-dlfr/run_once/results', 'gpu_ids': [2], 'missing_rates': array([0. , 0.1, 0.2, 0.3, 0.4, 0.5, 0.6, 0.7, 0.8, 0.9, 1. ]), 'seed': 11111, 'num_seeds': 3, 'exp_name': 'moe-uncertainty', 'diff_missing': None, 'KeyEval': 'Loss', 'save_model': True, 'use_normalized_data': False, 'seeds': [111, 1111, 11111], 'missing_rate': (0.4, 0.4, 0.4), 'dataPath': '/mnt/HDD2/teng/Master-23/sjc/work2/EMT-DLFR-master-based/MMSA/Datasets/MOSI/Processed/unaligned_50.pkl', 'seq_lens': (50, 375, 500), 'feature_dims': (768, 5, 20), 'train_samples': 1284, 'num_classes': 3, 'language': 'en', 'missing_seed': (111, 1111, 11111), 'data_missing': True, 'deal_missing': False, 'need_data_aligned': False, 'need_model_aligned': False, 'need_normalized': False, 'use_bert': True, 'use_finetune': True, 'save_labels': False, 'early_stop': 8, 'update_epochs': 4, 'batch_size': 32, 'learning_rate_bert': 5e-05, 'learning_rate_audio': 0.001, 'learning_rate_video': 0.0001, 'learning_rate_other': 0.001, 'weight_decay_bert': 0.001, 'weight_decay_audio': 0.01, 'weight_decay_video': 0.001, 'weight_decay_other': 0.001, 'a_lstm_hidden_size': 32, 'v_lstm_hidden_size': 64, 'a_lstm_layers': 1, 'v_lstm_layers': 1, 'text_out': 768, 'audio_out': 16, 'video_out': 32, 'a_lstm_dropout': 0.0, 'v_lstm_dropout': 0.0, 't_bert_dropout': 0.1, 'd_model': 128, 'fusion_layers': 3, 'heads': 4, 'learnable_pos_emb': False, 'emb_dropout': 0.0, 'attn_dropout': 0.2, 'ff_dropout': 0.1, 'ff_expansion': 4, 'mpu_share': True, 'modality_share': True, 'layer_share': True, 'attn_act_fn': 'tanh', 'gmc_tokens_pred_dim': 128, 'text_pred_dim': 256, 'audio_pred_dim': 8, 'video_pred_dim': 16, 'recon_loss': 'SmoothL1Loss', 'loss_attra_weight': 1, 'loss_recon_weight': 1, 'post_fusion_dim': 256, 'post_fusion_dropout': 0.3, 'H': 3.0, 'cur_time': 3, 'model_save_path': 'results/mosi/emt-dlfr/run_once/models/emt-dlfr-mosi-regression-mr0.4-11111.pth', 'device': device(type='cuda', index=2), 'tasks': 'M'}>",111,72.89,72.78,73.93,73.9,38.92,34.26,101.71,56.16,131.6,101.27
2026-01-27_14-18-31,emt-dlfr,"<Storage{'need_task_scheduling': False, 'is_tune': False, 'train_mode': 'regression', 'modelName': 'emt-dlfr', 'datasetName': 'mosi', 'num_workers': 4, 'model_save_dir': 'results/mosi/emt-dlfr/run_once/models', 'res_save_dir': 'results/mosi/emt-dlfr/run_once/results', 'gpu_ids': [2], 'missing_rates': array([0. , 0.1, 0.2, 0.3, 0.4, 0.5, 0.6, 0.7, 0.8, 0.9, 1. ]), 'seed': 11111, 'num_seeds': 3, 'exp_name': 'moe-uncertainty', 'diff_missing': None, 'KeyEval': 'Loss', 'save_model': True, 'use_normalized_data': False, 'seeds': [111, 1111, 11111], 'missing_rate': (0.4, 0.4, 0.4), 'dataPath': '/mnt/HDD2/teng/Master-23/sjc/work2/EMT-DLFR-master-based/MMSA/Datasets/MOSI/Processed/unaligned_50.pkl', 'seq_lens': (50, 375, 500), 'feature_dims': (768, 5, 20), 'train_samples': 1284, 'num_classes': 3, 'language': 'en', 'missing_seed': (111, 1111, 11111), 'data_missing': True, 'deal_missing': False, 'need_data_aligned': False, 'need_model_aligned': False, 'need_normalized': False, 'use_bert': True, 'use_finetune': True, 'save_labels': False, 'early_stop': 8, 'update_epochs': 4, 'batch_size': 32, 'learning_rate_bert': 5e-05, 'learning_rate_audio': 0.001, 'learning_rate_video': 0.0001, 'learning_rate_other': 0.001, 'weight_decay_bert': 0.001, 'weight_decay_audio': 0.01, 'weight_decay_video': 0.001, 'weight_decay_other': 0.001, 'a_lstm_hidden_size': 32, 'v_lstm_hidden_size': 64, 'a_lstm_layers': 1, 'v_lstm_layers': 1, 'text_out': 768, 'audio_out': 16, 'video_out': 32, 'a_lstm_dropout': 0.0, 'v_lstm_dropout': 0.0, 't_bert_dropout': 0.1, 'd_model': 128, 'fusion_layers': 3, 'heads': 4, 'learnable_pos_emb': False, 'emb_dropout': 0.0, 'attn_dropout': 0.2, 'ff_dropout': 0.1, 'ff_expansion': 4, 'mpu_share': True, 'modality_share': True, 'layer_share': True, 'attn_act_fn': 'tanh', 'gmc_tokens_pred_dim': 128, 'text_pred_dim': 256, 'audio_pred_dim': 8, 'video_pred_dim': 16, 'recon_loss': 'SmoothL1Loss', 'loss_attra_weight': 1, 'loss_recon_weight': 1, 'post_fusion_dim': 256, 'post_fusion_dropout': 0.3, 'H': 3.0, 'cur_time': 3, 'model_save_path': 'results/mosi/emt-dlfr/run_once/models/emt-dlfr-mosi-regression-mr0.4-11111.pth', 'device': device(type='cuda', index=2), 'tasks': 'M'}>",1111,71.57,71.63,71.8,71.96,34.99,31.05,107.7,56.92,138.49,107.76
2026-01-27_14-18-31,emt-dlfr,"<Storage{'need_task_scheduling': False, 'is_tune': False, 'train_mode': 'regression', 'modelName': 'emt-dlfr', 'datasetName': 'mosi', 'num_workers': 4, 'model_save_dir': 'results/mosi/emt-dlfr/run_once/models', 'res_save_dir': 'results/mosi/emt-dlfr/run_once/results', 'gpu_ids': [2], 'missing_rates': array([0. , 0.1, 0.2, 0.3, 0.4, 0.5, 0.6, 0.7, 0.8, 0.9, 1. ]), 'seed': 11111, 'num_seeds': 3, 'exp_name': 'moe-uncertainty', 'diff_missing': None, 'KeyEval': 'Loss', 'save_model': True, 'use_normalized_data': False, 'seeds': [111, 1111, 11111], 'missing_rate': (0.4, 0.4, 0.4), 'dataPath': '/mnt/HDD2/teng/Master-23/sjc/work2/EMT-DLFR-master-based/MMSA/Datasets/MOSI/Processed/unaligned_50.pkl', 'seq_lens': (50, 375, 500), 'feature_dims': (768, 5, 20), 'train_samples': 1284, 'num_classes': 3, 'language': 'en', 'missing_seed': (111, 1111, 11111), 'data_missing': True, 'deal_missing': False, 'need_data_aligned': False, 'need_model_aligned': False, 'need_normalized': False, 'use_bert': True, 'use_finetune': True, 'save_labels': False, 'early_stop': 8, 'update_epochs': 4, 'batch_size': 32, 'learning_rate_bert': 5e-05, 'learning_rate_audio': 0.001, 'learning_rate_video': 0.0001, 'learning_rate_other': 0.001, 'weight_decay_bert': 0.001, 'weight_decay_audio': 0.01, 'weight_decay_video': 0.001, 'weight_decay_other': 0.001, 'a_lstm_hidden_size': 32, 'v_lstm_hidden_size': 64, 'a_lstm_layers': 1, 'v_lstm_layers': 1, 'text_out': 768, 'audio_out': 16, 'video_out': 32, 'a_lstm_dropout': 0.0, 'v_lstm_dropout': 0.0, 't_bert_dropout': 0.1, 'd_model': 128, 'fusion_layers': 3, 'heads': 4, 'learnable_pos_emb': False, 'emb_dropout': 0.0, 'attn_dropout': 0.2, 'ff_dropout': 0.1, 'ff_expansion': 4, 'mpu_share': True, 'modality_share': True, 'layer_share': True, 'attn_act_fn': 'tanh', 'gmc_tokens_pred_dim': 128, 'text_pred_dim': 256, 'audio_pred_dim': 8, 'video_pred_dim': 16, 'recon_loss': 'SmoothL1Loss', 'loss_attra_weight': 1, 'loss_recon_weight': 1, 'post_fusion_dim': 256, 'post_fusion_dropout': 0.3, 'H': 3.0, 'cur_time': 3, 'model_save_path': 'results/mosi/emt-dlfr/run_once/models/emt-dlfr-mosi-regression-mr0.4-11111.pth', 'device': device(type='cuda', index=2), 'tasks': 'M'}>",11111,71.43,71.49,72.41,72.56,34.11,30.76,106.98,54.22,135.62,106.46
2026-01-27_14-18-31,emt-dlfr,"<Storage{'need_task_scheduling': False, 'is_tune': False, 'train_mode': 'regression', 'modelName': 'emt-dlfr', 'datasetName': 'mosi', 'num_workers': 4, 'model_save_dir': 'results/mosi/emt-dlfr/run_once/models', 'res_save_dir': 'results/mosi/emt-dlfr/run_once/results', 'gpu_ids': [2], 'missing_rates': array([0. , 0.1, 0.2, 0.3, 0.4, 0.5, 0.6, 0.7, 0.8, 0.9, 1. ]), 'seed': 11111, 'num_seeds': 3, 'exp_name': 'moe-uncertainty', 'diff_missing': None, 'KeyEval': 'Loss', 'save_model': True, 'use_normalized_data': False, 'seeds': [111, 1111, 11111], 'missing_rate': (0.4, 0.4, 0.4), 'dataPath': '/mnt/HDD2/teng/Master-23/sjc/work2/EMT-DLFR-master-based/MMSA/Datasets/MOSI/Processed/unaligned_50.pkl', 'seq_lens': (50, 375, 500), 'feature_dims': (768, 5, 20), 'train_samples': 1284, 'num_classes': 3, 'language': 'en', 'missing_seed': (111, 1111, 11111), 'data_missing': True, 'deal_missing': False, 'need_data_aligned': False, 'need_model_aligned': False, 'need_normalized': False, 'use_bert': True, 'use_finetune': True, 'save_labels': False, 'early_stop': 8, 'update_epochs': 4, 'batch_size': 32, 'learning_rate_bert': 5e-05, 'learning_rate_audio': 0.001, 'learning_rate_video': 0.0001, 'learning_rate_other': 0.001, 'weight_decay_bert': 0.001, 'weight_decay_audio': 0.01, 'weight_decay_video': 0.001, 'weight_decay_other': 0.001, 'a_lstm_hidden_size': 32, 'v_lstm_hidden_size': 64, 'a_lstm_layers': 1, 'v_lstm_layers': 1, 'text_out': 768, 'audio_out': 16, 'video_out': 32, 'a_lstm_dropout': 0.0, 'v_lstm_dropout': 0.0, 't_bert_dropout': 0.1, 'd_model': 128, 'fusion_layers': 3, 'heads': 4, 'learnable_pos_emb': False, 'emb_dropout': 0.0, 'attn_dropout': 0.2, 'ff_dropout': 0.1, 'ff_expansion': 4, 'mpu_share': True, 'modality_share': True, 'layer_share': True, 'attn_act_fn': 'tanh', 'gmc_tokens_pred_dim': 128, 'text_pred_dim': 256, 'audio_pred_dim': 8, 'video_pred_dim': 16, 'recon_loss': 'SmoothL1Loss', 'loss_attra_weight': 1, 'loss_recon_weight': 1, 'post_fusion_dim': 256, 'post_fusion_dropout': 0.3, 'H': 3.0, 'cur_time': 3, 'model_save_path': 'results/mosi/emt-dlfr/run_once/models/emt-dlfr-mosi-regression-mr0.4-11111.pth', 'device': device(type='cuda', index=2), 'tasks': 'M'}>",<mean/std>,"(71.96, 0.66)","(71.97, 0.58)","(72.71, 0.9)","(72.81, 0.81)","(36.01, 2.09)","(32.02, 1.59)","(105.46, 2.67)","(55.77, 1.14)","(135.24, 2.83)","(105.16, 2.81)"
2026-01-27_14-18-31,emt-dlfr,"<Storage{'need_task_scheduling': False, 'is_tune': False, 'train_mode': 'regression', 'modelName': 'emt-dlfr', 'datasetName': 'mosi', 'num_workers': 4, 'model_save_dir': 'results/mosi/emt-dlfr/run_once/models', 'res_save_dir': 'results/mosi/emt-dlfr/run_once/results', 'gpu_ids': [2], 'missing_rates': array([0. , 0.1, 0.2, 0.3, 0.4, 0.5, 0.6, 0.7, 0.8, 0.9, 1. ]), 'seed': 11111, 'num_seeds': 3, 'exp_name': 'moe-uncertainty', 'diff_missing': None, 'KeyEval': 'Loss', 'save_model': True, 'use_normalized_data': False, 'seeds': [111, 1111, 11111], 'missing_rate': (0.4, 0.4, 0.4), 'dataPath': '/mnt/HDD2/teng/Master-23/sjc/work2/EMT-DLFR-master-based/MMSA/Datasets/MOSI/Processed/unaligned_50.pkl', 'seq_lens': (50, 375, 500), 'feature_dims': (768, 5, 20), 'train_samples': 1284, 'num_classes': 3, 'language': 'en', 'missing_seed': (111, 1111, 11111), 'data_missing': True, 'deal_missing': False, 'need_data_aligned': False, 'need_model_aligned': False, 'need_normalized': False, 'use_bert': True, 'use_finetune': True, 'save_labels': False, 'early_stop': 8, 'update_epochs': 4, 'batch_size': 32, 'learning_rate_bert': 5e-05, 'learning_rate_audio': 0.001, 'learning_rate_video': 0.0001, 'learning_rate_other': 0.001, 'weight_decay_bert': 0.001, 'weight_decay_audio': 0.01, 'weight_decay_video': 0.001, 'weight_decay_other': 0.001, 'a_lstm_hidden_size': 32, 'v_lstm_hidden_size': 64, 'a_lstm_layers': 1, 'v_lstm_layers': 1, 'text_out': 768, 'audio_out': 16, 'video_out': 32, 'a_lstm_dropout': 0.0, 'v_lstm_dropout': 0.0, 't_bert_dropout': 0.1, 'd_model': 128, 'fusion_layers': 3, 'heads': 4, 'learnable_pos_emb': False, 'emb_dropout': 0.0, 'attn_dropout': 0.2, 'ff_dropout': 0.1, 'ff_expansion': 4, 'mpu_share': True, 'modality_share': True, 'layer_share': True, 'attn_act_fn': 'tanh', 'gmc_tokens_pred_dim': 128, 'text_pred_dim': 256, 'audio_pred_dim': 8, 'video_pred_dim': 16, 'recon_loss': 'SmoothL1Loss', 'loss_attra_weight': 1, 'loss_recon_weight': 1, 'post_fusion_dim': 256, 'post_fusion_dropout': 0.3, 'H': 3.0, 'cur_time': 3, 'model_save_path': 'results/mosi/emt-dlfr/run_once/models/emt-dlfr-mosi-regression-mr0.4-11111.pth', 'device': device(type='cuda', index=2), 'tasks': 'M'}>",<max/seed>,"(72.89, 111)","(72.78, 111)","(73.93, 111)","(73.9, 111)","(38.92, 111)","(34.26, 111)","(107.7, 1111)","(56.92, 1111)","(138.49, 1111)","(107.76, 1111)"
2026-01-27_14-18-31,emt-dlfr,"<Storage{'need_task_scheduling': False, 'is_tune': False, 'train_mode': 'regression', 'modelName': 'emt-dlfr', 'datasetName': 'mosi', 'num_workers': 4, 'model_save_dir': 'results/mosi/emt-dlfr/run_once/models', 'res_save_dir': 'results/mosi/emt-dlfr/run_once/results', 'gpu_ids': [2], 'missing_rates': array([0. , 0.1, 0.2, 0.3, 0.4, 0.5, 0.6, 0.7, 0.8, 0.9, 1. ]), 'seed': 11111, 'num_seeds': 3, 'exp_name': 'moe-uncertainty', 'diff_missing': None, 'KeyEval': 'Loss', 'save_model': True, 'use_normalized_data': False, 'seeds': [111, 1111, 11111], 'missing_rate': (0.4, 0.4, 0.4), 'dataPath': '/mnt/HDD2/teng/Master-23/sjc/work2/EMT-DLFR-master-based/MMSA/Datasets/MOSI/Processed/unaligned_50.pkl', 'seq_lens': (50, 375, 500), 'feature_dims': (768, 5, 20), 'train_samples': 1284, 'num_classes': 3, 'language': 'en', 'missing_seed': (111, 1111, 11111), 'data_missing': True, 'deal_missing': False, 'need_data_aligned': False, 'need_model_aligned': False, 'need_normalized': False, 'use_bert': True, 'use_finetune': True, 'save_labels': False, 'early_stop': 8, 'update_epochs': 4, 'batch_size': 32, 'learning_rate_bert': 5e-05, 'learning_rate_audio': 0.001, 'learning_rate_video': 0.0001, 'learning_rate_other': 0.001, 'weight_decay_bert': 0.001, 'weight_decay_audio': 0.01, 'weight_decay_video': 0.001, 'weight_decay_other': 0.001, 'a_lstm_hidden_size': 32, 'v_lstm_hidden_size': 64, 'a_lstm_layers': 1, 'v_lstm_layers': 1, 'text_out': 768, 'audio_out': 16, 'video_out': 32, 'a_lstm_dropout': 0.0, 'v_lstm_dropout': 0.0, 't_bert_dropout': 0.1, 'd_model': 128, 'fusion_layers': 3, 'heads': 4, 'learnable_pos_emb': False, 'emb_dropout': 0.0, 'attn_dropout': 0.2, 'ff_dropout': 0.1, 'ff_expansion': 4, 'mpu_share': True, 'modality_share': True, 'layer_share': True, 'attn_act_fn': 'tanh', 'gmc_tokens_pred_dim': 128, 'text_pred_dim': 256, 'audio_pred_dim': 8, 'video_pred_dim': 16, 'recon_loss': 'SmoothL1Loss', 'loss_attra_weight': 1, 'loss_recon_weight': 1, 'post_fusion_dim': 256, 'post_fusion_dropout': 0.3, 'H': 3.0, 'cur_time': 3, 'model_save_path': 'results/mosi/emt-dlfr/run_once/models/emt-dlfr-mosi-regression-mr0.4-11111.pth', 'device': device(type='cuda', index=2), 'tasks': 'M'}>",<min/seed>,"(71.43, 11111)","(71.49, 11111)","(71.8, 1111)","(71.96, 1111)","(34.11, 11111)","(30.76, 11111)","(101.71, 111)","(54.22, 11111)","(131.6, 111)","(101.27, 111)"
2026-01-27_17-15-00,emt-dlfr,"<Storage{'need_task_scheduling': False, 'is_tune': False, 'train_mode': 'regression', 'modelName': 'emt-dlfr', 'datasetName': 'mosi', 'num_workers': 4, 'model_save_dir': 'results/mosi/emt-dlfr/run_once/models', 'res_save_dir': 'results/mosi/emt-dlfr/run_once/results', 'gpu_ids': [2], 'missing_rates': array([0. , 0.1, 0.2, 0.3, 0.4, 0.5, 0.6, 0.7, 0.8, 0.9, 1. ]), 'seed': 11111, 'num_seeds': 3, 'exp_name': 'moe-uncertainty', 'diff_missing': None, 'KeyEval': 'Loss', 'save_model': True, 'use_normalized_data': False, 'seeds': [111, 1111, 11111], 'missing_rate': (0.4, 0.4, 0.4), 'dataPath': '/mnt/HDD2/teng/Master-23/sjc/work2/EMT-DLFR-master-based/MMSA/Datasets/MOSI/Processed/unaligned_50.pkl', 'seq_lens': (50, 375, 500), 'feature_dims': (768, 5, 20), 'train_samples': 1284, 'num_classes': 3, 'language': 'en', 'missing_seed': (111, 1111, 11111), 'data_missing': True, 'deal_missing': False, 'need_data_aligned': False, 'need_model_aligned': False, 'need_normalized': False, 'use_bert': True, 'use_finetune': True, 'save_labels': False, 'early_stop': 8, 'update_epochs': 4, 'batch_size': 32, 'learning_rate_bert': 5e-05, 'learning_rate_audio': 0.001, 'learning_rate_video': 0.0001, 'learning_rate_other': 0.001, 'weight_decay_bert': 0.001, 'weight_decay_audio': 0.01, 'weight_decay_video': 0.001, 'weight_decay_other': 0.001, 'a_lstm_hidden_size': 32, 'v_lstm_hidden_size': 64, 'a_lstm_layers': 1, 'v_lstm_layers': 1, 'text_out': 768, 'audio_out': 16, 'video_out': 32, 'a_lstm_dropout': 0.0, 'v_lstm_dropout': 0.0, 't_bert_dropout': 0.1, 'd_model': 128, 'fusion_layers': 3, 'heads': 4, 'learnable_pos_emb': False, 'emb_dropout': 0.0, 'attn_dropout': 0.2, 'ff_dropout': 0.1, 'ff_expansion': 4, 'mpu_share': True, 'modality_share': True, 'layer_share': True, 'attn_act_fn': 'tanh', 'gmc_tokens_pred_dim': 128, 'text_pred_dim': 256, 'audio_pred_dim': 8, 'video_pred_dim': 16, 'recon_loss': 'SmoothL1Loss', 'loss_attra_weight': 1, 'loss_recon_weight': 1, 'post_fusion_dim': 256, 'post_fusion_dropout': 0.3, 'H': 3.0, 'cur_time': 3, 'model_save_path': 'results/mosi/emt-dlfr/run_once/models/emt-dlfr-mosi-regression-mr0.4-11111.pth', 'device': device(type='cuda', index=2), 'tasks': 'M'}>",111,73.47,73.45,74.7,74.76,36.3,32.65,103.89,54.84,152.99,103.52
2026-01-27_17-15-00,emt-dlfr,"<Storage{'need_task_scheduling': False, 'is_tune': False, 'train_mode': 'regression', 'modelName': 'emt-dlfr', 'datasetName': 'mosi', 'num_workers': 4, 'model_save_dir': 'results/mosi/emt-dlfr/run_once/models', 'res_save_dir': 'results/mosi/emt-dlfr/run_once/results', 'gpu_ids': [2], 'missing_rates': array([0. , 0.1, 0.2, 0.3, 0.4, 0.5, 0.6, 0.7, 0.8, 0.9, 1. ]), 'seed': 11111, 'num_seeds': 3, 'exp_name': 'moe-uncertainty', 'diff_missing': None, 'KeyEval': 'Loss', 'save_model': True, 'use_normalized_data': False, 'seeds': [111, 1111, 11111], 'missing_rate': (0.4, 0.4, 0.4), 'dataPath': '/mnt/HDD2/teng/Master-23/sjc/work2/EMT-DLFR-master-based/MMSA/Datasets/MOSI/Processed/unaligned_50.pkl', 'seq_lens': (50, 375, 500), 'feature_dims': (768, 5, 20), 'train_samples': 1284, 'num_classes': 3, 'language': 'en', 'missing_seed': (111, 1111, 11111), 'data_missing': True, 'deal_missing': False, 'need_data_aligned': False, 'need_model_aligned': False, 'need_normalized': False, 'use_bert': True, 'use_finetune': True, 'save_labels': False, 'early_stop': 8, 'update_epochs': 4, 'batch_size': 32, 'learning_rate_bert': 5e-05, 'learning_rate_audio': 0.001, 'learning_rate_video': 0.0001, 'learning_rate_other': 0.001, 'weight_decay_bert': 0.001, 'weight_decay_audio': 0.01, 'weight_decay_video': 0.001, 'weight_decay_other': 0.001, 'a_lstm_hidden_size': 32, 'v_lstm_hidden_size': 64, 'a_lstm_layers': 1, 'v_lstm_layers': 1, 'text_out': 768, 'audio_out': 16, 'video_out': 32, 'a_lstm_dropout': 0.0, 'v_lstm_dropout': 0.0, 't_bert_dropout': 0.1, 'd_model': 128, 'fusion_layers': 3, 'heads': 4, 'learnable_pos_emb': False, 'emb_dropout': 0.0, 'attn_dropout': 0.2, 'ff_dropout': 0.1, 'ff_expansion': 4, 'mpu_share': True, 'modality_share': True, 'layer_share': True, 'attn_act_fn': 'tanh', 'gmc_tokens_pred_dim': 128, 'text_pred_dim': 256, 'audio_pred_dim': 8, 'video_pred_dim': 16, 'recon_loss': 'SmoothL1Loss', 'loss_attra_weight': 1, 'loss_recon_weight': 1, 'post_fusion_dim': 256, 'post_fusion_dropout': 0.3, 'H': 3.0, 'cur_time': 3, 'model_save_path': 'results/mosi/emt-dlfr/run_once/models/emt-dlfr-mosi-regression-mr0.4-11111.pth', 'device': device(type='cuda', index=2), 'tasks': 'M'}>",1111,73.47,73.46,74.39,74.46,35.86,31.92,105.52,54.0,149.1,105.11
2026-01-27_17-15-00,emt-dlfr,"<Storage{'need_task_scheduling': False, 'is_tune': False, 'train_mode': 'regression', 'modelName': 'emt-dlfr', 'datasetName': 'mosi', 'num_workers': 4, 'model_save_dir': 'results/mosi/emt-dlfr/run_once/models', 'res_save_dir': 'results/mosi/emt-dlfr/run_once/results', 'gpu_ids': [2], 'missing_rates': array([0. , 0.1, 0.2, 0.3, 0.4, 0.5, 0.6, 0.7, 0.8, 0.9, 1. ]), 'seed': 11111, 'num_seeds': 3, 'exp_name': 'moe-uncertainty', 'diff_missing': None, 'KeyEval': 'Loss', 'save_model': True, 'use_normalized_data': False, 'seeds': [111, 1111, 11111], 'missing_rate': (0.4, 0.4, 0.4), 'dataPath': '/mnt/HDD2/teng/Master-23/sjc/work2/EMT-DLFR-master-based/MMSA/Datasets/MOSI/Processed/unaligned_50.pkl', 'seq_lens': (50, 375, 500), 'feature_dims': (768, 5, 20), 'train_samples': 1284, 'num_classes': 3, 'language': 'en', 'missing_seed': (111, 1111, 11111), 'data_missing': True, 'deal_missing': False, 'need_data_aligned': False, 'need_model_aligned': False, 'need_normalized': False, 'use_bert': True, 'use_finetune': True, 'save_labels': False, 'early_stop': 8, 'update_epochs': 4, 'batch_size': 32, 'learning_rate_bert': 5e-05, 'learning_rate_audio': 0.001, 'learning_rate_video': 0.0001, 'learning_rate_other': 0.001, 'weight_decay_bert': 0.001, 'weight_decay_audio': 0.01, 'weight_decay_video': 0.001, 'weight_decay_other': 0.001, 'a_lstm_hidden_size': 32, 'v_lstm_hidden_size': 64, 'a_lstm_layers': 1, 'v_lstm_layers': 1, 'text_out': 768, 'audio_out': 16, 'video_out': 32, 'a_lstm_dropout': 0.0, 'v_lstm_dropout': 0.0, 't_bert_dropout': 0.1, 'd_model': 128, 'fusion_layers': 3, 'heads': 4, 'learnable_pos_emb': False, 'emb_dropout': 0.0, 'attn_dropout': 0.2, 'ff_dropout': 0.1, 'ff_expansion': 4, 'mpu_share': True, 'modality_share': True, 'layer_share': True, 'attn_act_fn': 'tanh', 'gmc_tokens_pred_dim': 128, 'text_pred_dim': 256, 'audio_pred_dim': 8, 'video_pred_dim': 16, 'recon_loss': 'SmoothL1Loss', 'loss_attra_weight': 1, 'loss_recon_weight': 1, 'post_fusion_dim': 256, 'post_fusion_dropout': 0.3, 'H': 3.0, 'cur_time': 3, 'model_save_path': 'results/mosi/emt-dlfr/run_once/models/emt-dlfr-mosi-regression-mr0.4-11111.pth', 'device': device(type='cuda', index=2), 'tasks': 'M'}>",11111,69.1,69.1,69.51,69.62,28.57,27.11,119.25,50.24,168.86,120.25
2026-01-27_17-15-00,emt-dlfr,"<Storage{'need_task_scheduling': False, 'is_tune': False, 'train_mode': 'regression', 'modelName': 'emt-dlfr', 'datasetName': 'mosi', 'num_workers': 4, 'model_save_dir': 'results/mosi/emt-dlfr/run_once/models', 'res_save_dir': 'results/mosi/emt-dlfr/run_once/results', 'gpu_ids': [2], 'missing_rates': array([0. , 0.1, 0.2, 0.3, 0.4, 0.5, 0.6, 0.7, 0.8, 0.9, 1. ]), 'seed': 11111, 'num_seeds': 3, 'exp_name': 'moe-uncertainty', 'diff_missing': None, 'KeyEval': 'Loss', 'save_model': True, 'use_normalized_data': False, 'seeds': [111, 1111, 11111], 'missing_rate': (0.4, 0.4, 0.4), 'dataPath': '/mnt/HDD2/teng/Master-23/sjc/work2/EMT-DLFR-master-based/MMSA/Datasets/MOSI/Processed/unaligned_50.pkl', 'seq_lens': (50, 375, 500), 'feature_dims': (768, 5, 20), 'train_samples': 1284, 'num_classes': 3, 'language': 'en', 'missing_seed': (111, 1111, 11111), 'data_missing': True, 'deal_missing': False, 'need_data_aligned': False, 'need_model_aligned': False, 'need_normalized': False, 'use_bert': True, 'use_finetune': True, 'save_labels': False, 'early_stop': 8, 'update_epochs': 4, 'batch_size': 32, 'learning_rate_bert': 5e-05, 'learning_rate_audio': 0.001, 'learning_rate_video': 0.0001, 'learning_rate_other': 0.001, 'weight_decay_bert': 0.001, 'weight_decay_audio': 0.01, 'weight_decay_video': 0.001, 'weight_decay_other': 0.001, 'a_lstm_hidden_size': 32, 'v_lstm_hidden_size': 64, 'a_lstm_layers': 1, 'v_lstm_layers': 1, 'text_out': 768, 'audio_out': 16, 'video_out': 32, 'a_lstm_dropout': 0.0, 'v_lstm_dropout': 0.0, 't_bert_dropout': 0.1, 'd_model': 128, 'fusion_layers': 3, 'heads': 4, 'learnable_pos_emb': False, 'emb_dropout': 0.0, 'attn_dropout': 0.2, 'ff_dropout': 0.1, 'ff_expansion': 4, 'mpu_share': True, 'modality_share': True, 'layer_share': True, 'attn_act_fn': 'tanh', 'gmc_tokens_pred_dim': 128, 'text_pred_dim': 256, 'audio_pred_dim': 8, 'video_pred_dim': 16, 'recon_loss': 'SmoothL1Loss', 'loss_attra_weight': 1, 'loss_recon_weight': 1, 'post_fusion_dim': 256, 'post_fusion_dropout': 0.3, 'H': 3.0, 'cur_time': 3, 'model_save_path': 'results/mosi/emt-dlfr/run_once/models/emt-dlfr-mosi-regression-mr0.4-11111.pth', 'device': device(type='cuda', index=2), 'tasks': 'M'}>",<mean/std>,"(72.01, 2.06)","(72.0, 2.05)","(72.87, 2.38)","(72.95, 2.36)","(33.58, 3.54)","(30.56, 2.46)","(109.55, 6.89)","(53.03, 2.0)","(156.98, 8.55)","(109.63, 7.54)"
2026-01-27_17-15-00,emt-dlfr,"<Storage{'need_task_scheduling': False, 'is_tune': False, 'train_mode': 'regression', 'modelName': 'emt-dlfr', 'datasetName': 'mosi', 'num_workers': 4, 'model_save_dir': 'results/mosi/emt-dlfr/run_once/models', 'res_save_dir': 'results/mosi/emt-dlfr/run_once/results', 'gpu_ids': [2], 'missing_rates': array([0. , 0.1, 0.2, 0.3, 0.4, 0.5, 0.6, 0.7, 0.8, 0.9, 1. ]), 'seed': 11111, 'num_seeds': 3, 'exp_name': 'moe-uncertainty', 'diff_missing': None, 'KeyEval': 'Loss', 'save_model': True, 'use_normalized_data': False, 'seeds': [111, 1111, 11111], 'missing_rate': (0.4, 0.4, 0.4), 'dataPath': '/mnt/HDD2/teng/Master-23/sjc/work2/EMT-DLFR-master-based/MMSA/Datasets/MOSI/Processed/unaligned_50.pkl', 'seq_lens': (50, 375, 500), 'feature_dims': (768, 5, 20), 'train_samples': 1284, 'num_classes': 3, 'language': 'en', 'missing_seed': (111, 1111, 11111), 'data_missing': True, 'deal_missing': False, 'need_data_aligned': False, 'need_model_aligned': False, 'need_normalized': False, 'use_bert': True, 'use_finetune': True, 'save_labels': False, 'early_stop': 8, 'update_epochs': 4, 'batch_size': 32, 'learning_rate_bert': 5e-05, 'learning_rate_audio': 0.001, 'learning_rate_video': 0.0001, 'learning_rate_other': 0.001, 'weight_decay_bert': 0.001, 'weight_decay_audio': 0.01, 'weight_decay_video': 0.001, 'weight_decay_other': 0.001, 'a_lstm_hidden_size': 32, 'v_lstm_hidden_size': 64, 'a_lstm_layers': 1, 'v_lstm_layers': 1, 'text_out': 768, 'audio_out': 16, 'video_out': 32, 'a_lstm_dropout': 0.0, 'v_lstm_dropout': 0.0, 't_bert_dropout': 0.1, 'd_model': 128, 'fusion_layers': 3, 'heads': 4, 'learnable_pos_emb': False, 'emb_dropout': 0.0, 'attn_dropout': 0.2, 'ff_dropout': 0.1, 'ff_expansion': 4, 'mpu_share': True, 'modality_share': True, 'layer_share': True, 'attn_act_fn': 'tanh', 'gmc_tokens_pred_dim': 128, 'text_pred_dim': 256, 'audio_pred_dim': 8, 'video_pred_dim': 16, 'recon_loss': 'SmoothL1Loss', 'loss_attra_weight': 1, 'loss_recon_weight': 1, 'post_fusion_dim': 256, 'post_fusion_dropout': 0.3, 'H': 3.0, 'cur_time': 3, 'model_save_path': 'results/mosi/emt-dlfr/run_once/models/emt-dlfr-mosi-regression-mr0.4-11111.pth', 'device': device(type='cuda', index=2), 'tasks': 'M'}>",<max/seed>,"(73.47, 111)","(73.46, 1111)","(74.7, 111)","(74.76, 111)","(36.3, 111)","(32.65, 111)","(119.25, 11111)","(54.84, 111)","(168.86, 11111)","(120.25, 11111)"
2026-01-27_17-15-00,emt-dlfr,"<Storage{'need_task_scheduling': False, 'is_tune': False, 'train_mode': 'regression', 'modelName': 'emt-dlfr', 'datasetName': 'mosi', 'num_workers': 4, 'model_save_dir': 'results/mosi/emt-dlfr/run_once/models', 'res_save_dir': 'results/mosi/emt-dlfr/run_once/results', 'gpu_ids': [2], 'missing_rates': array([0. , 0.1, 0.2, 0.3, 0.4, 0.5, 0.6, 0.7, 0.8, 0.9, 1. ]), 'seed': 11111, 'num_seeds': 3, 'exp_name': 'moe-uncertainty', 'diff_missing': None, 'KeyEval': 'Loss', 'save_model': True, 'use_normalized_data': False, 'seeds': [111, 1111, 11111], 'missing_rate': (0.4, 0.4, 0.4), 'dataPath': '/mnt/HDD2/teng/Master-23/sjc/work2/EMT-DLFR-master-based/MMSA/Datasets/MOSI/Processed/unaligned_50.pkl', 'seq_lens': (50, 375, 500), 'feature_dims': (768, 5, 20), 'train_samples': 1284, 'num_classes': 3, 'language': 'en', 'missing_seed': (111, 1111, 11111), 'data_missing': True, 'deal_missing': False, 'need_data_aligned': False, 'need_model_aligned': False, 'need_normalized': False, 'use_bert': True, 'use_finetune': True, 'save_labels': False, 'early_stop': 8, 'update_epochs': 4, 'batch_size': 32, 'learning_rate_bert': 5e-05, 'learning_rate_audio': 0.001, 'learning_rate_video': 0.0001, 'learning_rate_other': 0.001, 'weight_decay_bert': 0.001, 'weight_decay_audio': 0.01, 'weight_decay_video': 0.001, 'weight_decay_other': 0.001, 'a_lstm_hidden_size': 32, 'v_lstm_hidden_size': 64, 'a_lstm_layers': 1, 'v_lstm_layers': 1, 'text_out': 768, 'audio_out': 16, 'video_out': 32, 'a_lstm_dropout': 0.0, 'v_lstm_dropout': 0.0, 't_bert_dropout': 0.1, 'd_model': 128, 'fusion_layers': 3, 'heads': 4, 'learnable_pos_emb': False, 'emb_dropout': 0.0, 'attn_dropout': 0.2, 'ff_dropout': 0.1, 'ff_expansion': 4, 'mpu_share': True, 'modality_share': True, 'layer_share': True, 'attn_act_fn': 'tanh', 'gmc_tokens_pred_dim': 128, 'text_pred_dim': 256, 'audio_pred_dim': 8, 'video_pred_dim': 16, 'recon_loss': 'SmoothL1Loss', 'loss_attra_weight': 1, 'loss_recon_weight': 1, 'post_fusion_dim': 256, 'post_fusion_dropout': 0.3, 'H': 3.0, 'cur_time': 3, 'model_save_path': 'results/mosi/emt-dlfr/run_once/models/emt-dlfr-mosi-regression-mr0.4-11111.pth', 'device': device(type='cuda', index=2), 'tasks': 'M'}>",<min/seed>,"(69.1, 11111)","(69.1, 11111)","(69.51, 11111)","(69.62, 11111)","(28.57, 11111)","(27.11, 11111)","(103.89, 111)","(50.24, 11111)","(149.1, 1111)","(103.52, 111)"
2026-01-28_01-42-30,emt-dlfr,"<Storage{'need_task_scheduling': False, 'is_tune': False, 'train_mode': 'regression', 'modelName': 'emt-dlfr', 'datasetName': 'mosi', 'num_workers': 4, 'model_save_dir': 'results/mosi/emt-dlfr/run_once/models', 'res_save_dir': 'results/mosi/emt-dlfr/run_once/results', 'gpu_ids': [2], 'missing_rates': array([0. , 0.1, 0.2, 0.3, 0.4, 0.5, 0.6, 0.7, 0.8, 0.9, 1. ]), 'seed': 11111, 'num_seeds': 3, 'exp_name': 'moe-uncertainty', 'diff_missing': None, 'KeyEval': 'Loss', 'save_model': True, 'use_normalized_data': False, 'seeds': [111, 1111, 11111], 'missing_rate': (0.4, 0.4, 0.4), 'dataPath': '/mnt/HDD2/teng/Master-23/sjc/work2/EMT-DLFR-master-based/MMSA/Datasets/MOSI/Processed/unaligned_50.pkl', 'seq_lens': (50, 375, 500), 'feature_dims': (768, 5, 20), 'train_samples': 1284, 'num_classes': 3, 'language': 'en', 'missing_seed': (111, 1111, 11111), 'data_missing': True, 'deal_missing': False, 'need_data_aligned': False, 'need_model_aligned': False, 'need_normalized': False, 'use_bert': True, 'use_finetune': True, 'save_labels': False, 'early_stop': 8, 'update_epochs': 4, 'batch_size': 32, 'learning_rate_bert': 5e-05, 'learning_rate_audio': 0.001, 'learning_rate_video': 0.0001, 'learning_rate_other': 0.001, 'weight_decay_bert': 0.001, 'weight_decay_audio': 0.01, 'weight_decay_video': 0.001, 'weight_decay_other': 0.001, 'a_lstm_hidden_size': 32, 'v_lstm_hidden_size': 64, 'a_lstm_layers': 1, 'v_lstm_layers': 1, 'text_out': 768, 'audio_out': 16, 'video_out': 32, 'a_lstm_dropout': 0.0, 'v_lstm_dropout': 0.0, 't_bert_dropout': 0.1, 'd_model': 128, 'fusion_layers': 3, 'heads': 4, 'learnable_pos_emb': False, 'emb_dropout': 0.0, 'attn_dropout': 0.2, 'ff_dropout': 0.1, 'ff_expansion': 4, 'mpu_share': True, 'modality_share': True, 'layer_share': True, 'attn_act_fn': 'tanh', 'gmc_tokens_pred_dim': 128, 'text_pred_dim': 256, 'audio_pred_dim': 8, 'video_pred_dim': 16, 'recon_loss': 'SmoothL1Loss', 'loss_attra_weight': 1, 'loss_recon_weight': 1, 'post_fusion_dim': 256, 'post_fusion_dropout': 0.3, 'H': 3.0, 'cur_time': 3, 'model_save_path': 'results/mosi/emt-dlfr/run_once/models/emt-dlfr-mosi-regression-mr0.4-11111.pth', 'device': device(type='cuda', index=2), 'tasks': 'M'}>",111,72.01,72.09,72.41,72.57,35.28,31.2,104.41,55.38,131.39,104.07
2026-01-28_01-42-30,emt-dlfr,"<Storage{'need_task_scheduling': False, 'is_tune': False, 'train_mode': 'regression', 'modelName': 'emt-dlfr', 'datasetName': 'mosi', 'num_workers': 4, 'model_save_dir': 'results/mosi/emt-dlfr/run_once/models', 'res_save_dir': 'results/mosi/emt-dlfr/run_once/results', 'gpu_ids': [2], 'missing_rates': array([0. , 0.1, 0.2, 0.3, 0.4, 0.5, 0.6, 0.7, 0.8, 0.9, 1. ]), 'seed': 11111, 'num_seeds': 3, 'exp_name': 'moe-uncertainty', 'diff_missing': None, 'KeyEval': 'Loss', 'save_model': True, 'use_normalized_data': False, 'seeds': [111, 1111, 11111], 'missing_rate': (0.4, 0.4, 0.4), 'dataPath': '/mnt/HDD2/teng/Master-23/sjc/work2/EMT-DLFR-master-based/MMSA/Datasets/MOSI/Processed/unaligned_50.pkl', 'seq_lens': (50, 375, 500), 'feature_dims': (768, 5, 20), 'train_samples': 1284, 'num_classes': 3, 'language': 'en', 'missing_seed': (111, 1111, 11111), 'data_missing': True, 'deal_missing': False, 'need_data_aligned': False, 'need_model_aligned': False, 'need_normalized': False, 'use_bert': True, 'use_finetune': True, 'save_labels': False, 'early_stop': 8, 'update_epochs': 4, 'batch_size': 32, 'learning_rate_bert': 5e-05, 'learning_rate_audio': 0.001, 'learning_rate_video': 0.0001, 'learning_rate_other': 0.001, 'weight_decay_bert': 0.001, 'weight_decay_audio': 0.01, 'weight_decay_video': 0.001, 'weight_decay_other': 0.001, 'a_lstm_hidden_size': 32, 'v_lstm_hidden_size': 64, 'a_lstm_layers': 1, 'v_lstm_layers': 1, 'text_out': 768, 'audio_out': 16, 'video_out': 32, 'a_lstm_dropout': 0.0, 'v_lstm_dropout': 0.0, 't_bert_dropout': 0.1, 'd_model': 128, 'fusion_layers': 3, 'heads': 4, 'learnable_pos_emb': False, 'emb_dropout': 0.0, 'attn_dropout': 0.2, 'ff_dropout': 0.1, 'ff_expansion': 4, 'mpu_share': True, 'modality_share': True, 'layer_share': True, 'attn_act_fn': 'tanh', 'gmc_tokens_pred_dim': 128, 'text_pred_dim': 256, 'audio_pred_dim': 8, 'video_pred_dim': 16, 'recon_loss': 'SmoothL1Loss', 'loss_attra_weight': 1, 'loss_recon_weight': 1, 'post_fusion_dim': 256, 'post_fusion_dropout': 0.3, 'H': 3.0, 'cur_time': 3, 'model_save_path': 'results/mosi/emt-dlfr/run_once/models/emt-dlfr-mosi-regression-mr0.4-11111.pth', 'device': device(type='cuda', index=2), 'tasks': 'M'}>",1111,70.41,70.36,71.65,71.7,36.3,33.09,104.57,54.75,129.37,104.6
2026-01-28_01-42-30,emt-dlfr,"<Storage{'need_task_scheduling': False, 'is_tune': False, 'train_mode': 'regression', 'modelName': 'emt-dlfr', 'datasetName': 'mosi', 'num_workers': 4, 'model_save_dir': 'results/mosi/emt-dlfr/run_once/models', 'res_save_dir': 'results/mosi/emt-dlfr/run_once/results', 'gpu_ids': [2], 'missing_rates': array([0. , 0.1, 0.2, 0.3, 0.4, 0.5, 0.6, 0.7, 0.8, 0.9, 1. ]), 'seed': 11111, 'num_seeds': 3, 'exp_name': 'moe-uncertainty', 'diff_missing': None, 'KeyEval': 'Loss', 'save_model': True, 'use_normalized_data': False, 'seeds': [111, 1111, 11111], 'missing_rate': (0.4, 0.4, 0.4), 'dataPath': '/mnt/HDD2/teng/Master-23/sjc/work2/EMT-DLFR-master-based/MMSA/Datasets/MOSI/Processed/unaligned_50.pkl', 'seq_lens': (50, 375, 500), 'feature_dims': (768, 5, 20), 'train_samples': 1284, 'num_classes': 3, 'language': 'en', 'missing_seed': (111, 1111, 11111), 'data_missing': True, 'deal_missing': False, 'need_data_aligned': False, 'need_model_aligned': False, 'need_normalized': False, 'use_bert': True, 'use_finetune': True, 'save_labels': False, 'early_stop': 8, 'update_epochs': 4, 'batch_size': 32, 'learning_rate_bert': 5e-05, 'learning_rate_audio': 0.001, 'learning_rate_video': 0.0001, 'learning_rate_other': 0.001, 'weight_decay_bert': 0.001, 'weight_decay_audio': 0.01, 'weight_decay_video': 0.001, 'weight_decay_other': 0.001, 'a_lstm_hidden_size': 32, 'v_lstm_hidden_size': 64, 'a_lstm_layers': 1, 'v_lstm_layers': 1, 'text_out': 768, 'audio_out': 16, 'video_out': 32, 'a_lstm_dropout': 0.0, 'v_lstm_dropout': 0.0, 't_bert_dropout': 0.1, 'd_model': 128, 'fusion_layers': 3, 'heads': 4, 'learnable_pos_emb': False, 'emb_dropout': 0.0, 'attn_dropout': 0.2, 'ff_dropout': 0.1, 'ff_expansion': 4, 'mpu_share': True, 'modality_share': True, 'layer_share': True, 'attn_act_fn': 'tanh', 'gmc_tokens_pred_dim': 128, 'text_pred_dim': 256, 'audio_pred_dim': 8, 'video_pred_dim': 16, 'recon_loss': 'SmoothL1Loss', 'loss_attra_weight': 1, 'loss_recon_weight': 1, 'post_fusion_dim': 256, 'post_fusion_dropout': 0.3, 'H': 3.0, 'cur_time': 3, 'model_save_path': 'results/mosi/emt-dlfr/run_once/models/emt-dlfr-mosi-regression-mr0.4-11111.pth', 'device': device(type='cuda', index=2), 'tasks': 'M'}>",11111,72.16,72.23,72.87,73.02,28.28,25.66,113.47,52.08,141.02,114.39
2026-01-28_01-42-30,emt-dlfr,"<Storage{'need_task_scheduling': False, 'is_tune': False, 'train_mode': 'regression', 'modelName': 'emt-dlfr', 'datasetName': 'mosi', 'num_workers': 4, 'model_save_dir': 'results/mosi/emt-dlfr/run_once/models', 'res_save_dir': 'results/mosi/emt-dlfr/run_once/results', 'gpu_ids': [2], 'missing_rates': array([0. , 0.1, 0.2, 0.3, 0.4, 0.5, 0.6, 0.7, 0.8, 0.9, 1. ]), 'seed': 11111, 'num_seeds': 3, 'exp_name': 'moe-uncertainty', 'diff_missing': None, 'KeyEval': 'Loss', 'save_model': True, 'use_normalized_data': False, 'seeds': [111, 1111, 11111], 'missing_rate': (0.4, 0.4, 0.4), 'dataPath': '/mnt/HDD2/teng/Master-23/sjc/work2/EMT-DLFR-master-based/MMSA/Datasets/MOSI/Processed/unaligned_50.pkl', 'seq_lens': (50, 375, 500), 'feature_dims': (768, 5, 20), 'train_samples': 1284, 'num_classes': 3, 'language': 'en', 'missing_seed': (111, 1111, 11111), 'data_missing': True, 'deal_missing': False, 'need_data_aligned': False, 'need_model_aligned': False, 'need_normalized': False, 'use_bert': True, 'use_finetune': True, 'save_labels': False, 'early_stop': 8, 'update_epochs': 4, 'batch_size': 32, 'learning_rate_bert': 5e-05, 'learning_rate_audio': 0.001, 'learning_rate_video': 0.0001, 'learning_rate_other': 0.001, 'weight_decay_bert': 0.001, 'weight_decay_audio': 0.01, 'weight_decay_video': 0.001, 'weight_decay_other': 0.001, 'a_lstm_hidden_size': 32, 'v_lstm_hidden_size': 64, 'a_lstm_layers': 1, 'v_lstm_layers': 1, 'text_out': 768, 'audio_out': 16, 'video_out': 32, 'a_lstm_dropout': 0.0, 'v_lstm_dropout': 0.0, 't_bert_dropout': 0.1, 'd_model': 128, 'fusion_layers': 3, 'heads': 4, 'learnable_pos_emb': False, 'emb_dropout': 0.0, 'attn_dropout': 0.2, 'ff_dropout': 0.1, 'ff_expansion': 4, 'mpu_share': True, 'modality_share': True, 'layer_share': True, 'attn_act_fn': 'tanh', 'gmc_tokens_pred_dim': 128, 'text_pred_dim': 256, 'audio_pred_dim': 8, 'video_pred_dim': 16, 'recon_loss': 'SmoothL1Loss', 'loss_attra_weight': 1, 'loss_recon_weight': 1, 'post_fusion_dim': 256, 'post_fusion_dropout': 0.3, 'H': 3.0, 'cur_time': 3, 'model_save_path': 'results/mosi/emt-dlfr/run_once/models/emt-dlfr-mosi-regression-mr0.4-11111.pth', 'device': device(type='cuda', index=2), 'tasks': 'M'}>",<mean/std>,"(71.53, 0.79)","(71.56, 0.85)","(72.31, 0.5)","(72.43, 0.55)","(33.29, 3.56)","(29.98, 3.15)","(107.48, 4.23)","(54.07, 1.43)","(133.93, 5.08)","(107.69, 4.74)"
2026-01-28_01-42-30,emt-dlfr,"<Storage{'need_task_scheduling': False, 'is_tune': False, 'train_mode': 'regression', 'modelName': 'emt-dlfr', 'datasetName': 'mosi', 'num_workers': 4, 'model_save_dir': 'results/mosi/emt-dlfr/run_once/models', 'res_save_dir': 'results/mosi/emt-dlfr/run_once/results', 'gpu_ids': [2], 'missing_rates': array([0. , 0.1, 0.2, 0.3, 0.4, 0.5, 0.6, 0.7, 0.8, 0.9, 1. ]), 'seed': 11111, 'num_seeds': 3, 'exp_name': 'moe-uncertainty', 'diff_missing': None, 'KeyEval': 'Loss', 'save_model': True, 'use_normalized_data': False, 'seeds': [111, 1111, 11111], 'missing_rate': (0.4, 0.4, 0.4), 'dataPath': '/mnt/HDD2/teng/Master-23/sjc/work2/EMT-DLFR-master-based/MMSA/Datasets/MOSI/Processed/unaligned_50.pkl', 'seq_lens': (50, 375, 500), 'feature_dims': (768, 5, 20), 'train_samples': 1284, 'num_classes': 3, 'language': 'en', 'missing_seed': (111, 1111, 11111), 'data_missing': True, 'deal_missing': False, 'need_data_aligned': False, 'need_model_aligned': False, 'need_normalized': False, 'use_bert': True, 'use_finetune': True, 'save_labels': False, 'early_stop': 8, 'update_epochs': 4, 'batch_size': 32, 'learning_rate_bert': 5e-05, 'learning_rate_audio': 0.001, 'learning_rate_video': 0.0001, 'learning_rate_other': 0.001, 'weight_decay_bert': 0.001, 'weight_decay_audio': 0.01, 'weight_decay_video': 0.001, 'weight_decay_other': 0.001, 'a_lstm_hidden_size': 32, 'v_lstm_hidden_size': 64, 'a_lstm_layers': 1, 'v_lstm_layers': 1, 'text_out': 768, 'audio_out': 16, 'video_out': 32, 'a_lstm_dropout': 0.0, 'v_lstm_dropout': 0.0, 't_bert_dropout': 0.1, 'd_model': 128, 'fusion_layers': 3, 'heads': 4, 'learnable_pos_emb': False, 'emb_dropout': 0.0, 'attn_dropout': 0.2, 'ff_dropout': 0.1, 'ff_expansion': 4, 'mpu_share': True, 'modality_share': True, 'layer_share': True, 'attn_act_fn': 'tanh', 'gmc_tokens_pred_dim': 128, 'text_pred_dim': 256, 'audio_pred_dim': 8, 'video_pred_dim': 16, 'recon_loss': 'SmoothL1Loss', 'loss_attra_weight': 1, 'loss_recon_weight': 1, 'post_fusion_dim': 256, 'post_fusion_dropout': 0.3, 'H': 3.0, 'cur_time': 3, 'model_save_path': 'results/mosi/emt-dlfr/run_once/models/emt-dlfr-mosi-regression-mr0.4-11111.pth', 'device': device(type='cuda', index=2), 'tasks': 'M'}>",<max/seed>,"(72.16, 11111)","(72.23, 11111)","(72.87, 11111)","(73.02, 11111)","(36.3, 1111)","(33.09, 1111)","(113.47, 11111)","(55.38, 111)","(141.02, 11111)","(114.39, 11111)"
2026-01-28_01-42-30,emt-dlfr,"<Storage{'need_task_scheduling': False, 'is_tune': False, 'train_mode': 'regression', 'modelName': 'emt-dlfr', 'datasetName': 'mosi', 'num_workers': 4, 'model_save_dir': 'results/mosi/emt-dlfr/run_once/models', 'res_save_dir': 'results/mosi/emt-dlfr/run_once/results', 'gpu_ids': [2], 'missing_rates': array([0. , 0.1, 0.2, 0.3, 0.4, 0.5, 0.6, 0.7, 0.8, 0.9, 1. ]), 'seed': 11111, 'num_seeds': 3, 'exp_name': 'moe-uncertainty', 'diff_missing': None, 'KeyEval': 'Loss', 'save_model': True, 'use_normalized_data': False, 'seeds': [111, 1111, 11111], 'missing_rate': (0.4, 0.4, 0.4), 'dataPath': '/mnt/HDD2/teng/Master-23/sjc/work2/EMT-DLFR-master-based/MMSA/Datasets/MOSI/Processed/unaligned_50.pkl', 'seq_lens': (50, 375, 500), 'feature_dims': (768, 5, 20), 'train_samples': 1284, 'num_classes': 3, 'language': 'en', 'missing_seed': (111, 1111, 11111), 'data_missing': True, 'deal_missing': False, 'need_data_aligned': False, 'need_model_aligned': False, 'need_normalized': False, 'use_bert': True, 'use_finetune': True, 'save_labels': False, 'early_stop': 8, 'update_epochs': 4, 'batch_size': 32, 'learning_rate_bert': 5e-05, 'learning_rate_audio': 0.001, 'learning_rate_video': 0.0001, 'learning_rate_other': 0.001, 'weight_decay_bert': 0.001, 'weight_decay_audio': 0.01, 'weight_decay_video': 0.001, 'weight_decay_other': 0.001, 'a_lstm_hidden_size': 32, 'v_lstm_hidden_size': 64, 'a_lstm_layers': 1, 'v_lstm_layers': 1, 'text_out': 768, 'audio_out': 16, 'video_out': 32, 'a_lstm_dropout': 0.0, 'v_lstm_dropout': 0.0, 't_bert_dropout': 0.1, 'd_model': 128, 'fusion_layers': 3, 'heads': 4, 'learnable_pos_emb': False, 'emb_dropout': 0.0, 'attn_dropout': 0.2, 'ff_dropout': 0.1, 'ff_expansion': 4, 'mpu_share': True, 'modality_share': True, 'layer_share': True, 'attn_act_fn': 'tanh', 'gmc_tokens_pred_dim': 128, 'text_pred_dim': 256, 'audio_pred_dim': 8, 'video_pred_dim': 16, 'recon_loss': 'SmoothL1Loss', 'loss_attra_weight': 1, 'loss_recon_weight': 1, 'post_fusion_dim': 256, 'post_fusion_dropout': 0.3, 'H': 3.0, 'cur_time': 3, 'model_save_path': 'results/mosi/emt-dlfr/run_once/models/emt-dlfr-mosi-regression-mr0.4-11111.pth', 'device': device(type='cuda', index=2), 'tasks': 'M'}>",<min/seed>,"(70.41, 1111)","(70.36, 1111)","(71.65, 1111)","(71.7, 1111)","(28.28, 11111)","(25.66, 11111)","(104.41, 111)","(52.08, 11111)","(129.37, 1111)","(104.07, 111)"
2026-01-28_04-41-13,emt-dlfr,"<Storage{'need_task_scheduling': False, 'is_tune': False, 'train_mode': 'regression', 'modelName': 'emt-dlfr', 'datasetName': 'mosi', 'num_workers': 4, 'model_save_dir': 'results/mosi/emt-dlfr/run_once/models', 'res_save_dir': 'results/mosi/emt-dlfr/run_once/results', 'gpu_ids': [2], 'missing_rates': array([0. , 0.1, 0.2, 0.3, 0.4, 0.5, 0.6, 0.7, 0.8, 0.9, 1. ]), 'seed': 11111, 'num_seeds': 3, 'exp_name': 'moe-uncertainty', 'diff_missing': None, 'KeyEval': 'Loss', 'save_model': True, 'unified_missing': False, 'use_normalized_data': False, 'seeds': [111, 1111, 11111], 'missing_rate': (0.4, 0.4, 0.4), 'dataPath': '/mnt/HDD2/teng/Master-23/sjc/work2/EMT-DLFR-master-based/MMSA/Datasets/MOSI/Processed/unaligned_50.pkl', 'seq_lens': (50, 375, 500), 'feature_dims': (768, 5, 20), 'train_samples': 1284, 'num_classes': 3, 'language': 'en', 'missing_seed': (111, 1111, 11111), 'data_missing': True, 'deal_missing': False, 'need_data_aligned': False, 'need_model_aligned': False, 'need_normalized': False, 'use_bert': True, 'use_finetune': True, 'save_labels': False, 'early_stop': 8, 'update_epochs': 4, 'batch_size': 32, 'learning_rate_bert': 5e-05, 'learning_rate_audio': 0.001, 'learning_rate_video': 0.0001, 'learning_rate_other': 0.001, 'weight_decay_bert': 0.001, 'weight_decay_audio': 0.01, 'weight_decay_video': 0.001, 'weight_decay_other': 0.001, 'a_lstm_hidden_size': 32, 'v_lstm_hidden_size': 64, 'a_lstm_layers': 1, 'v_lstm_layers': 1, 'text_out': 768, 'audio_out': 16, 'video_out': 32, 'a_lstm_dropout': 0.0, 'v_lstm_dropout': 0.0, 't_bert_dropout': 0.1, 'd_model': 128, 'fusion_layers': 3, 'heads': 4, 'learnable_pos_emb': False, 'emb_dropout': 0.0, 'attn_dropout': 0.2, 'ff_dropout': 0.1, 'ff_expansion': 4, 'mpu_share': True, 'modality_share': True, 'layer_share': True, 'attn_act_fn': 'tanh', 'gmc_tokens_pred_dim': 128, 'text_pred_dim': 256, 'audio_pred_dim': 8, 'video_pred_dim': 16, 'recon_loss': 'SmoothL1Loss', 'loss_attra_weight': 1, 'loss_recon_weight': 1, 'post_fusion_dim': 256, 'post_fusion_dropout': 0.3, 'H': 3.0, 'cur_time': 3, 'model_save_path': 'results/mosi/emt-dlfr/run_once/models/emt-dlfr-mosi-regression-mr0.4-11111.pth', 'device': device(type='cuda', index=2), 'tasks': 'M'}>",111,72.01,72.09,72.41,72.57,35.28,31.2,104.41,55.38,131.39,104.07
2026-01-28_04-41-13,emt-dlfr,"<Storage{'need_task_scheduling': False, 'is_tune': False, 'train_mode': 'regression', 'modelName': 'emt-dlfr', 'datasetName': 'mosi', 'num_workers': 4, 'model_save_dir': 'results/mosi/emt-dlfr/run_once/models', 'res_save_dir': 'results/mosi/emt-dlfr/run_once/results', 'gpu_ids': [2], 'missing_rates': array([0. , 0.1, 0.2, 0.3, 0.4, 0.5, 0.6, 0.7, 0.8, 0.9, 1. ]), 'seed': 11111, 'num_seeds': 3, 'exp_name': 'moe-uncertainty', 'diff_missing': None, 'KeyEval': 'Loss', 'save_model': True, 'unified_missing': False, 'use_normalized_data': False, 'seeds': [111, 1111, 11111], 'missing_rate': (0.4, 0.4, 0.4), 'dataPath': '/mnt/HDD2/teng/Master-23/sjc/work2/EMT-DLFR-master-based/MMSA/Datasets/MOSI/Processed/unaligned_50.pkl', 'seq_lens': (50, 375, 500), 'feature_dims': (768, 5, 20), 'train_samples': 1284, 'num_classes': 3, 'language': 'en', 'missing_seed': (111, 1111, 11111), 'data_missing': True, 'deal_missing': False, 'need_data_aligned': False, 'need_model_aligned': False, 'need_normalized': False, 'use_bert': True, 'use_finetune': True, 'save_labels': False, 'early_stop': 8, 'update_epochs': 4, 'batch_size': 32, 'learning_rate_bert': 5e-05, 'learning_rate_audio': 0.001, 'learning_rate_video': 0.0001, 'learning_rate_other': 0.001, 'weight_decay_bert': 0.001, 'weight_decay_audio': 0.01, 'weight_decay_video': 0.001, 'weight_decay_other': 0.001, 'a_lstm_hidden_size': 32, 'v_lstm_hidden_size': 64, 'a_lstm_layers': 1, 'v_lstm_layers': 1, 'text_out': 768, 'audio_out': 16, 'video_out': 32, 'a_lstm_dropout': 0.0, 'v_lstm_dropout': 0.0, 't_bert_dropout': 0.1, 'd_model': 128, 'fusion_layers': 3, 'heads': 4, 'learnable_pos_emb': False, 'emb_dropout': 0.0, 'attn_dropout': 0.2, 'ff_dropout': 0.1, 'ff_expansion': 4, 'mpu_share': True, 'modality_share': True, 'layer_share': True, 'attn_act_fn': 'tanh', 'gmc_tokens_pred_dim': 128, 'text_pred_dim': 256, 'audio_pred_dim': 8, 'video_pred_dim': 16, 'recon_loss': 'SmoothL1Loss', 'loss_attra_weight': 1, 'loss_recon_weight': 1, 'post_fusion_dim': 256, 'post_fusion_dropout': 0.3, 'H': 3.0, 'cur_time': 3, 'model_save_path': 'results/mosi/emt-dlfr/run_once/models/emt-dlfr-mosi-regression-mr0.4-11111.pth', 'device': device(type='cuda', index=2), 'tasks': 'M'}>",1111,70.41,70.36,71.65,71.7,36.3,33.09,104.57,54.75,129.37,104.6
2026-01-28_04-41-13,emt-dlfr,"<Storage{'need_task_scheduling': False, 'is_tune': False, 'train_mode': 'regression', 'modelName': 'emt-dlfr', 'datasetName': 'mosi', 'num_workers': 4, 'model_save_dir': 'results/mosi/emt-dlfr/run_once/models', 'res_save_dir': 'results/mosi/emt-dlfr/run_once/results', 'gpu_ids': [2], 'missing_rates': array([0. , 0.1, 0.2, 0.3, 0.4, 0.5, 0.6, 0.7, 0.8, 0.9, 1. ]), 'seed': 11111, 'num_seeds': 3, 'exp_name': 'moe-uncertainty', 'diff_missing': None, 'KeyEval': 'Loss', 'save_model': True, 'unified_missing': False, 'use_normalized_data': False, 'seeds': [111, 1111, 11111], 'missing_rate': (0.4, 0.4, 0.4), 'dataPath': '/mnt/HDD2/teng/Master-23/sjc/work2/EMT-DLFR-master-based/MMSA/Datasets/MOSI/Processed/unaligned_50.pkl', 'seq_lens': (50, 375, 500), 'feature_dims': (768, 5, 20), 'train_samples': 1284, 'num_classes': 3, 'language': 'en', 'missing_seed': (111, 1111, 11111), 'data_missing': True, 'deal_missing': False, 'need_data_aligned': False, 'need_model_aligned': False, 'need_normalized': False, 'use_bert': True, 'use_finetune': True, 'save_labels': False, 'early_stop': 8, 'update_epochs': 4, 'batch_size': 32, 'learning_rate_bert': 5e-05, 'learning_rate_audio': 0.001, 'learning_rate_video': 0.0001, 'learning_rate_other': 0.001, 'weight_decay_bert': 0.001, 'weight_decay_audio': 0.01, 'weight_decay_video': 0.001, 'weight_decay_other': 0.001, 'a_lstm_hidden_size': 32, 'v_lstm_hidden_size': 64, 'a_lstm_layers': 1, 'v_lstm_layers': 1, 'text_out': 768, 'audio_out': 16, 'video_out': 32, 'a_lstm_dropout': 0.0, 'v_lstm_dropout': 0.0, 't_bert_dropout': 0.1, 'd_model': 128, 'fusion_layers': 3, 'heads': 4, 'learnable_pos_emb': False, 'emb_dropout': 0.0, 'attn_dropout': 0.2, 'ff_dropout': 0.1, 'ff_expansion': 4, 'mpu_share': True, 'modality_share': True, 'layer_share': True, 'attn_act_fn': 'tanh', 'gmc_tokens_pred_dim': 128, 'text_pred_dim': 256, 'audio_pred_dim': 8, 'video_pred_dim': 16, 'recon_loss': 'SmoothL1Loss', 'loss_attra_weight': 1, 'loss_recon_weight': 1, 'post_fusion_dim': 256, 'post_fusion_dropout': 0.3, 'H': 3.0, 'cur_time': 3, 'model_save_path': 'results/mosi/emt-dlfr/run_once/models/emt-dlfr-mosi-regression-mr0.4-11111.pth', 'device': device(type='cuda', index=2), 'tasks': 'M'}>",11111,72.16,72.23,72.87,73.02,28.28,25.66,113.47,52.08,141.02,114.39
2026-01-28_04-41-13,emt-dlfr,"<Storage{'need_task_scheduling': False, 'is_tune': False, 'train_mode': 'regression', 'modelName': 'emt-dlfr', 'datasetName': 'mosi', 'num_workers': 4, 'model_save_dir': 'results/mosi/emt-dlfr/run_once/models', 'res_save_dir': 'results/mosi/emt-dlfr/run_once/results', 'gpu_ids': [2], 'missing_rates': array([0. , 0.1, 0.2, 0.3, 0.4, 0.5, 0.6, 0.7, 0.8, 0.9, 1. ]), 'seed': 11111, 'num_seeds': 3, 'exp_name': 'moe-uncertainty', 'diff_missing': None, 'KeyEval': 'Loss', 'save_model': True, 'unified_missing': False, 'use_normalized_data': False, 'seeds': [111, 1111, 11111], 'missing_rate': (0.4, 0.4, 0.4), 'dataPath': '/mnt/HDD2/teng/Master-23/sjc/work2/EMT-DLFR-master-based/MMSA/Datasets/MOSI/Processed/unaligned_50.pkl', 'seq_lens': (50, 375, 500), 'feature_dims': (768, 5, 20), 'train_samples': 1284, 'num_classes': 3, 'language': 'en', 'missing_seed': (111, 1111, 11111), 'data_missing': True, 'deal_missing': False, 'need_data_aligned': False, 'need_model_aligned': False, 'need_normalized': False, 'use_bert': True, 'use_finetune': True, 'save_labels': False, 'early_stop': 8, 'update_epochs': 4, 'batch_size': 32, 'learning_rate_bert': 5e-05, 'learning_rate_audio': 0.001, 'learning_rate_video': 0.0001, 'learning_rate_other': 0.001, 'weight_decay_bert': 0.001, 'weight_decay_audio': 0.01, 'weight_decay_video': 0.001, 'weight_decay_other': 0.001, 'a_lstm_hidden_size': 32, 'v_lstm_hidden_size': 64, 'a_lstm_layers': 1, 'v_lstm_layers': 1, 'text_out': 768, 'audio_out': 16, 'video_out': 32, 'a_lstm_dropout': 0.0, 'v_lstm_dropout': 0.0, 't_bert_dropout': 0.1, 'd_model': 128, 'fusion_layers': 3, 'heads': 4, 'learnable_pos_emb': False, 'emb_dropout': 0.0, 'attn_dropout': 0.2, 'ff_dropout': 0.1, 'ff_expansion': 4, 'mpu_share': True, 'modality_share': True, 'layer_share': True, 'attn_act_fn': 'tanh', 'gmc_tokens_pred_dim': 128, 'text_pred_dim': 256, 'audio_pred_dim': 8, 'video_pred_dim': 16, 'recon_loss': 'SmoothL1Loss', 'loss_attra_weight': 1, 'loss_recon_weight': 1, 'post_fusion_dim': 256, 'post_fusion_dropout': 0.3, 'H': 3.0, 'cur_time': 3, 'model_save_path': 'results/mosi/emt-dlfr/run_once/models/emt-dlfr-mosi-regression-mr0.4-11111.pth', 'device': device(type='cuda', index=2), 'tasks': 'M'}>",<mean/std>,"(71.53, 0.79)","(71.56, 0.85)","(72.31, 0.5)","(72.43, 0.55)","(33.29, 3.56)","(29.98, 3.15)","(107.48, 4.23)","(54.07, 1.43)","(133.93, 5.08)","(107.69, 4.74)"
2026-01-28_04-41-13,emt-dlfr,"<Storage{'need_task_scheduling': False, 'is_tune': False, 'train_mode': 'regression', 'modelName': 'emt-dlfr', 'datasetName': 'mosi', 'num_workers': 4, 'model_save_dir': 'results/mosi/emt-dlfr/run_once/models', 'res_save_dir': 'results/mosi/emt-dlfr/run_once/results', 'gpu_ids': [2], 'missing_rates': array([0. , 0.1, 0.2, 0.3, 0.4, 0.5, 0.6, 0.7, 0.8, 0.9, 1. ]), 'seed': 11111, 'num_seeds': 3, 'exp_name': 'moe-uncertainty', 'diff_missing': None, 'KeyEval': 'Loss', 'save_model': True, 'unified_missing': False, 'use_normalized_data': False, 'seeds': [111, 1111, 11111], 'missing_rate': (0.4, 0.4, 0.4), 'dataPath': '/mnt/HDD2/teng/Master-23/sjc/work2/EMT-DLFR-master-based/MMSA/Datasets/MOSI/Processed/unaligned_50.pkl', 'seq_lens': (50, 375, 500), 'feature_dims': (768, 5, 20), 'train_samples': 1284, 'num_classes': 3, 'language': 'en', 'missing_seed': (111, 1111, 11111), 'data_missing': True, 'deal_missing': False, 'need_data_aligned': False, 'need_model_aligned': False, 'need_normalized': False, 'use_bert': True, 'use_finetune': True, 'save_labels': False, 'early_stop': 8, 'update_epochs': 4, 'batch_size': 32, 'learning_rate_bert': 5e-05, 'learning_rate_audio': 0.001, 'learning_rate_video': 0.0001, 'learning_rate_other': 0.001, 'weight_decay_bert': 0.001, 'weight_decay_audio': 0.01, 'weight_decay_video': 0.001, 'weight_decay_other': 0.001, 'a_lstm_hidden_size': 32, 'v_lstm_hidden_size': 64, 'a_lstm_layers': 1, 'v_lstm_layers': 1, 'text_out': 768, 'audio_out': 16, 'video_out': 32, 'a_lstm_dropout': 0.0, 'v_lstm_dropout': 0.0, 't_bert_dropout': 0.1, 'd_model': 128, 'fusion_layers': 3, 'heads': 4, 'learnable_pos_emb': False, 'emb_dropout': 0.0, 'attn_dropout': 0.2, 'ff_dropout': 0.1, 'ff_expansion': 4, 'mpu_share': True, 'modality_share': True, 'layer_share': True, 'attn_act_fn': 'tanh', 'gmc_tokens_pred_dim': 128, 'text_pred_dim': 256, 'audio_pred_dim': 8, 'video_pred_dim': 16, 'recon_loss': 'SmoothL1Loss', 'loss_attra_weight': 1, 'loss_recon_weight': 1, 'post_fusion_dim': 256, 'post_fusion_dropout': 0.3, 'H': 3.0, 'cur_time': 3, 'model_save_path': 'results/mosi/emt-dlfr/run_once/models/emt-dlfr-mosi-regression-mr0.4-11111.pth', 'device': device(type='cuda', index=2), 'tasks': 'M'}>",<max/seed>,"(72.16, 11111)","(72.23, 11111)","(72.87, 11111)","(73.02, 11111)","(36.3, 1111)","(33.09, 1111)","(113.47, 11111)","(55.38, 111)","(141.02, 11111)","(114.39, 11111)"
2026-01-28_04-41-13,emt-dlfr,"<Storage{'need_task_scheduling': False, 'is_tune': False, 'train_mode': 'regression', 'modelName': 'emt-dlfr', 'datasetName': 'mosi', 'num_workers': 4, 'model_save_dir': 'results/mosi/emt-dlfr/run_once/models', 'res_save_dir': 'results/mosi/emt-dlfr/run_once/results', 'gpu_ids': [2], 'missing_rates': array([0. , 0.1, 0.2, 0.3, 0.4, 0.5, 0.6, 0.7, 0.8, 0.9, 1. ]), 'seed': 11111, 'num_seeds': 3, 'exp_name': 'moe-uncertainty', 'diff_missing': None, 'KeyEval': 'Loss', 'save_model': True, 'unified_missing': False, 'use_normalized_data': False, 'seeds': [111, 1111, 11111], 'missing_rate': (0.4, 0.4, 0.4), 'dataPath': '/mnt/HDD2/teng/Master-23/sjc/work2/EMT-DLFR-master-based/MMSA/Datasets/MOSI/Processed/unaligned_50.pkl', 'seq_lens': (50, 375, 500), 'feature_dims': (768, 5, 20), 'train_samples': 1284, 'num_classes': 3, 'language': 'en', 'missing_seed': (111, 1111, 11111), 'data_missing': True, 'deal_missing': False, 'need_data_aligned': False, 'need_model_aligned': False, 'need_normalized': False, 'use_bert': True, 'use_finetune': True, 'save_labels': False, 'early_stop': 8, 'update_epochs': 4, 'batch_size': 32, 'learning_rate_bert': 5e-05, 'learning_rate_audio': 0.001, 'learning_rate_video': 0.0001, 'learning_rate_other': 0.001, 'weight_decay_bert': 0.001, 'weight_decay_audio': 0.01, 'weight_decay_video': 0.001, 'weight_decay_other': 0.001, 'a_lstm_hidden_size': 32, 'v_lstm_hidden_size': 64, 'a_lstm_layers': 1, 'v_lstm_layers': 1, 'text_out': 768, 'audio_out': 16, 'video_out': 32, 'a_lstm_dropout': 0.0, 'v_lstm_dropout': 0.0, 't_bert_dropout': 0.1, 'd_model': 128, 'fusion_layers': 3, 'heads': 4, 'learnable_pos_emb': False, 'emb_dropout': 0.0, 'attn_dropout': 0.2, 'ff_dropout': 0.1, 'ff_expansion': 4, 'mpu_share': True, 'modality_share': True, 'layer_share': True, 'attn_act_fn': 'tanh', 'gmc_tokens_pred_dim': 128, 'text_pred_dim': 256, 'audio_pred_dim': 8, 'video_pred_dim': 16, 'recon_loss': 'SmoothL1Loss', 'loss_attra_weight': 1, 'loss_recon_weight': 1, 'post_fusion_dim': 256, 'post_fusion_dropout': 0.3, 'H': 3.0, 'cur_time': 3, 'model_save_path': 'results/mosi/emt-dlfr/run_once/models/emt-dlfr-mosi-regression-mr0.4-11111.pth', 'device': device(type='cuda', index=2), 'tasks': 'M'}>",<min/seed>,"(70.41, 1111)","(70.36, 1111)","(71.65, 1111)","(71.7, 1111)","(28.28, 11111)","(25.66, 11111)","(104.41, 111)","(52.08, 11111)","(129.37, 1111)","(104.07, 111)"
2026-01-28_16-43-56,emt-dlfr,"<Storage{'need_task_scheduling': False, 'is_tune': False, 'train_mode': 'regression', 'modelName': 'emt-dlfr', 'datasetName': 'mosi', 'num_workers': 4, 'model_save_dir': 'results/mosi/emt-dlfr/run_once/models', 'res_save_dir': 'results/mosi/emt-dlfr/run_once/results', 'gpu_ids': [2], 'missing_rates': array([0. , 0.1, 0.2, 0.3, 0.4, 0.5, 0.6, 0.7, 0.8, 0.9, 1. ]), 'seed': 11111, 'num_seeds': 3, 'exp_name': 'moe-uncertainty', 'diff_missing': None, 'KeyEval': 'Loss', 'save_model': True, 'unified_missing': False, 'use_normalized_data': False, 'seeds': [111, 1111, 11111], 'missing_rate': (0.4, 0.4, 0.4), 'dataPath': '/mnt/HDD2/teng/Master-23/sjc/work2/EMT-DLFR-master-based/MMSA/Datasets/MOSI/Processed/unaligned_50.pkl', 'seq_lens': (50, 375, 500), 'feature_dims': (768, 5, 20), 'train_samples': 1284, 'num_classes': 3, 'language': 'en', 'missing_seed': (111, 1111, 11111), 'data_missing': True, 'deal_missing': False, 'need_data_aligned': False, 'need_model_aligned': False, 'need_normalized': False, 'use_bert': True, 'use_finetune': True, 'save_labels': False, 'early_stop': 8, 'update_epochs': 4, 'batch_size': 32, 'learning_rate_bert': 5e-05, 'learning_rate_audio': 0.001, 'learning_rate_video': 0.0001, 'learning_rate_other': 0.001, 'weight_decay_bert': 0.001, 'weight_decay_audio': 0.01, 'weight_decay_video': 0.001, 'weight_decay_other': 0.001, 'a_lstm_hidden_size': 32, 'v_lstm_hidden_size': 64, 'a_lstm_layers': 1, 'v_lstm_layers': 1, 'text_out': 768, 'audio_out': 16, 'video_out': 32, 'a_lstm_dropout': 0.0, 'v_lstm_dropout': 0.0, 't_bert_dropout': 0.1, 'd_model': 128, 'fusion_layers': 3, 'heads': 4, 'learnable_pos_emb': False, 'emb_dropout': 0.0, 'attn_dropout': 0.2, 'ff_dropout': 0.1, 'ff_expansion': 4, 'mpu_share': True, 'modality_share': True, 'layer_share': True, 'attn_act_fn': 'tanh', 'gmc_tokens_pred_dim': 128, 'text_pred_dim': 256, 'audio_pred_dim': 8, 'video_pred_dim': 16, 'recon_loss': 'SmoothL1Loss', 'loss_attra_weight': 1, 'loss_recon_weight': 1, 'uncertainty_reg_weight': 0.1, 'uncertainty_reg_margin': 0.0001, 'post_fusion_dim': 256, 'post_fusion_dropout': 0.3, 'H': 3.0, 'cur_time': 3, 'model_save_path': 'results/mosi/emt-dlfr/run_once/models/emt-dlfr-mosi-regression-mr0.4-11111.pth', 'device': device(type='cuda', index=2), 'tasks': 'M'}>",111,71.72,71.8,72.26,72.42,36.88,32.22,104.67,56.83,130.6,104.6
2026-01-28_16-43-56,emt-dlfr,"<Storage{'need_task_scheduling': False, 'is_tune': False, 'train_mode': 'regression', 'modelName': 'emt-dlfr', 'datasetName': 'mosi', 'num_workers': 4, 'model_save_dir': 'results/mosi/emt-dlfr/run_once/models', 'res_save_dir': 'results/mosi/emt-dlfr/run_once/results', 'gpu_ids': [2], 'missing_rates': array([0. , 0.1, 0.2, 0.3, 0.4, 0.5, 0.6, 0.7, 0.8, 0.9, 1. ]), 'seed': 11111, 'num_seeds': 3, 'exp_name': 'moe-uncertainty', 'diff_missing': None, 'KeyEval': 'Loss', 'save_model': True, 'unified_missing': False, 'use_normalized_data': False, 'seeds': [111, 1111, 11111], 'missing_rate': (0.4, 0.4, 0.4), 'dataPath': '/mnt/HDD2/teng/Master-23/sjc/work2/EMT-DLFR-master-based/MMSA/Datasets/MOSI/Processed/unaligned_50.pkl', 'seq_lens': (50, 375, 500), 'feature_dims': (768, 5, 20), 'train_samples': 1284, 'num_classes': 3, 'language': 'en', 'missing_seed': (111, 1111, 11111), 'data_missing': True, 'deal_missing': False, 'need_data_aligned': False, 'need_model_aligned': False, 'need_normalized': False, 'use_bert': True, 'use_finetune': True, 'save_labels': False, 'early_stop': 8, 'update_epochs': 4, 'batch_size': 32, 'learning_rate_bert': 5e-05, 'learning_rate_audio': 0.001, 'learning_rate_video': 0.0001, 'learning_rate_other': 0.001, 'weight_decay_bert': 0.001, 'weight_decay_audio': 0.01, 'weight_decay_video': 0.001, 'weight_decay_other': 0.001, 'a_lstm_hidden_size': 32, 'v_lstm_hidden_size': 64, 'a_lstm_layers': 1, 'v_lstm_layers': 1, 'text_out': 768, 'audio_out': 16, 'video_out': 32, 'a_lstm_dropout': 0.0, 'v_lstm_dropout': 0.0, 't_bert_dropout': 0.1, 'd_model': 128, 'fusion_layers': 3, 'heads': 4, 'learnable_pos_emb': False, 'emb_dropout': 0.0, 'attn_dropout': 0.2, 'ff_dropout': 0.1, 'ff_expansion': 4, 'mpu_share': True, 'modality_share': True, 'layer_share': True, 'attn_act_fn': 'tanh', 'gmc_tokens_pred_dim': 128, 'text_pred_dim': 256, 'audio_pred_dim': 8, 'video_pred_dim': 16, 'recon_loss': 'SmoothL1Loss', 'loss_attra_weight': 1, 'loss_recon_weight': 1, 'uncertainty_reg_weight': 0.1, 'uncertainty_reg_margin': 0.0001, 'post_fusion_dim': 256, 'post_fusion_dropout': 0.3, 'H': 3.0, 'cur_time': 3, 'model_save_path': 'results/mosi/emt-dlfr/run_once/models/emt-dlfr-mosi-regression-mr0.4-11111.pth', 'device': device(type='cuda', index=2), 'tasks': 'M'}>",1111,71.87,71.93,72.56,72.71,37.03,32.94,105.49,55.21,131.77,105.35
2026-01-28_16-43-56,emt-dlfr,"<Storage{'need_task_scheduling': False, 'is_tune': False, 'train_mode': 'regression', 'modelName': 'emt-dlfr', 'datasetName': 'mosi', 'num_workers': 4, 'model_save_dir': 'results/mosi/emt-dlfr/run_once/models', 'res_save_dir': 'results/mosi/emt-dlfr/run_once/results', 'gpu_ids': [2], 'missing_rates': array([0. , 0.1, 0.2, 0.3, 0.4, 0.5, 0.6, 0.7, 0.8, 0.9, 1. ]), 'seed': 11111, 'num_seeds': 3, 'exp_name': 'moe-uncertainty', 'diff_missing': None, 'KeyEval': 'Loss', 'save_model': True, 'unified_missing': False, 'use_normalized_data': False, 'seeds': [111, 1111, 11111], 'missing_rate': (0.4, 0.4, 0.4), 'dataPath': '/mnt/HDD2/teng/Master-23/sjc/work2/EMT-DLFR-master-based/MMSA/Datasets/MOSI/Processed/unaligned_50.pkl', 'seq_lens': (50, 375, 500), 'feature_dims': (768, 5, 20), 'train_samples': 1284, 'num_classes': 3, 'language': 'en', 'missing_seed': (111, 1111, 11111), 'data_missing': True, 'deal_missing': False, 'need_data_aligned': False, 'need_model_aligned': False, 'need_normalized': False, 'use_bert': True, 'use_finetune': True, 'save_labels': False, 'early_stop': 8, 'update_epochs': 4, 'batch_size': 32, 'learning_rate_bert': 5e-05, 'learning_rate_audio': 0.001, 'learning_rate_video': 0.0001, 'learning_rate_other': 0.001, 'weight_decay_bert': 0.001, 'weight_decay_audio': 0.01, 'weight_decay_video': 0.001, 'weight_decay_other': 0.001, 'a_lstm_hidden_size': 32, 'v_lstm_hidden_size': 64, 'a_lstm_layers': 1, 'v_lstm_layers': 1, 'text_out': 768, 'audio_out': 16, 'video_out': 32, 'a_lstm_dropout': 0.0, 'v_lstm_dropout': 0.0, 't_bert_dropout': 0.1, 'd_model': 128, 'fusion_layers': 3, 'heads': 4, 'learnable_pos_emb': False, 'emb_dropout': 0.0, 'attn_dropout': 0.2, 'ff_dropout': 0.1, 'ff_expansion': 4, 'mpu_share': True, 'modality_share': True, 'layer_share': True, 'attn_act_fn': 'tanh', 'gmc_tokens_pred_dim': 128, 'text_pred_dim': 256, 'audio_pred_dim': 8, 'video_pred_dim': 16, 'recon_loss': 'SmoothL1Loss', 'loss_attra_weight': 1, 'loss_recon_weight': 1, 'uncertainty_reg_weight': 0.1, 'uncertainty_reg_margin': 0.0001, 'post_fusion_dim': 256, 'post_fusion_dropout': 0.3, 'H': 3.0, 'cur_time': 3, 'model_save_path': 'results/mosi/emt-dlfr/run_once/models/emt-dlfr-mosi-regression-mr0.4-11111.pth', 'device': device(type='cuda', index=2), 'tasks': 'M'}>",11111,69.83,69.77,69.97,70.03,31.63,29.15,117.72,50.35,144.58,118.62
2026-01-28_16-43-56,emt-dlfr,"<Storage{'need_task_scheduling': False, 'is_tune': False, 'train_mode': 'regression', 'modelName': 'emt-dlfr', 'datasetName': 'mosi', 'num_workers': 4, 'model_save_dir': 'results/mosi/emt-dlfr/run_once/models', 'res_save_dir': 'results/mosi/emt-dlfr/run_once/results', 'gpu_ids': [2], 'missing_rates': array([0. , 0.1, 0.2, 0.3, 0.4, 0.5, 0.6, 0.7, 0.8, 0.9, 1. ]), 'seed': 11111, 'num_seeds': 3, 'exp_name': 'moe-uncertainty', 'diff_missing': None, 'KeyEval': 'Loss', 'save_model': True, 'unified_missing': False, 'use_normalized_data': False, 'seeds': [111, 1111, 11111], 'missing_rate': (0.4, 0.4, 0.4), 'dataPath': '/mnt/HDD2/teng/Master-23/sjc/work2/EMT-DLFR-master-based/MMSA/Datasets/MOSI/Processed/unaligned_50.pkl', 'seq_lens': (50, 375, 500), 'feature_dims': (768, 5, 20), 'train_samples': 1284, 'num_classes': 3, 'language': 'en', 'missing_seed': (111, 1111, 11111), 'data_missing': True, 'deal_missing': False, 'need_data_aligned': False, 'need_model_aligned': False, 'need_normalized': False, 'use_bert': True, 'use_finetune': True, 'save_labels': False, 'early_stop': 8, 'update_epochs': 4, 'batch_size': 32, 'learning_rate_bert': 5e-05, 'learning_rate_audio': 0.001, 'learning_rate_video': 0.0001, 'learning_rate_other': 0.001, 'weight_decay_bert': 0.001, 'weight_decay_audio': 0.01, 'weight_decay_video': 0.001, 'weight_decay_other': 0.001, 'a_lstm_hidden_size': 32, 'v_lstm_hidden_size': 64, 'a_lstm_layers': 1, 'v_lstm_layers': 1, 'text_out': 768, 'audio_out': 16, 'video_out': 32, 'a_lstm_dropout': 0.0, 'v_lstm_dropout': 0.0, 't_bert_dropout': 0.1, 'd_model': 128, 'fusion_layers': 3, 'heads': 4, 'learnable_pos_emb': False, 'emb_dropout': 0.0, 'attn_dropout': 0.2, 'ff_dropout': 0.1, 'ff_expansion': 4, 'mpu_share': True, 'modality_share': True, 'layer_share': True, 'attn_act_fn': 'tanh', 'gmc_tokens_pred_dim': 128, 'text_pred_dim': 256, 'audio_pred_dim': 8, 'video_pred_dim': 16, 'recon_loss': 'SmoothL1Loss', 'loss_attra_weight': 1, 'loss_recon_weight': 1, 'uncertainty_reg_weight': 0.1, 'uncertainty_reg_margin': 0.0001, 'post_fusion_dim': 256, 'post_fusion_dropout': 0.3, 'H': 3.0, 'cur_time': 3, 'model_save_path': 'results/mosi/emt-dlfr/run_once/models/emt-dlfr-mosi-regression-mr0.4-11111.pth', 'device': device(type='cuda', index=2), 'tasks': 'M'}>",<mean/std>,"(71.14, 0.93)","(71.17, 0.99)","(71.6, 1.16)","(71.72, 1.2)","(35.18, 2.51)","(31.44, 1.64)","(109.29, 5.97)","(54.13, 2.75)","(135.65, 6.33)","(109.52, 6.44)"
2026-01-28_16-43-56,emt-dlfr,"<Storage{'need_task_scheduling': False, 'is_tune': False, 'train_mode': 'regression', 'modelName': 'emt-dlfr', 'datasetName': 'mosi', 'num_workers': 4, 'model_save_dir': 'results/mosi/emt-dlfr/run_once/models', 'res_save_dir': 'results/mosi/emt-dlfr/run_once/results', 'gpu_ids': [2], 'missing_rates': array([0. , 0.1, 0.2, 0.3, 0.4, 0.5, 0.6, 0.7, 0.8, 0.9, 1. ]), 'seed': 11111, 'num_seeds': 3, 'exp_name': 'moe-uncertainty', 'diff_missing': None, 'KeyEval': 'Loss', 'save_model': True, 'unified_missing': False, 'use_normalized_data': False, 'seeds': [111, 1111, 11111], 'missing_rate': (0.4, 0.4, 0.4), 'dataPath': '/mnt/HDD2/teng/Master-23/sjc/work2/EMT-DLFR-master-based/MMSA/Datasets/MOSI/Processed/unaligned_50.pkl', 'seq_lens': (50, 375, 500), 'feature_dims': (768, 5, 20), 'train_samples': 1284, 'num_classes': 3, 'language': 'en', 'missing_seed': (111, 1111, 11111), 'data_missing': True, 'deal_missing': False, 'need_data_aligned': False, 'need_model_aligned': False, 'need_normalized': False, 'use_bert': True, 'use_finetune': True, 'save_labels': False, 'early_stop': 8, 'update_epochs': 4, 'batch_size': 32, 'learning_rate_bert': 5e-05, 'learning_rate_audio': 0.001, 'learning_rate_video': 0.0001, 'learning_rate_other': 0.001, 'weight_decay_bert': 0.001, 'weight_decay_audio': 0.01, 'weight_decay_video': 0.001, 'weight_decay_other': 0.001, 'a_lstm_hidden_size': 32, 'v_lstm_hidden_size': 64, 'a_lstm_layers': 1, 'v_lstm_layers': 1, 'text_out': 768, 'audio_out': 16, 'video_out': 32, 'a_lstm_dropout': 0.0, 'v_lstm_dropout': 0.0, 't_bert_dropout': 0.1, 'd_model': 128, 'fusion_layers': 3, 'heads': 4, 'learnable_pos_emb': False, 'emb_dropout': 0.0, 'attn_dropout': 0.2, 'ff_dropout': 0.1, 'ff_expansion': 4, 'mpu_share': True, 'modality_share': True, 'layer_share': True, 'attn_act_fn': 'tanh', 'gmc_tokens_pred_dim': 128, 'text_pred_dim': 256, 'audio_pred_dim': 8, 'video_pred_dim': 16, 'recon_loss': 'SmoothL1Loss', 'loss_attra_weight': 1, 'loss_recon_weight': 1, 'uncertainty_reg_weight': 0.1, 'uncertainty_reg_margin': 0.0001, 'post_fusion_dim': 256, 'post_fusion_dropout': 0.3, 'H': 3.0, 'cur_time': 3, 'model_save_path': 'results/mosi/emt-dlfr/run_once/models/emt-dlfr-mosi-regression-mr0.4-11111.pth', 'device': device(type='cuda', index=2), 'tasks': 'M'}>",<max/seed>,"(71.87, 1111)","(71.93, 1111)","(72.56, 1111)","(72.71, 1111)","(37.03, 1111)","(32.94, 1111)","(117.72, 11111)","(56.83, 111)","(144.58, 11111)","(118.62, 11111)"
2026-01-28_16-43-56,emt-dlfr,"<Storage{'need_task_scheduling': False, 'is_tune': False, 'train_mode': 'regression', 'modelName': 'emt-dlfr', 'datasetName': 'mosi', 'num_workers': 4, 'model_save_dir': 'results/mosi/emt-dlfr/run_once/models', 'res_save_dir': 'results/mosi/emt-dlfr/run_once/results', 'gpu_ids': [2], 'missing_rates': array([0. , 0.1, 0.2, 0.3, 0.4, 0.5, 0.6, 0.7, 0.8, 0.9, 1. ]), 'seed': 11111, 'num_seeds': 3, 'exp_name': 'moe-uncertainty', 'diff_missing': None, 'KeyEval': 'Loss', 'save_model': True, 'unified_missing': False, 'use_normalized_data': False, 'seeds': [111, 1111, 11111], 'missing_rate': (0.4, 0.4, 0.4), 'dataPath': '/mnt/HDD2/teng/Master-23/sjc/work2/EMT-DLFR-master-based/MMSA/Datasets/MOSI/Processed/unaligned_50.pkl', 'seq_lens': (50, 375, 500), 'feature_dims': (768, 5, 20), 'train_samples': 1284, 'num_classes': 3, 'language': 'en', 'missing_seed': (111, 1111, 11111), 'data_missing': True, 'deal_missing': False, 'need_data_aligned': False, 'need_model_aligned': False, 'need_normalized': False, 'use_bert': True, 'use_finetune': True, 'save_labels': False, 'early_stop': 8, 'update_epochs': 4, 'batch_size': 32, 'learning_rate_bert': 5e-05, 'learning_rate_audio': 0.001, 'learning_rate_video': 0.0001, 'learning_rate_other': 0.001, 'weight_decay_bert': 0.001, 'weight_decay_audio': 0.01, 'weight_decay_video': 0.001, 'weight_decay_other': 0.001, 'a_lstm_hidden_size': 32, 'v_lstm_hidden_size': 64, 'a_lstm_layers': 1, 'v_lstm_layers': 1, 'text_out': 768, 'audio_out': 16, 'video_out': 32, 'a_lstm_dropout': 0.0, 'v_lstm_dropout': 0.0, 't_bert_dropout': 0.1, 'd_model': 128, 'fusion_layers': 3, 'heads': 4, 'learnable_pos_emb': False, 'emb_dropout': 0.0, 'attn_dropout': 0.2, 'ff_dropout': 0.1, 'ff_expansion': 4, 'mpu_share': True, 'modality_share': True, 'layer_share': True, 'attn_act_fn': 'tanh', 'gmc_tokens_pred_dim': 128, 'text_pred_dim': 256, 'audio_pred_dim': 8, 'video_pred_dim': 16, 'recon_loss': 'SmoothL1Loss', 'loss_attra_weight': 1, 'loss_recon_weight': 1, 'uncertainty_reg_weight': 0.1, 'uncertainty_reg_margin': 0.0001, 'post_fusion_dim': 256, 'post_fusion_dropout': 0.3, 'H': 3.0, 'cur_time': 3, 'model_save_path': 'results/mosi/emt-dlfr/run_once/models/emt-dlfr-mosi-regression-mr0.4-11111.pth', 'device': device(type='cuda', index=2), 'tasks': 'M'}>",<min/seed>,"(69.83, 11111)","(69.77, 11111)","(69.97, 11111)","(70.03, 11111)","(31.63, 11111)","(29.15, 11111)","(104.67, 111)","(50.35, 11111)","(130.6, 111)","(104.6, 111)"
2026-01-29_08-27-46,emt-dlfr,"<Storage{'need_task_scheduling': False, 'is_tune': False, 'train_mode': 'regression', 'modelName': 'emt-dlfr', 'datasetName': 'mosi', 'num_workers': 4, 'model_save_dir': 'results/mosi/emt-dlfr/run_once/models', 'res_save_dir': 'results/mosi/emt-dlfr/run_once/results', 'gpu_ids': [2], 'missing_rates': array([0. , 0.1, 0.2, 0.3, 0.4, 0.5, 0.6, 0.7, 0.8, 0.9, 1. ]), 'seed': 11111, 'num_seeds': 3, 'exp_name': 'moe-uncertainty', 'diff_missing': None, 'KeyEval': 'Loss', 'save_model': True, 'unified_missing': False, 'use_normalized_data': False, 'seeds': [111, 1111, 11111], 'missing_rate': (0.4, 0.4, 0.4), 'dataPath': '/mnt/HDD2/teng/Master-23/sjc/work2/EMT-DLFR-master-based/MMSA/Datasets/MOSI/Processed/unaligned_50.pkl', 'seq_lens': (50, 375, 500), 'feature_dims': (768, 5, 20), 'train_samples': 1284, 'num_classes': 3, 'language': 'en', 'missing_seed': (111, 1111, 11111), 'data_missing': True, 'deal_missing': False, 'need_data_aligned': False, 'need_model_aligned': False, 'need_normalized': False, 'use_bert': True, 'use_finetune': True, 'save_labels': False, 'early_stop': 8, 'update_epochs': 4, 'batch_size': 32, 'learning_rate_bert': 5e-05, 'learning_rate_audio': 0.001, 'learning_rate_video': 0.0001, 'learning_rate_other': 0.001, 'weight_decay_bert': 0.001, 'weight_decay_audio': 0.01, 'weight_decay_video': 0.001, 'weight_decay_other': 0.001, 'a_lstm_hidden_size': 32, 'v_lstm_hidden_size': 64, 'a_lstm_layers': 1, 'v_lstm_layers': 1, 'text_out': 768, 'audio_out': 16, 'video_out': 32, 'a_lstm_dropout': 0.0, 'v_lstm_dropout': 0.0, 't_bert_dropout': 0.1, 'd_model': 128, 'fusion_layers': 3, 'heads': 4, 'learnable_pos_emb': False, 'emb_dropout': 0.0, 'attn_dropout': 0.2, 'ff_dropout': 0.1, 'ff_expansion': 4, 'mpu_share': True, 'modality_share': True, 'layer_share': True, 'attn_act_fn': 'tanh', 'gmc_tokens_pred_dim': 128, 'text_pred_dim': 256, 'audio_pred_dim': 8, 'video_pred_dim': 16, 'recon_loss': 'SmoothL1Loss', 'loss_attra_weight': 1, 'loss_recon_weight': 1, 'post_fusion_dim': 256, 'post_fusion_dropout': 0.3, 'H': 3.0, 'cur_time': 3, 'model_save_path': 'results/mosi/emt-dlfr/run_once/models/emt-dlfr-mosi-regression-mr0.4-11111.pth', 'device': device(type='cuda', index=2), 'tasks': 'M'}>",111,72.01,72.09,72.41,72.57,35.28,31.2,104.41,55.38,131.39,104.07
2026-01-29_08-27-46,emt-dlfr,"<Storage{'need_task_scheduling': False, 'is_tune': False, 'train_mode': 'regression', 'modelName': 'emt-dlfr', 'datasetName': 'mosi', 'num_workers': 4, 'model_save_dir': 'results/mosi/emt-dlfr/run_once/models', 'res_save_dir': 'results/mosi/emt-dlfr/run_once/results', 'gpu_ids': [2], 'missing_rates': array([0. , 0.1, 0.2, 0.3, 0.4, 0.5, 0.6, 0.7, 0.8, 0.9, 1. ]), 'seed': 11111, 'num_seeds': 3, 'exp_name': 'moe-uncertainty', 'diff_missing': None, 'KeyEval': 'Loss', 'save_model': True, 'unified_missing': False, 'use_normalized_data': False, 'seeds': [111, 1111, 11111], 'missing_rate': (0.4, 0.4, 0.4), 'dataPath': '/mnt/HDD2/teng/Master-23/sjc/work2/EMT-DLFR-master-based/MMSA/Datasets/MOSI/Processed/unaligned_50.pkl', 'seq_lens': (50, 375, 500), 'feature_dims': (768, 5, 20), 'train_samples': 1284, 'num_classes': 3, 'language': 'en', 'missing_seed': (111, 1111, 11111), 'data_missing': True, 'deal_missing': False, 'need_data_aligned': False, 'need_model_aligned': False, 'need_normalized': False, 'use_bert': True, 'use_finetune': True, 'save_labels': False, 'early_stop': 8, 'update_epochs': 4, 'batch_size': 32, 'learning_rate_bert': 5e-05, 'learning_rate_audio': 0.001, 'learning_rate_video': 0.0001, 'learning_rate_other': 0.001, 'weight_decay_bert': 0.001, 'weight_decay_audio': 0.01, 'weight_decay_video': 0.001, 'weight_decay_other': 0.001, 'a_lstm_hidden_size': 32, 'v_lstm_hidden_size': 64, 'a_lstm_layers': 1, 'v_lstm_layers': 1, 'text_out': 768, 'audio_out': 16, 'video_out': 32, 'a_lstm_dropout': 0.0, 'v_lstm_dropout': 0.0, 't_bert_dropout': 0.1, 'd_model': 128, 'fusion_layers': 3, 'heads': 4, 'learnable_pos_emb': False, 'emb_dropout': 0.0, 'attn_dropout': 0.2, 'ff_dropout': 0.1, 'ff_expansion': 4, 'mpu_share': True, 'modality_share': True, 'layer_share': True, 'attn_act_fn': 'tanh', 'gmc_tokens_pred_dim': 128, 'text_pred_dim': 256, 'audio_pred_dim': 8, 'video_pred_dim': 16, 'recon_loss': 'SmoothL1Loss', 'loss_attra_weight': 1, 'loss_recon_weight': 1, 'post_fusion_dim': 256, 'post_fusion_dropout': 0.3, 'H': 3.0, 'cur_time': 3, 'model_save_path': 'results/mosi/emt-dlfr/run_once/models/emt-dlfr-mosi-regression-mr0.4-11111.pth', 'device': device(type='cuda', index=2), 'tasks': 'M'}>",1111,70.41,70.36,71.65,71.7,36.3,33.09,104.57,54.75,129.37,104.6
2026-01-29_08-27-46,emt-dlfr,"<Storage{'need_task_scheduling': False, 'is_tune': False, 'train_mode': 'regression', 'modelName': 'emt-dlfr', 'datasetName': 'mosi', 'num_workers': 4, 'model_save_dir': 'results/mosi/emt-dlfr/run_once/models', 'res_save_dir': 'results/mosi/emt-dlfr/run_once/results', 'gpu_ids': [2], 'missing_rates': array([0. , 0.1, 0.2, 0.3, 0.4, 0.5, 0.6, 0.7, 0.8, 0.9, 1. ]), 'seed': 11111, 'num_seeds': 3, 'exp_name': 'moe-uncertainty', 'diff_missing': None, 'KeyEval': 'Loss', 'save_model': True, 'unified_missing': False, 'use_normalized_data': False, 'seeds': [111, 1111, 11111], 'missing_rate': (0.4, 0.4, 0.4), 'dataPath': '/mnt/HDD2/teng/Master-23/sjc/work2/EMT-DLFR-master-based/MMSA/Datasets/MOSI/Processed/unaligned_50.pkl', 'seq_lens': (50, 375, 500), 'feature_dims': (768, 5, 20), 'train_samples': 1284, 'num_classes': 3, 'language': 'en', 'missing_seed': (111, 1111, 11111), 'data_missing': True, 'deal_missing': False, 'need_data_aligned': False, 'need_model_aligned': False, 'need_normalized': False, 'use_bert': True, 'use_finetune': True, 'save_labels': False, 'early_stop': 8, 'update_epochs': 4, 'batch_size': 32, 'learning_rate_bert': 5e-05, 'learning_rate_audio': 0.001, 'learning_rate_video': 0.0001, 'learning_rate_other': 0.001, 'weight_decay_bert': 0.001, 'weight_decay_audio': 0.01, 'weight_decay_video': 0.001, 'weight_decay_other': 0.001, 'a_lstm_hidden_size': 32, 'v_lstm_hidden_size': 64, 'a_lstm_layers': 1, 'v_lstm_layers': 1, 'text_out': 768, 'audio_out': 16, 'video_out': 32, 'a_lstm_dropout': 0.0, 'v_lstm_dropout': 0.0, 't_bert_dropout': 0.1, 'd_model': 128, 'fusion_layers': 3, 'heads': 4, 'learnable_pos_emb': False, 'emb_dropout': 0.0, 'attn_dropout': 0.2, 'ff_dropout': 0.1, 'ff_expansion': 4, 'mpu_share': True, 'modality_share': True, 'layer_share': True, 'attn_act_fn': 'tanh', 'gmc_tokens_pred_dim': 128, 'text_pred_dim': 256, 'audio_pred_dim': 8, 'video_pred_dim': 16, 'recon_loss': 'SmoothL1Loss', 'loss_attra_weight': 1, 'loss_recon_weight': 1, 'post_fusion_dim': 256, 'post_fusion_dropout': 0.3, 'H': 3.0, 'cur_time': 3, 'model_save_path': 'results/mosi/emt-dlfr/run_once/models/emt-dlfr-mosi-regression-mr0.4-11111.pth', 'device': device(type='cuda', index=2), 'tasks': 'M'}>",11111,72.16,72.23,72.87,73.02,28.28,25.66,113.47,52.08,141.02,114.39
2026-01-29_08-27-46,emt-dlfr,"<Storage{'need_task_scheduling': False, 'is_tune': False, 'train_mode': 'regression', 'modelName': 'emt-dlfr', 'datasetName': 'mosi', 'num_workers': 4, 'model_save_dir': 'results/mosi/emt-dlfr/run_once/models', 'res_save_dir': 'results/mosi/emt-dlfr/run_once/results', 'gpu_ids': [2], 'missing_rates': array([0. , 0.1, 0.2, 0.3, 0.4, 0.5, 0.6, 0.7, 0.8, 0.9, 1. ]), 'seed': 11111, 'num_seeds': 3, 'exp_name': 'moe-uncertainty', 'diff_missing': None, 'KeyEval': 'Loss', 'save_model': True, 'unified_missing': False, 'use_normalized_data': False, 'seeds': [111, 1111, 11111], 'missing_rate': (0.4, 0.4, 0.4), 'dataPath': '/mnt/HDD2/teng/Master-23/sjc/work2/EMT-DLFR-master-based/MMSA/Datasets/MOSI/Processed/unaligned_50.pkl', 'seq_lens': (50, 375, 500), 'feature_dims': (768, 5, 20), 'train_samples': 1284, 'num_classes': 3, 'language': 'en', 'missing_seed': (111, 1111, 11111), 'data_missing': True, 'deal_missing': False, 'need_data_aligned': False, 'need_model_aligned': False, 'need_normalized': False, 'use_bert': True, 'use_finetune': True, 'save_labels': False, 'early_stop': 8, 'update_epochs': 4, 'batch_size': 32, 'learning_rate_bert': 5e-05, 'learning_rate_audio': 0.001, 'learning_rate_video': 0.0001, 'learning_rate_other': 0.001, 'weight_decay_bert': 0.001, 'weight_decay_audio': 0.01, 'weight_decay_video': 0.001, 'weight_decay_other': 0.001, 'a_lstm_hidden_size': 32, 'v_lstm_hidden_size': 64, 'a_lstm_layers': 1, 'v_lstm_layers': 1, 'text_out': 768, 'audio_out': 16, 'video_out': 32, 'a_lstm_dropout': 0.0, 'v_lstm_dropout': 0.0, 't_bert_dropout': 0.1, 'd_model': 128, 'fusion_layers': 3, 'heads': 4, 'learnable_pos_emb': False, 'emb_dropout': 0.0, 'attn_dropout': 0.2, 'ff_dropout': 0.1, 'ff_expansion': 4, 'mpu_share': True, 'modality_share': True, 'layer_share': True, 'attn_act_fn': 'tanh', 'gmc_tokens_pred_dim': 128, 'text_pred_dim': 256, 'audio_pred_dim': 8, 'video_pred_dim': 16, 'recon_loss': 'SmoothL1Loss', 'loss_attra_weight': 1, 'loss_recon_weight': 1, 'post_fusion_dim': 256, 'post_fusion_dropout': 0.3, 'H': 3.0, 'cur_time': 3, 'model_save_path': 'results/mosi/emt-dlfr/run_once/models/emt-dlfr-mosi-regression-mr0.4-11111.pth', 'device': device(type='cuda', index=2), 'tasks': 'M'}>",<mean/std>,"(71.53, 0.79)","(71.56, 0.85)","(72.31, 0.5)","(72.43, 0.55)","(33.29, 3.56)","(29.98, 3.15)","(107.48, 4.23)","(54.07, 1.43)","(133.93, 5.08)","(107.69, 4.74)"
2026-01-29_08-27-46,emt-dlfr,"<Storage{'need_task_scheduling': False, 'is_tune': False, 'train_mode': 'regression', 'modelName': 'emt-dlfr', 'datasetName': 'mosi', 'num_workers': 4, 'model_save_dir': 'results/mosi/emt-dlfr/run_once/models', 'res_save_dir': 'results/mosi/emt-dlfr/run_once/results', 'gpu_ids': [2], 'missing_rates': array([0. , 0.1, 0.2, 0.3, 0.4, 0.5, 0.6, 0.7, 0.8, 0.9, 1. ]), 'seed': 11111, 'num_seeds': 3, 'exp_name': 'moe-uncertainty', 'diff_missing': None, 'KeyEval': 'Loss', 'save_model': True, 'unified_missing': False, 'use_normalized_data': False, 'seeds': [111, 1111, 11111], 'missing_rate': (0.4, 0.4, 0.4), 'dataPath': '/mnt/HDD2/teng/Master-23/sjc/work2/EMT-DLFR-master-based/MMSA/Datasets/MOSI/Processed/unaligned_50.pkl', 'seq_lens': (50, 375, 500), 'feature_dims': (768, 5, 20), 'train_samples': 1284, 'num_classes': 3, 'language': 'en', 'missing_seed': (111, 1111, 11111), 'data_missing': True, 'deal_missing': False, 'need_data_aligned': False, 'need_model_aligned': False, 'need_normalized': False, 'use_bert': True, 'use_finetune': True, 'save_labels': False, 'early_stop': 8, 'update_epochs': 4, 'batch_size': 32, 'learning_rate_bert': 5e-05, 'learning_rate_audio': 0.001, 'learning_rate_video': 0.0001, 'learning_rate_other': 0.001, 'weight_decay_bert': 0.001, 'weight_decay_audio': 0.01, 'weight_decay_video': 0.001, 'weight_decay_other': 0.001, 'a_lstm_hidden_size': 32, 'v_lstm_hidden_size': 64, 'a_lstm_layers': 1, 'v_lstm_layers': 1, 'text_out': 768, 'audio_out': 16, 'video_out': 32, 'a_lstm_dropout': 0.0, 'v_lstm_dropout': 0.0, 't_bert_dropout': 0.1, 'd_model': 128, 'fusion_layers': 3, 'heads': 4, 'learnable_pos_emb': False, 'emb_dropout': 0.0, 'attn_dropout': 0.2, 'ff_dropout': 0.1, 'ff_expansion': 4, 'mpu_share': True, 'modality_share': True, 'layer_share': True, 'attn_act_fn': 'tanh', 'gmc_tokens_pred_dim': 128, 'text_pred_dim': 256, 'audio_pred_dim': 8, 'video_pred_dim': 16, 'recon_loss': 'SmoothL1Loss', 'loss_attra_weight': 1, 'loss_recon_weight': 1, 'post_fusion_dim': 256, 'post_fusion_dropout': 0.3, 'H': 3.0, 'cur_time': 3, 'model_save_path': 'results/mosi/emt-dlfr/run_once/models/emt-dlfr-mosi-regression-mr0.4-11111.pth', 'device': device(type='cuda', index=2), 'tasks': 'M'}>",<max/seed>,"(72.16, 11111)","(72.23, 11111)","(72.87, 11111)","(73.02, 11111)","(36.3, 1111)","(33.09, 1111)","(113.47, 11111)","(55.38, 111)","(141.02, 11111)","(114.39, 11111)"
2026-01-29_08-27-46,emt-dlfr,"<Storage{'need_task_scheduling': False, 'is_tune': False, 'train_mode': 'regression', 'modelName': 'emt-dlfr', 'datasetName': 'mosi', 'num_workers': 4, 'model_save_dir': 'results/mosi/emt-dlfr/run_once/models', 'res_save_dir': 'results/mosi/emt-dlfr/run_once/results', 'gpu_ids': [2], 'missing_rates': array([0. , 0.1, 0.2, 0.3, 0.4, 0.5, 0.6, 0.7, 0.8, 0.9, 1. ]), 'seed': 11111, 'num_seeds': 3, 'exp_name': 'moe-uncertainty', 'diff_missing': None, 'KeyEval': 'Loss', 'save_model': True, 'unified_missing': False, 'use_normalized_data': False, 'seeds': [111, 1111, 11111], 'missing_rate': (0.4, 0.4, 0.4), 'dataPath': '/mnt/HDD2/teng/Master-23/sjc/work2/EMT-DLFR-master-based/MMSA/Datasets/MOSI/Processed/unaligned_50.pkl', 'seq_lens': (50, 375, 500), 'feature_dims': (768, 5, 20), 'train_samples': 1284, 'num_classes': 3, 'language': 'en', 'missing_seed': (111, 1111, 11111), 'data_missing': True, 'deal_missing': False, 'need_data_aligned': False, 'need_model_aligned': False, 'need_normalized': False, 'use_bert': True, 'use_finetune': True, 'save_labels': False, 'early_stop': 8, 'update_epochs': 4, 'batch_size': 32, 'learning_rate_bert': 5e-05, 'learning_rate_audio': 0.001, 'learning_rate_video': 0.0001, 'learning_rate_other': 0.001, 'weight_decay_bert': 0.001, 'weight_decay_audio': 0.01, 'weight_decay_video': 0.001, 'weight_decay_other': 0.001, 'a_lstm_hidden_size': 32, 'v_lstm_hidden_size': 64, 'a_lstm_layers': 1, 'v_lstm_layers': 1, 'text_out': 768, 'audio_out': 16, 'video_out': 32, 'a_lstm_dropout': 0.0, 'v_lstm_dropout': 0.0, 't_bert_dropout': 0.1, 'd_model': 128, 'fusion_layers': 3, 'heads': 4, 'learnable_pos_emb': False, 'emb_dropout': 0.0, 'attn_dropout': 0.2, 'ff_dropout': 0.1, 'ff_expansion': 4, 'mpu_share': True, 'modality_share': True, 'layer_share': True, 'attn_act_fn': 'tanh', 'gmc_tokens_pred_dim': 128, 'text_pred_dim': 256, 'audio_pred_dim': 8, 'video_pred_dim': 16, 'recon_loss': 'SmoothL1Loss', 'loss_attra_weight': 1, 'loss_recon_weight': 1, 'post_fusion_dim': 256, 'post_fusion_dropout': 0.3, 'H': 3.0, 'cur_time': 3, 'model_save_path': 'results/mosi/emt-dlfr/run_once/models/emt-dlfr-mosi-regression-mr0.4-11111.pth', 'device': device(type='cuda', index=2), 'tasks': 'M'}>",<min/seed>,"(70.41, 1111)","(70.36, 1111)","(71.65, 1111)","(71.7, 1111)","(28.28, 11111)","(25.66, 11111)","(104.41, 111)","(52.08, 11111)","(129.37, 1111)","(104.07, 111)"
2026-01-29_11-40-58,emt-dlfr,"<Storage{'need_task_scheduling': False, 'is_tune': False, 'train_mode': 'regression', 'modelName': 'emt-dlfr', 'datasetName': 'mosi', 'num_workers': 4, 'model_save_dir': 'results/mosi/emt-dlfr/run_once/models', 'res_save_dir': 'results/mosi/emt-dlfr/run_once/results', 'gpu_ids': [2], 'missing_rates': array([0. , 0.1, 0.2, 0.3, 0.4, 0.5, 0.6, 0.7, 0.8, 0.9, 1. ]), 'seed': 11111, 'num_seeds': 3, 'exp_name': 'moe-uncertainty', 'diff_missing': None, 'KeyEval': 'Loss', 'save_model': True, 'unified_missing': False, 'use_normalized_data': False, 'seeds': [111, 1111, 11111], 'missing_rate': (0.4, 0.4, 0.4), 'dataPath': '/mnt/HDD2/teng/Master-23/sjc/work2/EMT-DLFR-master-based/MMSA/Datasets/MOSI/Processed/unaligned_50.pkl', 'seq_lens': (50, 375, 500), 'feature_dims': (768, 5, 20), 'train_samples': 1284, 'num_classes': 3, 'language': 'en', 'missing_seed': (111, 1111, 11111), 'data_missing': True, 'deal_missing': False, 'need_data_aligned': False, 'need_model_aligned': False, 'need_normalized': False, 'use_bert': True, 'use_finetune': True, 'save_labels': False, 'early_stop': 8, 'update_epochs': 4, 'batch_size': 32, 'learning_rate_bert': 5e-05, 'learning_rate_audio': 0.001, 'learning_rate_video': 0.0001, 'learning_rate_other': 0.001, 'weight_decay_bert': 0.001, 'weight_decay_audio': 0.01, 'weight_decay_video': 0.001, 'weight_decay_other': 0.001, 'a_lstm_hidden_size': 32, 'v_lstm_hidden_size': 64, 'a_lstm_layers': 1, 'v_lstm_layers': 1, 'text_out': 768, 'audio_out': 16, 'video_out': 32, 'a_lstm_dropout': 0.0, 'v_lstm_dropout': 0.0, 't_bert_dropout': 0.1, 'd_model': 128, 'fusion_layers': 3, 'heads': 4, 'learnable_pos_emb': False, 'emb_dropout': 0.0, 'attn_dropout': 0.2, 'ff_dropout': 0.1, 'ff_expansion': 4, 'mpu_share': True, 'modality_share': True, 'layer_share': True, 'attn_act_fn': 'tanh', 'gmc_tokens_pred_dim': 128, 'text_pred_dim': 256, 'audio_pred_dim': 8, 'video_pred_dim': 16, 'recon_loss': 'SmoothL1Loss', 'loss_attra_weight': 1, 'loss_recon_weight': 0.5, 'post_fusion_dim': 256, 'post_fusion_dropout': 0.3, 'H': 3.0, 'cur_time': 3, 'model_save_path': 'results/mosi/emt-dlfr/run_once/models/emt-dlfr-mosi-regression-mr0.4-11111.pth', 'device': device(type='cuda', index=2), 'tasks': 'M'}>",111,72.01,72.09,72.41,72.57,35.28,31.2,104.41,55.38,131.39,104.07
2026-01-29_11-40-58,emt-dlfr,"<Storage{'need_task_scheduling': False, 'is_tune': False, 'train_mode': 'regression', 'modelName': 'emt-dlfr', 'datasetName': 'mosi', 'num_workers': 4, 'model_save_dir': 'results/mosi/emt-dlfr/run_once/models', 'res_save_dir': 'results/mosi/emt-dlfr/run_once/results', 'gpu_ids': [2], 'missing_rates': array([0. , 0.1, 0.2, 0.3, 0.4, 0.5, 0.6, 0.7, 0.8, 0.9, 1. ]), 'seed': 11111, 'num_seeds': 3, 'exp_name': 'moe-uncertainty', 'diff_missing': None, 'KeyEval': 'Loss', 'save_model': True, 'unified_missing': False, 'use_normalized_data': False, 'seeds': [111, 1111, 11111], 'missing_rate': (0.4, 0.4, 0.4), 'dataPath': '/mnt/HDD2/teng/Master-23/sjc/work2/EMT-DLFR-master-based/MMSA/Datasets/MOSI/Processed/unaligned_50.pkl', 'seq_lens': (50, 375, 500), 'feature_dims': (768, 5, 20), 'train_samples': 1284, 'num_classes': 3, 'language': 'en', 'missing_seed': (111, 1111, 11111), 'data_missing': True, 'deal_missing': False, 'need_data_aligned': False, 'need_model_aligned': False, 'need_normalized': False, 'use_bert': True, 'use_finetune': True, 'save_labels': False, 'early_stop': 8, 'update_epochs': 4, 'batch_size': 32, 'learning_rate_bert': 5e-05, 'learning_rate_audio': 0.001, 'learning_rate_video': 0.0001, 'learning_rate_other': 0.001, 'weight_decay_bert': 0.001, 'weight_decay_audio': 0.01, 'weight_decay_video': 0.001, 'weight_decay_other': 0.001, 'a_lstm_hidden_size': 32, 'v_lstm_hidden_size': 64, 'a_lstm_layers': 1, 'v_lstm_layers': 1, 'text_out': 768, 'audio_out': 16, 'video_out': 32, 'a_lstm_dropout': 0.0, 'v_lstm_dropout': 0.0, 't_bert_dropout': 0.1, 'd_model': 128, 'fusion_layers': 3, 'heads': 4, 'learnable_pos_emb': False, 'emb_dropout': 0.0, 'attn_dropout': 0.2, 'ff_dropout': 0.1, 'ff_expansion': 4, 'mpu_share': True, 'modality_share': True, 'layer_share': True, 'attn_act_fn': 'tanh', 'gmc_tokens_pred_dim': 128, 'text_pred_dim': 256, 'audio_pred_dim': 8, 'video_pred_dim': 16, 'recon_loss': 'SmoothL1Loss', 'loss_attra_weight': 1, 'loss_recon_weight': 0.5, 'post_fusion_dim': 256, 'post_fusion_dropout': 0.3, 'H': 3.0, 'cur_time': 3, 'model_save_path': 'results/mosi/emt-dlfr/run_once/models/emt-dlfr-mosi-regression-mr0.4-11111.pth', 'device': device(type='cuda', index=2), 'tasks': 'M'}>",1111,70.41,70.36,71.65,71.7,36.3,33.09,104.57,54.75,129.37,104.6
2026-01-29_11-40-58,emt-dlfr,"<Storage{'need_task_scheduling': False, 'is_tune': False, 'train_mode': 'regression', 'modelName': 'emt-dlfr', 'datasetName': 'mosi', 'num_workers': 4, 'model_save_dir': 'results/mosi/emt-dlfr/run_once/models', 'res_save_dir': 'results/mosi/emt-dlfr/run_once/results', 'gpu_ids': [2], 'missing_rates': array([0. , 0.1, 0.2, 0.3, 0.4, 0.5, 0.6, 0.7, 0.8, 0.9, 1. ]), 'seed': 11111, 'num_seeds': 3, 'exp_name': 'moe-uncertainty', 'diff_missing': None, 'KeyEval': 'Loss', 'save_model': True, 'unified_missing': False, 'use_normalized_data': False, 'seeds': [111, 1111, 11111], 'missing_rate': (0.4, 0.4, 0.4), 'dataPath': '/mnt/HDD2/teng/Master-23/sjc/work2/EMT-DLFR-master-based/MMSA/Datasets/MOSI/Processed/unaligned_50.pkl', 'seq_lens': (50, 375, 500), 'feature_dims': (768, 5, 20), 'train_samples': 1284, 'num_classes': 3, 'language': 'en', 'missing_seed': (111, 1111, 11111), 'data_missing': True, 'deal_missing': False, 'need_data_aligned': False, 'need_model_aligned': False, 'need_normalized': False, 'use_bert': True, 'use_finetune': True, 'save_labels': False, 'early_stop': 8, 'update_epochs': 4, 'batch_size': 32, 'learning_rate_bert': 5e-05, 'learning_rate_audio': 0.001, 'learning_rate_video': 0.0001, 'learning_rate_other': 0.001, 'weight_decay_bert': 0.001, 'weight_decay_audio': 0.01, 'weight_decay_video': 0.001, 'weight_decay_other': 0.001, 'a_lstm_hidden_size': 32, 'v_lstm_hidden_size': 64, 'a_lstm_layers': 1, 'v_lstm_layers': 1, 'text_out': 768, 'audio_out': 16, 'video_out': 32, 'a_lstm_dropout': 0.0, 'v_lstm_dropout': 0.0, 't_bert_dropout': 0.1, 'd_model': 128, 'fusion_layers': 3, 'heads': 4, 'learnable_pos_emb': False, 'emb_dropout': 0.0, 'attn_dropout': 0.2, 'ff_dropout': 0.1, 'ff_expansion': 4, 'mpu_share': True, 'modality_share': True, 'layer_share': True, 'attn_act_fn': 'tanh', 'gmc_tokens_pred_dim': 128, 'text_pred_dim': 256, 'audio_pred_dim': 8, 'video_pred_dim': 16, 'recon_loss': 'SmoothL1Loss', 'loss_attra_weight': 1, 'loss_recon_weight': 0.5, 'post_fusion_dim': 256, 'post_fusion_dropout': 0.3, 'H': 3.0, 'cur_time': 3, 'model_save_path': 'results/mosi/emt-dlfr/run_once/models/emt-dlfr-mosi-regression-mr0.4-11111.pth', 'device': device(type='cuda', index=2), 'tasks': 'M'}>",11111,72.16,72.23,72.87,73.02,28.28,25.66,113.47,52.08,141.02,114.39
2026-01-29_11-40-58,emt-dlfr,"<Storage{'need_task_scheduling': False, 'is_tune': False, 'train_mode': 'regression', 'modelName': 'emt-dlfr', 'datasetName': 'mosi', 'num_workers': 4, 'model_save_dir': 'results/mosi/emt-dlfr/run_once/models', 'res_save_dir': 'results/mosi/emt-dlfr/run_once/results', 'gpu_ids': [2], 'missing_rates': array([0. , 0.1, 0.2, 0.3, 0.4, 0.5, 0.6, 0.7, 0.8, 0.9, 1. ]), 'seed': 11111, 'num_seeds': 3, 'exp_name': 'moe-uncertainty', 'diff_missing': None, 'KeyEval': 'Loss', 'save_model': True, 'unified_missing': False, 'use_normalized_data': False, 'seeds': [111, 1111, 11111], 'missing_rate': (0.4, 0.4, 0.4), 'dataPath': '/mnt/HDD2/teng/Master-23/sjc/work2/EMT-DLFR-master-based/MMSA/Datasets/MOSI/Processed/unaligned_50.pkl', 'seq_lens': (50, 375, 500), 'feature_dims': (768, 5, 20), 'train_samples': 1284, 'num_classes': 3, 'language': 'en', 'missing_seed': (111, 1111, 11111), 'data_missing': True, 'deal_missing': False, 'need_data_aligned': False, 'need_model_aligned': False, 'need_normalized': False, 'use_bert': True, 'use_finetune': True, 'save_labels': False, 'early_stop': 8, 'update_epochs': 4, 'batch_size': 32, 'learning_rate_bert': 5e-05, 'learning_rate_audio': 0.001, 'learning_rate_video': 0.0001, 'learning_rate_other': 0.001, 'weight_decay_bert': 0.001, 'weight_decay_audio': 0.01, 'weight_decay_video': 0.001, 'weight_decay_other': 0.001, 'a_lstm_hidden_size': 32, 'v_lstm_hidden_size': 64, 'a_lstm_layers': 1, 'v_lstm_layers': 1, 'text_out': 768, 'audio_out': 16, 'video_out': 32, 'a_lstm_dropout': 0.0, 'v_lstm_dropout': 0.0, 't_bert_dropout': 0.1, 'd_model': 128, 'fusion_layers': 3, 'heads': 4, 'learnable_pos_emb': False, 'emb_dropout': 0.0, 'attn_dropout': 0.2, 'ff_dropout': 0.1, 'ff_expansion': 4, 'mpu_share': True, 'modality_share': True, 'layer_share': True, 'attn_act_fn': 'tanh', 'gmc_tokens_pred_dim': 128, 'text_pred_dim': 256, 'audio_pred_dim': 8, 'video_pred_dim': 16, 'recon_loss': 'SmoothL1Loss', 'loss_attra_weight': 1, 'loss_recon_weight': 0.5, 'post_fusion_dim': 256, 'post_fusion_dropout': 0.3, 'H': 3.0, 'cur_time': 3, 'model_save_path': 'results/mosi/emt-dlfr/run_once/models/emt-dlfr-mosi-regression-mr0.4-11111.pth', 'device': device(type='cuda', index=2), 'tasks': 'M'}>",<mean/std>,"(71.53, 0.79)","(71.56, 0.85)","(72.31, 0.5)","(72.43, 0.55)","(33.29, 3.56)","(29.98, 3.15)","(107.48, 4.23)","(54.07, 1.43)","(133.93, 5.08)","(107.69, 4.74)"
2026-01-29_11-40-58,emt-dlfr,"<Storage{'need_task_scheduling': False, 'is_tune': False, 'train_mode': 'regression', 'modelName': 'emt-dlfr', 'datasetName': 'mosi', 'num_workers': 4, 'model_save_dir': 'results/mosi/emt-dlfr/run_once/models', 'res_save_dir': 'results/mosi/emt-dlfr/run_once/results', 'gpu_ids': [2], 'missing_rates': array([0. , 0.1, 0.2, 0.3, 0.4, 0.5, 0.6, 0.7, 0.8, 0.9, 1. ]), 'seed': 11111, 'num_seeds': 3, 'exp_name': 'moe-uncertainty', 'diff_missing': None, 'KeyEval': 'Loss', 'save_model': True, 'unified_missing': False, 'use_normalized_data': False, 'seeds': [111, 1111, 11111], 'missing_rate': (0.4, 0.4, 0.4), 'dataPath': '/mnt/HDD2/teng/Master-23/sjc/work2/EMT-DLFR-master-based/MMSA/Datasets/MOSI/Processed/unaligned_50.pkl', 'seq_lens': (50, 375, 500), 'feature_dims': (768, 5, 20), 'train_samples': 1284, 'num_classes': 3, 'language': 'en', 'missing_seed': (111, 1111, 11111), 'data_missing': True, 'deal_missing': False, 'need_data_aligned': False, 'need_model_aligned': False, 'need_normalized': False, 'use_bert': True, 'use_finetune': True, 'save_labels': False, 'early_stop': 8, 'update_epochs': 4, 'batch_size': 32, 'learning_rate_bert': 5e-05, 'learning_rate_audio': 0.001, 'learning_rate_video': 0.0001, 'learning_rate_other': 0.001, 'weight_decay_bert': 0.001, 'weight_decay_audio': 0.01, 'weight_decay_video': 0.001, 'weight_decay_other': 0.001, 'a_lstm_hidden_size': 32, 'v_lstm_hidden_size': 64, 'a_lstm_layers': 1, 'v_lstm_layers': 1, 'text_out': 768, 'audio_out': 16, 'video_out': 32, 'a_lstm_dropout': 0.0, 'v_lstm_dropout': 0.0, 't_bert_dropout': 0.1, 'd_model': 128, 'fusion_layers': 3, 'heads': 4, 'learnable_pos_emb': False, 'emb_dropout': 0.0, 'attn_dropout': 0.2, 'ff_dropout': 0.1, 'ff_expansion': 4, 'mpu_share': True, 'modality_share': True, 'layer_share': True, 'attn_act_fn': 'tanh', 'gmc_tokens_pred_dim': 128, 'text_pred_dim': 256, 'audio_pred_dim': 8, 'video_pred_dim': 16, 'recon_loss': 'SmoothL1Loss', 'loss_attra_weight': 1, 'loss_recon_weight': 0.5, 'post_fusion_dim': 256, 'post_fusion_dropout': 0.3, 'H': 3.0, 'cur_time': 3, 'model_save_path': 'results/mosi/emt-dlfr/run_once/models/emt-dlfr-mosi-regression-mr0.4-11111.pth', 'device': device(type='cuda', index=2), 'tasks': 'M'}>",<max/seed>,"(72.16, 11111)","(72.23, 11111)","(72.87, 11111)","(73.02, 11111)","(36.3, 1111)","(33.09, 1111)","(113.47, 11111)","(55.38, 111)","(141.02, 11111)","(114.39, 11111)"
2026-01-29_11-40-58,emt-dlfr,"<Storage{'need_task_scheduling': False, 'is_tune': False, 'train_mode': 'regression', 'modelName': 'emt-dlfr', 'datasetName': 'mosi', 'num_workers': 4, 'model_save_dir': 'results/mosi/emt-dlfr/run_once/models', 'res_save_dir': 'results/mosi/emt-dlfr/run_once/results', 'gpu_ids': [2], 'missing_rates': array([0. , 0.1, 0.2, 0.3, 0.4, 0.5, 0.6, 0.7, 0.8, 0.9, 1. ]), 'seed': 11111, 'num_seeds': 3, 'exp_name': 'moe-uncertainty', 'diff_missing': None, 'KeyEval': 'Loss', 'save_model': True, 'unified_missing': False, 'use_normalized_data': False, 'seeds': [111, 1111, 11111], 'missing_rate': (0.4, 0.4, 0.4), 'dataPath': '/mnt/HDD2/teng/Master-23/sjc/work2/EMT-DLFR-master-based/MMSA/Datasets/MOSI/Processed/unaligned_50.pkl', 'seq_lens': (50, 375, 500), 'feature_dims': (768, 5, 20), 'train_samples': 1284, 'num_classes': 3, 'language': 'en', 'missing_seed': (111, 1111, 11111), 'data_missing': True, 'deal_missing': False, 'need_data_aligned': False, 'need_model_aligned': False, 'need_normalized': False, 'use_bert': True, 'use_finetune': True, 'save_labels': False, 'early_stop': 8, 'update_epochs': 4, 'batch_size': 32, 'learning_rate_bert': 5e-05, 'learning_rate_audio': 0.001, 'learning_rate_video': 0.0001, 'learning_rate_other': 0.001, 'weight_decay_bert': 0.001, 'weight_decay_audio': 0.01, 'weight_decay_video': 0.001, 'weight_decay_other': 0.001, 'a_lstm_hidden_size': 32, 'v_lstm_hidden_size': 64, 'a_lstm_layers': 1, 'v_lstm_layers': 1, 'text_out': 768, 'audio_out': 16, 'video_out': 32, 'a_lstm_dropout': 0.0, 'v_lstm_dropout': 0.0, 't_bert_dropout': 0.1, 'd_model': 128, 'fusion_layers': 3, 'heads': 4, 'learnable_pos_emb': False, 'emb_dropout': 0.0, 'attn_dropout': 0.2, 'ff_dropout': 0.1, 'ff_expansion': 4, 'mpu_share': True, 'modality_share': True, 'layer_share': True, 'attn_act_fn': 'tanh', 'gmc_tokens_pred_dim': 128, 'text_pred_dim': 256, 'audio_pred_dim': 8, 'video_pred_dim': 16, 'recon_loss': 'SmoothL1Loss', 'loss_attra_weight': 1, 'loss_recon_weight': 0.5, 'post_fusion_dim': 256, 'post_fusion_dropout': 0.3, 'H': 3.0, 'cur_time': 3, 'model_save_path': 'results/mosi/emt-dlfr/run_once/models/emt-dlfr-mosi-regression-mr0.4-11111.pth', 'device': device(type='cuda', index=2), 'tasks': 'M'}>",<min/seed>,"(70.41, 1111)","(70.36, 1111)","(71.65, 1111)","(71.7, 1111)","(28.28, 11111)","(25.66, 11111)","(104.41, 111)","(52.08, 11111)","(129.37, 1111)","(104.07, 111)"
2026-01-29_16-53-02,emt-dlfr,"<Storage{'need_task_scheduling': False, 'is_tune': False, 'train_mode': 'regression', 'modelName': 'emt-dlfr', 'datasetName': 'mosi', 'num_workers': 4, 'model_save_dir': 'results/mosi/emt-dlfr/run_once/models', 'res_save_dir': 'results/mosi/emt-dlfr/run_once/results', 'gpu_ids': [2], 'missing_rates': array([0. , 0.1, 0.2, 0.3, 0.4, 0.5, 0.6, 0.7, 0.8, 0.9, 1. ]), 'seed': 11111, 'num_seeds': 3, 'exp_name': 'moe-uncertainty', 'diff_missing': None, 'KeyEval': 'Loss', 'save_model': True, 'unified_missing': False, 'use_normalized_data': False, 'seeds': [111, 1111, 11111], 'missing_rate': (0.4, 0.4, 0.4), 'dataPath': '/mnt/HDD2/teng/Master-23/sjc/work2/EMT-DLFR-master-based/MMSA/Datasets/MOSI/Processed/unaligned_50.pkl', 'seq_lens': (50, 375, 500), 'feature_dims': (768, 5, 20), 'train_samples': 1284, 'num_classes': 3, 'language': 'en', 'missing_seed': (111, 1111, 11111), 'data_missing': True, 'deal_missing': False, 'need_data_aligned': False, 'need_model_aligned': False, 'need_normalized': False, 'use_bert': True, 'use_finetune': True, 'save_labels': False, 'early_stop': 8, 'update_epochs': 4, 'batch_size': 32, 'learning_rate_bert': 5e-05, 'learning_rate_audio': 0.001, 'learning_rate_video': 0.0001, 'learning_rate_other': 0.001, 'weight_decay_bert': 0.001, 'weight_decay_audio': 0.01, 'weight_decay_video': 0.001, 'weight_decay_other': 0.001, 'a_lstm_hidden_size': 32, 'v_lstm_hidden_size': 64, 'a_lstm_layers': 1, 'v_lstm_layers': 1, 'text_out': 768, 'audio_out': 16, 'video_out': 32, 'a_lstm_dropout': 0.0, 'v_lstm_dropout': 0.0, 't_bert_dropout': 0.1, 'd_model': 128, 'fusion_layers': 3, 'heads': 4, 'learnable_pos_emb': False, 'emb_dropout': 0.0, 'attn_dropout': 0.2, 'ff_dropout': 0.1, 'ff_expansion': 4, 'mpu_share': True, 'modality_share': True, 'layer_share': True, 'attn_act_fn': 'tanh', 'gmc_tokens_pred_dim': 128, 'text_pred_dim': 256, 'audio_pred_dim': 8, 'video_pred_dim': 16, 'recon_loss': 'SmoothL1Loss', 'loss_attra_weight': 1, 'loss_recon_weight': 0.1, 'post_fusion_dim': 256, 'post_fusion_dropout': 0.3, 'H': 3.0, 'cur_time': 3, 'model_save_path': 'results/mosi/emt-dlfr/run_once/models/emt-dlfr-mosi-regression-mr0.4-11111.pth', 'device': device(type='cuda', index=2), 'tasks': 'M'}>",111,72.01,72.09,72.41,72.57,35.28,31.2,104.41,55.38,131.39,104.07
2026-01-29_16-53-02,emt-dlfr,"<Storage{'need_task_scheduling': False, 'is_tune': False, 'train_mode': 'regression', 'modelName': 'emt-dlfr', 'datasetName': 'mosi', 'num_workers': 4, 'model_save_dir': 'results/mosi/emt-dlfr/run_once/models', 'res_save_dir': 'results/mosi/emt-dlfr/run_once/results', 'gpu_ids': [2], 'missing_rates': array([0. , 0.1, 0.2, 0.3, 0.4, 0.5, 0.6, 0.7, 0.8, 0.9, 1. ]), 'seed': 11111, 'num_seeds': 3, 'exp_name': 'moe-uncertainty', 'diff_missing': None, 'KeyEval': 'Loss', 'save_model': True, 'unified_missing': False, 'use_normalized_data': False, 'seeds': [111, 1111, 11111], 'missing_rate': (0.4, 0.4, 0.4), 'dataPath': '/mnt/HDD2/teng/Master-23/sjc/work2/EMT-DLFR-master-based/MMSA/Datasets/MOSI/Processed/unaligned_50.pkl', 'seq_lens': (50, 375, 500), 'feature_dims': (768, 5, 20), 'train_samples': 1284, 'num_classes': 3, 'language': 'en', 'missing_seed': (111, 1111, 11111), 'data_missing': True, 'deal_missing': False, 'need_data_aligned': False, 'need_model_aligned': False, 'need_normalized': False, 'use_bert': True, 'use_finetune': True, 'save_labels': False, 'early_stop': 8, 'update_epochs': 4, 'batch_size': 32, 'learning_rate_bert': 5e-05, 'learning_rate_audio': 0.001, 'learning_rate_video': 0.0001, 'learning_rate_other': 0.001, 'weight_decay_bert': 0.001, 'weight_decay_audio': 0.01, 'weight_decay_video': 0.001, 'weight_decay_other': 0.001, 'a_lstm_hidden_size': 32, 'v_lstm_hidden_size': 64, 'a_lstm_layers': 1, 'v_lstm_layers': 1, 'text_out': 768, 'audio_out': 16, 'video_out': 32, 'a_lstm_dropout': 0.0, 'v_lstm_dropout': 0.0, 't_bert_dropout': 0.1, 'd_model': 128, 'fusion_layers': 3, 'heads': 4, 'learnable_pos_emb': False, 'emb_dropout': 0.0, 'attn_dropout': 0.2, 'ff_dropout': 0.1, 'ff_expansion': 4, 'mpu_share': True, 'modality_share': True, 'layer_share': True, 'attn_act_fn': 'tanh', 'gmc_tokens_pred_dim': 128, 'text_pred_dim': 256, 'audio_pred_dim': 8, 'video_pred_dim': 16, 'recon_loss': 'SmoothL1Loss', 'loss_attra_weight': 1, 'loss_recon_weight': 0.1, 'post_fusion_dim': 256, 'post_fusion_dropout': 0.3, 'H': 3.0, 'cur_time': 3, 'model_save_path': 'results/mosi/emt-dlfr/run_once/models/emt-dlfr-mosi-regression-mr0.4-11111.pth', 'device': device(type='cuda', index=2), 'tasks': 'M'}>",1111,70.41,70.36,71.65,71.7,36.3,33.09,104.57,54.75,129.37,104.6
2026-01-29_16-53-02,emt-dlfr,"<Storage{'need_task_scheduling': False, 'is_tune': False, 'train_mode': 'regression', 'modelName': 'emt-dlfr', 'datasetName': 'mosi', 'num_workers': 4, 'model_save_dir': 'results/mosi/emt-dlfr/run_once/models', 'res_save_dir': 'results/mosi/emt-dlfr/run_once/results', 'gpu_ids': [2], 'missing_rates': array([0. , 0.1, 0.2, 0.3, 0.4, 0.5, 0.6, 0.7, 0.8, 0.9, 1. ]), 'seed': 11111, 'num_seeds': 3, 'exp_name': 'moe-uncertainty', 'diff_missing': None, 'KeyEval': 'Loss', 'save_model': True, 'unified_missing': False, 'use_normalized_data': False, 'seeds': [111, 1111, 11111], 'missing_rate': (0.4, 0.4, 0.4), 'dataPath': '/mnt/HDD2/teng/Master-23/sjc/work2/EMT-DLFR-master-based/MMSA/Datasets/MOSI/Processed/unaligned_50.pkl', 'seq_lens': (50, 375, 500), 'feature_dims': (768, 5, 20), 'train_samples': 1284, 'num_classes': 3, 'language': 'en', 'missing_seed': (111, 1111, 11111), 'data_missing': True, 'deal_missing': False, 'need_data_aligned': False, 'need_model_aligned': False, 'need_normalized': False, 'use_bert': True, 'use_finetune': True, 'save_labels': False, 'early_stop': 8, 'update_epochs': 4, 'batch_size': 32, 'learning_rate_bert': 5e-05, 'learning_rate_audio': 0.001, 'learning_rate_video': 0.0001, 'learning_rate_other': 0.001, 'weight_decay_bert': 0.001, 'weight_decay_audio': 0.01, 'weight_decay_video': 0.001, 'weight_decay_other': 0.001, 'a_lstm_hidden_size': 32, 'v_lstm_hidden_size': 64, 'a_lstm_layers': 1, 'v_lstm_layers': 1, 'text_out': 768, 'audio_out': 16, 'video_out': 32, 'a_lstm_dropout': 0.0, 'v_lstm_dropout': 0.0, 't_bert_dropout': 0.1, 'd_model': 128, 'fusion_layers': 3, 'heads': 4, 'learnable_pos_emb': False, 'emb_dropout': 0.0, 'attn_dropout': 0.2, 'ff_dropout': 0.1, 'ff_expansion': 4, 'mpu_share': True, 'modality_share': True, 'layer_share': True, 'attn_act_fn': 'tanh', 'gmc_tokens_pred_dim': 128, 'text_pred_dim': 256, 'audio_pred_dim': 8, 'video_pred_dim': 16, 'recon_loss': 'SmoothL1Loss', 'loss_attra_weight': 1, 'loss_recon_weight': 0.1, 'post_fusion_dim': 256, 'post_fusion_dropout': 0.3, 'H': 3.0, 'cur_time': 3, 'model_save_path': 'results/mosi/emt-dlfr/run_once/models/emt-dlfr-mosi-regression-mr0.4-11111.pth', 'device': device(type='cuda', index=2), 'tasks': 'M'}>",11111,72.16,72.23,72.87,73.02,28.28,25.66,113.47,52.08,141.02,114.39
2026-01-29_16-53-02,emt-dlfr,"<Storage{'need_task_scheduling': False, 'is_tune': False, 'train_mode': 'regression', 'modelName': 'emt-dlfr', 'datasetName': 'mosi', 'num_workers': 4, 'model_save_dir': 'results/mosi/emt-dlfr/run_once/models', 'res_save_dir': 'results/mosi/emt-dlfr/run_once/results', 'gpu_ids': [2], 'missing_rates': array([0. , 0.1, 0.2, 0.3, 0.4, 0.5, 0.6, 0.7, 0.8, 0.9, 1. ]), 'seed': 11111, 'num_seeds': 3, 'exp_name': 'moe-uncertainty', 'diff_missing': None, 'KeyEval': 'Loss', 'save_model': True, 'unified_missing': False, 'use_normalized_data': False, 'seeds': [111, 1111, 11111], 'missing_rate': (0.4, 0.4, 0.4), 'dataPath': '/mnt/HDD2/teng/Master-23/sjc/work2/EMT-DLFR-master-based/MMSA/Datasets/MOSI/Processed/unaligned_50.pkl', 'seq_lens': (50, 375, 500), 'feature_dims': (768, 5, 20), 'train_samples': 1284, 'num_classes': 3, 'language': 'en', 'missing_seed': (111, 1111, 11111), 'data_missing': True, 'deal_missing': False, 'need_data_aligned': False, 'need_model_aligned': False, 'need_normalized': False, 'use_bert': True, 'use_finetune': True, 'save_labels': False, 'early_stop': 8, 'update_epochs': 4, 'batch_size': 32, 'learning_rate_bert': 5e-05, 'learning_rate_audio': 0.001, 'learning_rate_video': 0.0001, 'learning_rate_other': 0.001, 'weight_decay_bert': 0.001, 'weight_decay_audio': 0.01, 'weight_decay_video': 0.001, 'weight_decay_other': 0.001, 'a_lstm_hidden_size': 32, 'v_lstm_hidden_size': 64, 'a_lstm_layers': 1, 'v_lstm_layers': 1, 'text_out': 768, 'audio_out': 16, 'video_out': 32, 'a_lstm_dropout': 0.0, 'v_lstm_dropout': 0.0, 't_bert_dropout': 0.1, 'd_model': 128, 'fusion_layers': 3, 'heads': 4, 'learnable_pos_emb': False, 'emb_dropout': 0.0, 'attn_dropout': 0.2, 'ff_dropout': 0.1, 'ff_expansion': 4, 'mpu_share': True, 'modality_share': True, 'layer_share': True, 'attn_act_fn': 'tanh', 'gmc_tokens_pred_dim': 128, 'text_pred_dim': 256, 'audio_pred_dim': 8, 'video_pred_dim': 16, 'recon_loss': 'SmoothL1Loss', 'loss_attra_weight': 1, 'loss_recon_weight': 0.1, 'post_fusion_dim': 256, 'post_fusion_dropout': 0.3, 'H': 3.0, 'cur_time': 3, 'model_save_path': 'results/mosi/emt-dlfr/run_once/models/emt-dlfr-mosi-regression-mr0.4-11111.pth', 'device': device(type='cuda', index=2), 'tasks': 'M'}>",<mean/std>,"(71.53, 0.79)","(71.56, 0.85)","(72.31, 0.5)","(72.43, 0.55)","(33.29, 3.56)","(29.98, 3.15)","(107.48, 4.23)","(54.07, 1.43)","(133.93, 5.08)","(107.69, 4.74)"
2026-01-29_16-53-02,emt-dlfr,"<Storage{'need_task_scheduling': False, 'is_tune': False, 'train_mode': 'regression', 'modelName': 'emt-dlfr', 'datasetName': 'mosi', 'num_workers': 4, 'model_save_dir': 'results/mosi/emt-dlfr/run_once/models', 'res_save_dir': 'results/mosi/emt-dlfr/run_once/results', 'gpu_ids': [2], 'missing_rates': array([0. , 0.1, 0.2, 0.3, 0.4, 0.5, 0.6, 0.7, 0.8, 0.9, 1. ]), 'seed': 11111, 'num_seeds': 3, 'exp_name': 'moe-uncertainty', 'diff_missing': None, 'KeyEval': 'Loss', 'save_model': True, 'unified_missing': False, 'use_normalized_data': False, 'seeds': [111, 1111, 11111], 'missing_rate': (0.4, 0.4, 0.4), 'dataPath': '/mnt/HDD2/teng/Master-23/sjc/work2/EMT-DLFR-master-based/MMSA/Datasets/MOSI/Processed/unaligned_50.pkl', 'seq_lens': (50, 375, 500), 'feature_dims': (768, 5, 20), 'train_samples': 1284, 'num_classes': 3, 'language': 'en', 'missing_seed': (111, 1111, 11111), 'data_missing': True, 'deal_missing': False, 'need_data_aligned': False, 'need_model_aligned': False, 'need_normalized': False, 'use_bert': True, 'use_finetune': True, 'save_labels': False, 'early_stop': 8, 'update_epochs': 4, 'batch_size': 32, 'learning_rate_bert': 5e-05, 'learning_rate_audio': 0.001, 'learning_rate_video': 0.0001, 'learning_rate_other': 0.001, 'weight_decay_bert': 0.001, 'weight_decay_audio': 0.01, 'weight_decay_video': 0.001, 'weight_decay_other': 0.001, 'a_lstm_hidden_size': 32, 'v_lstm_hidden_size': 64, 'a_lstm_layers': 1, 'v_lstm_layers': 1, 'text_out': 768, 'audio_out': 16, 'video_out': 32, 'a_lstm_dropout': 0.0, 'v_lstm_dropout': 0.0, 't_bert_dropout': 0.1, 'd_model': 128, 'fusion_layers': 3, 'heads': 4, 'learnable_pos_emb': False, 'emb_dropout': 0.0, 'attn_dropout': 0.2, 'ff_dropout': 0.1, 'ff_expansion': 4, 'mpu_share': True, 'modality_share': True, 'layer_share': True, 'attn_act_fn': 'tanh', 'gmc_tokens_pred_dim': 128, 'text_pred_dim': 256, 'audio_pred_dim': 8, 'video_pred_dim': 16, 'recon_loss': 'SmoothL1Loss', 'loss_attra_weight': 1, 'loss_recon_weight': 0.1, 'post_fusion_dim': 256, 'post_fusion_dropout': 0.3, 'H': 3.0, 'cur_time': 3, 'model_save_path': 'results/mosi/emt-dlfr/run_once/models/emt-dlfr-mosi-regression-mr0.4-11111.pth', 'device': device(type='cuda', index=2), 'tasks': 'M'}>",<max/seed>,"(72.16, 11111)","(72.23, 11111)","(72.87, 11111)","(73.02, 11111)","(36.3, 1111)","(33.09, 1111)","(113.47, 11111)","(55.38, 111)","(141.02, 11111)","(114.39, 11111)"
2026-01-29_16-53-02,emt-dlfr,"<Storage{'need_task_scheduling': False, 'is_tune': False, 'train_mode': 'regression', 'modelName': 'emt-dlfr', 'datasetName': 'mosi', 'num_workers': 4, 'model_save_dir': 'results/mosi/emt-dlfr/run_once/models', 'res_save_dir': 'results/mosi/emt-dlfr/run_once/results', 'gpu_ids': [2], 'missing_rates': array([0. , 0.1, 0.2, 0.3, 0.4, 0.5, 0.6, 0.7, 0.8, 0.9, 1. ]), 'seed': 11111, 'num_seeds': 3, 'exp_name': 'moe-uncertainty', 'diff_missing': None, 'KeyEval': 'Loss', 'save_model': True, 'unified_missing': False, 'use_normalized_data': False, 'seeds': [111, 1111, 11111], 'missing_rate': (0.4, 0.4, 0.4), 'dataPath': '/mnt/HDD2/teng/Master-23/sjc/work2/EMT-DLFR-master-based/MMSA/Datasets/MOSI/Processed/unaligned_50.pkl', 'seq_lens': (50, 375, 500), 'feature_dims': (768, 5, 20), 'train_samples': 1284, 'num_classes': 3, 'language': 'en', 'missing_seed': (111, 1111, 11111), 'data_missing': True, 'deal_missing': False, 'need_data_aligned': False, 'need_model_aligned': False, 'need_normalized': False, 'use_bert': True, 'use_finetune': True, 'save_labels': False, 'early_stop': 8, 'update_epochs': 4, 'batch_size': 32, 'learning_rate_bert': 5e-05, 'learning_rate_audio': 0.001, 'learning_rate_video': 0.0001, 'learning_rate_other': 0.001, 'weight_decay_bert': 0.001, 'weight_decay_audio': 0.01, 'weight_decay_video': 0.001, 'weight_decay_other': 0.001, 'a_lstm_hidden_size': 32, 'v_lstm_hidden_size': 64, 'a_lstm_layers': 1, 'v_lstm_layers': 1, 'text_out': 768, 'audio_out': 16, 'video_out': 32, 'a_lstm_dropout': 0.0, 'v_lstm_dropout': 0.0, 't_bert_dropout': 0.1, 'd_model': 128, 'fusion_layers': 3, 'heads': 4, 'learnable_pos_emb': False, 'emb_dropout': 0.0, 'attn_dropout': 0.2, 'ff_dropout': 0.1, 'ff_expansion': 4, 'mpu_share': True, 'modality_share': True, 'layer_share': True, 'attn_act_fn': 'tanh', 'gmc_tokens_pred_dim': 128, 'text_pred_dim': 256, 'audio_pred_dim': 8, 'video_pred_dim': 16, 'recon_loss': 'SmoothL1Loss', 'loss_attra_weight': 1, 'loss_recon_weight': 0.1, 'post_fusion_dim': 256, 'post_fusion_dropout': 0.3, 'H': 3.0, 'cur_time': 3, 'model_save_path': 'results/mosi/emt-dlfr/run_once/models/emt-dlfr-mosi-regression-mr0.4-11111.pth', 'device': device(type='cuda', index=2), 'tasks': 'M'}>",<min/seed>,"(70.41, 1111)","(70.36, 1111)","(71.65, 1111)","(71.7, 1111)","(28.28, 11111)","(25.66, 11111)","(104.41, 111)","(52.08, 11111)","(129.37, 1111)","(104.07, 111)"
2026-01-30_01-41-43,emt-dlfr,"<Storage{'need_task_scheduling': False, 'is_tune': False, 'train_mode': 'regression', 'modelName': 'emt-dlfr', 'datasetName': 'mosi', 'num_workers': 4, 'model_save_dir': 'results/mosi/emt-dlfr/run_once/models', 'res_save_dir': 'results/mosi/emt-dlfr/run_once/results', 'gpu_ids': [2], 'missing_rates': array([0. , 0.1, 0.2, 0.3, 0.4, 0.5, 0.6, 0.7, 0.8, 0.9, 1. ]), 'seed': 11111, 'num_seeds': 3, 'exp_name': 'moe-uncertainty', 'diff_missing': None, 'KeyEval': 'Loss', 'save_model': True, 'unified_missing': False, 'use_normalized_data': False, 'seeds': [111, 1111, 11111], 'missing_rate': (0.4, 0.4, 0.4), 'dataPath': '/mnt/HDD2/teng/Master-23/sjc/work2/EMT-DLFR-master-based/MMSA/Datasets/MOSI/Processed/unaligned_50.pkl', 'seq_lens': (50, 375, 500), 'feature_dims': (768, 5, 20), 'train_samples': 1284, 'num_classes': 3, 'language': 'en', 'missing_seed': (111, 1111, 11111), 'data_missing': True, 'deal_missing': False, 'need_data_aligned': False, 'need_model_aligned': False, 'need_normalized': False, 'use_bert': True, 'use_finetune': True, 'save_labels': False, 'early_stop': 8, 'update_epochs': 4, 'batch_size': 32, 'learning_rate_bert': 5e-05, 'learning_rate_audio': 0.001, 'learning_rate_video': 0.0001, 'learning_rate_other': 0.001, 'weight_decay_bert': 0.001, 'weight_decay_audio': 0.01, 'weight_decay_video': 0.001, 'weight_decay_other': 0.001, 'a_lstm_hidden_size': 32, 'v_lstm_hidden_size': 64, 'a_lstm_layers': 1, 'v_lstm_layers': 1, 'text_out': 768, 'audio_out': 16, 'video_out': 32, 'a_lstm_dropout': 0.0, 'v_lstm_dropout': 0.0, 't_bert_dropout': 0.1, 'd_model': 128, 'fusion_layers': 3, 'heads': 4, 'learnable_pos_emb': False, 'emb_dropout': 0.0, 'attn_dropout': 0.2, 'ff_dropout': 0.1, 'ff_expansion': 4, 'mpu_share': True, 'modality_share': True, 'layer_share': True, 'attn_act_fn': 'tanh', 'gmc_tokens_pred_dim': 128, 'text_pred_dim': 256, 'audio_pred_dim': 8, 'video_pred_dim': 16, 'recon_loss': 'SmoothL1Loss', 'loss_attra_weight': 1, 'loss_recon_weight': 0.5, 'post_fusion_dim': 256, 'post_fusion_dropout': 0.3, 'H': 3.0, 'cur_time': 3, 'model_save_path': 'results/mosi/emt-dlfr/run_once/models/emt-dlfr-mosi-regression-mr0.4-11111.pth', 'device': device(type='cuda', index=2), 'tasks': 'M'}>",111,73.18,73.2,73.93,74.03,37.17,32.65,103.88,55.81,117.36,103.55
2026-01-30_01-41-43,emt-dlfr,"<Storage{'need_task_scheduling': False, 'is_tune': False, 'train_mode': 'regression', 'modelName': 'emt-dlfr', 'datasetName': 'mosi', 'num_workers': 4, 'model_save_dir': 'results/mosi/emt-dlfr/run_once/models', 'res_save_dir': 'results/mosi/emt-dlfr/run_once/results', 'gpu_ids': [2], 'missing_rates': array([0. , 0.1, 0.2, 0.3, 0.4, 0.5, 0.6, 0.7, 0.8, 0.9, 1. ]), 'seed': 11111, 'num_seeds': 3, 'exp_name': 'moe-uncertainty', 'diff_missing': None, 'KeyEval': 'Loss', 'save_model': True, 'unified_missing': False, 'use_normalized_data': False, 'seeds': [111, 1111, 11111], 'missing_rate': (0.4, 0.4, 0.4), 'dataPath': '/mnt/HDD2/teng/Master-23/sjc/work2/EMT-DLFR-master-based/MMSA/Datasets/MOSI/Processed/unaligned_50.pkl', 'seq_lens': (50, 375, 500), 'feature_dims': (768, 5, 20), 'train_samples': 1284, 'num_classes': 3, 'language': 'en', 'missing_seed': (111, 1111, 11111), 'data_missing': True, 'deal_missing': False, 'need_data_aligned': False, 'need_model_aligned': False, 'need_normalized': False, 'use_bert': True, 'use_finetune': True, 'save_labels': False, 'early_stop': 8, 'update_epochs': 4, 'batch_size': 32, 'learning_rate_bert': 5e-05, 'learning_rate_audio': 0.001, 'learning_rate_video': 0.0001, 'learning_rate_other': 0.001, 'weight_decay_bert': 0.001, 'weight_decay_audio': 0.01, 'weight_decay_video': 0.001, 'weight_decay_other': 0.001, 'a_lstm_hidden_size': 32, 'v_lstm_hidden_size': 64, 'a_lstm_layers': 1, 'v_lstm_layers': 1, 'text_out': 768, 'audio_out': 16, 'video_out': 32, 'a_lstm_dropout': 0.0, 'v_lstm_dropout': 0.0, 't_bert_dropout': 0.1, 'd_model': 128, 'fusion_layers': 3, 'heads': 4, 'learnable_pos_emb': False, 'emb_dropout': 0.0, 'attn_dropout': 0.2, 'ff_dropout': 0.1, 'ff_expansion': 4, 'mpu_share': True, 'modality_share': True, 'layer_share': True, 'attn_act_fn': 'tanh', 'gmc_tokens_pred_dim': 128, 'text_pred_dim': 256, 'audio_pred_dim': 8, 'video_pred_dim': 16, 'recon_loss': 'SmoothL1Loss', 'loss_attra_weight': 1, 'loss_recon_weight': 0.5, 'post_fusion_dim': 256, 'post_fusion_dropout': 0.3, 'H': 3.0, 'cur_time': 3, 'model_save_path': 'results/mosi/emt-dlfr/run_once/models/emt-dlfr-mosi-regression-mr0.4-11111.pth', 'device': device(type='cuda', index=2), 'tasks': 'M'}>",1111,72.3,72.33,71.95,72.1,34.4,30.61,107.2,55.51,119.28,106.27
2026-01-30_01-41-43,emt-dlfr,"<Storage{'need_task_scheduling': False, 'is_tune': False, 'train_mode': 'regression', 'modelName': 'emt-dlfr', 'datasetName': 'mosi', 'num_workers': 4, 'model_save_dir': 'results/mosi/emt-dlfr/run_once/models', 'res_save_dir': 'results/mosi/emt-dlfr/run_once/results', 'gpu_ids': [2], 'missing_rates': array([0. , 0.1, 0.2, 0.3, 0.4, 0.5, 0.6, 0.7, 0.8, 0.9, 1. ]), 'seed': 11111, 'num_seeds': 3, 'exp_name': 'moe-uncertainty', 'diff_missing': None, 'KeyEval': 'Loss', 'save_model': True, 'unified_missing': False, 'use_normalized_data': False, 'seeds': [111, 1111, 11111], 'missing_rate': (0.4, 0.4, 0.4), 'dataPath': '/mnt/HDD2/teng/Master-23/sjc/work2/EMT-DLFR-master-based/MMSA/Datasets/MOSI/Processed/unaligned_50.pkl', 'seq_lens': (50, 375, 500), 'feature_dims': (768, 5, 20), 'train_samples': 1284, 'num_classes': 3, 'language': 'en', 'missing_seed': (111, 1111, 11111), 'data_missing': True, 'deal_missing': False, 'need_data_aligned': False, 'need_model_aligned': False, 'need_normalized': False, 'use_bert': True, 'use_finetune': True, 'save_labels': False, 'early_stop': 8, 'update_epochs': 4, 'batch_size': 32, 'learning_rate_bert': 5e-05, 'learning_rate_audio': 0.001, 'learning_rate_video': 0.0001, 'learning_rate_other': 0.001, 'weight_decay_bert': 0.001, 'weight_decay_audio': 0.01, 'weight_decay_video': 0.001, 'weight_decay_other': 0.001, 'a_lstm_hidden_size': 32, 'v_lstm_hidden_size': 64, 'a_lstm_layers': 1, 'v_lstm_layers': 1, 'text_out': 768, 'audio_out': 16, 'video_out': 32, 'a_lstm_dropout': 0.0, 'v_lstm_dropout': 0.0, 't_bert_dropout': 0.1, 'd_model': 128, 'fusion_layers': 3, 'heads': 4, 'learnable_pos_emb': False, 'emb_dropout': 0.0, 'attn_dropout': 0.2, 'ff_dropout': 0.1, 'ff_expansion': 4, 'mpu_share': True, 'modality_share': True, 'layer_share': True, 'attn_act_fn': 'tanh', 'gmc_tokens_pred_dim': 128, 'text_pred_dim': 256, 'audio_pred_dim': 8, 'video_pred_dim': 16, 'recon_loss': 'SmoothL1Loss', 'loss_attra_weight': 1, 'loss_recon_weight': 0.5, 'post_fusion_dim': 256, 'post_fusion_dropout': 0.3, 'H': 3.0, 'cur_time': 3, 'model_save_path': 'results/mosi/emt-dlfr/run_once/models/emt-dlfr-mosi-regression-mr0.4-11111.pth', 'device': device(type='cuda', index=2), 'tasks': 'M'}>",11111,74.2,74.19,74.85,74.9,36.59,32.07,102.72,56.03,115.43,102.18
2026-01-30_01-41-43,emt-dlfr,"<Storage{'need_task_scheduling': False, 'is_tune': False, 'train_mode': 'regression', 'modelName': 'emt-dlfr', 'datasetName': 'mosi', 'num_workers': 4, 'model_save_dir': 'results/mosi/emt-dlfr/run_once/models', 'res_save_dir': 'results/mosi/emt-dlfr/run_once/results', 'gpu_ids': [2], 'missing_rates': array([0. , 0.1, 0.2, 0.3, 0.4, 0.5, 0.6, 0.7, 0.8, 0.9, 1. ]), 'seed': 11111, 'num_seeds': 3, 'exp_name': 'moe-uncertainty', 'diff_missing': None, 'KeyEval': 'Loss', 'save_model': True, 'unified_missing': False, 'use_normalized_data': False, 'seeds': [111, 1111, 11111], 'missing_rate': (0.4, 0.4, 0.4), 'dataPath': '/mnt/HDD2/teng/Master-23/sjc/work2/EMT-DLFR-master-based/MMSA/Datasets/MOSI/Processed/unaligned_50.pkl', 'seq_lens': (50, 375, 500), 'feature_dims': (768, 5, 20), 'train_samples': 1284, 'num_classes': 3, 'language': 'en', 'missing_seed': (111, 1111, 11111), 'data_missing': True, 'deal_missing': False, 'need_data_aligned': False, 'need_model_aligned': False, 'need_normalized': False, 'use_bert': True, 'use_finetune': True, 'save_labels': False, 'early_stop': 8, 'update_epochs': 4, 'batch_size': 32, 'learning_rate_bert': 5e-05, 'learning_rate_audio': 0.001, 'learning_rate_video': 0.0001, 'learning_rate_other': 0.001, 'weight_decay_bert': 0.001, 'weight_decay_audio': 0.01, 'weight_decay_video': 0.001, 'weight_decay_other': 0.001, 'a_lstm_hidden_size': 32, 'v_lstm_hidden_size': 64, 'a_lstm_layers': 1, 'v_lstm_layers': 1, 'text_out': 768, 'audio_out': 16, 'video_out': 32, 'a_lstm_dropout': 0.0, 'v_lstm_dropout': 0.0, 't_bert_dropout': 0.1, 'd_model': 128, 'fusion_layers': 3, 'heads': 4, 'learnable_pos_emb': False, 'emb_dropout': 0.0, 'attn_dropout': 0.2, 'ff_dropout': 0.1, 'ff_expansion': 4, 'mpu_share': True, 'modality_share': True, 'layer_share': True, 'attn_act_fn': 'tanh', 'gmc_tokens_pred_dim': 128, 'text_pred_dim': 256, 'audio_pred_dim': 8, 'video_pred_dim': 16, 'recon_loss': 'SmoothL1Loss', 'loss_attra_weight': 1, 'loss_recon_weight': 0.5, 'post_fusion_dim': 256, 'post_fusion_dropout': 0.3, 'H': 3.0, 'cur_time': 3, 'model_save_path': 'results/mosi/emt-dlfr/run_once/models/emt-dlfr-mosi-regression-mr0.4-11111.pth', 'device': device(type='cuda', index=2), 'tasks': 'M'}>",<mean/std>,"(73.23, 0.78)","(73.24, 0.76)","(73.58, 1.21)","(73.68, 1.17)","(36.05, 1.19)","(31.78, 0.86)","(104.6, 1.9)","(55.78, 0.21)","(117.36, 1.57)","(104.0, 1.7)"
2026-01-30_01-41-43,emt-dlfr,"<Storage{'need_task_scheduling': False, 'is_tune': False, 'train_mode': 'regression', 'modelName': 'emt-dlfr', 'datasetName': 'mosi', 'num_workers': 4, 'model_save_dir': 'results/mosi/emt-dlfr/run_once/models', 'res_save_dir': 'results/mosi/emt-dlfr/run_once/results', 'gpu_ids': [2], 'missing_rates': array([0. , 0.1, 0.2, 0.3, 0.4, 0.5, 0.6, 0.7, 0.8, 0.9, 1. ]), 'seed': 11111, 'num_seeds': 3, 'exp_name': 'moe-uncertainty', 'diff_missing': None, 'KeyEval': 'Loss', 'save_model': True, 'unified_missing': False, 'use_normalized_data': False, 'seeds': [111, 1111, 11111], 'missing_rate': (0.4, 0.4, 0.4), 'dataPath': '/mnt/HDD2/teng/Master-23/sjc/work2/EMT-DLFR-master-based/MMSA/Datasets/MOSI/Processed/unaligned_50.pkl', 'seq_lens': (50, 375, 500), 'feature_dims': (768, 5, 20), 'train_samples': 1284, 'num_classes': 3, 'language': 'en', 'missing_seed': (111, 1111, 11111), 'data_missing': True, 'deal_missing': False, 'need_data_aligned': False, 'need_model_aligned': False, 'need_normalized': False, 'use_bert': True, 'use_finetune': True, 'save_labels': False, 'early_stop': 8, 'update_epochs': 4, 'batch_size': 32, 'learning_rate_bert': 5e-05, 'learning_rate_audio': 0.001, 'learning_rate_video': 0.0001, 'learning_rate_other': 0.001, 'weight_decay_bert': 0.001, 'weight_decay_audio': 0.01, 'weight_decay_video': 0.001, 'weight_decay_other': 0.001, 'a_lstm_hidden_size': 32, 'v_lstm_hidden_size': 64, 'a_lstm_layers': 1, 'v_lstm_layers': 1, 'text_out': 768, 'audio_out': 16, 'video_out': 32, 'a_lstm_dropout': 0.0, 'v_lstm_dropout': 0.0, 't_bert_dropout': 0.1, 'd_model': 128, 'fusion_layers': 3, 'heads': 4, 'learnable_pos_emb': False, 'emb_dropout': 0.0, 'attn_dropout': 0.2, 'ff_dropout': 0.1, 'ff_expansion': 4, 'mpu_share': True, 'modality_share': True, 'layer_share': True, 'attn_act_fn': 'tanh', 'gmc_tokens_pred_dim': 128, 'text_pred_dim': 256, 'audio_pred_dim': 8, 'video_pred_dim': 16, 'recon_loss': 'SmoothL1Loss', 'loss_attra_weight': 1, 'loss_recon_weight': 0.5, 'post_fusion_dim': 256, 'post_fusion_dropout': 0.3, 'H': 3.0, 'cur_time': 3, 'model_save_path': 'results/mosi/emt-dlfr/run_once/models/emt-dlfr-mosi-regression-mr0.4-11111.pth', 'device': device(type='cuda', index=2), 'tasks': 'M'}>",<max/seed>,"(74.2, 11111)","(74.19, 11111)","(74.85, 11111)","(74.9, 11111)","(37.17, 111)","(32.65, 111)","(107.2, 1111)","(56.03, 11111)","(119.28, 1111)","(106.27, 1111)"
2026-01-30_01-41-43,emt-dlfr,"<Storage{'need_task_scheduling': False, 'is_tune': False, 'train_mode': 'regression', 'modelName': 'emt-dlfr', 'datasetName': 'mosi', 'num_workers': 4, 'model_save_dir': 'results/mosi/emt-dlfr/run_once/models', 'res_save_dir': 'results/mosi/emt-dlfr/run_once/results', 'gpu_ids': [2], 'missing_rates': array([0. , 0.1, 0.2, 0.3, 0.4, 0.5, 0.6, 0.7, 0.8, 0.9, 1. ]), 'seed': 11111, 'num_seeds': 3, 'exp_name': 'moe-uncertainty', 'diff_missing': None, 'KeyEval': 'Loss', 'save_model': True, 'unified_missing': False, 'use_normalized_data': False, 'seeds': [111, 1111, 11111], 'missing_rate': (0.4, 0.4, 0.4), 'dataPath': '/mnt/HDD2/teng/Master-23/sjc/work2/EMT-DLFR-master-based/MMSA/Datasets/MOSI/Processed/unaligned_50.pkl', 'seq_lens': (50, 375, 500), 'feature_dims': (768, 5, 20), 'train_samples': 1284, 'num_classes': 3, 'language': 'en', 'missing_seed': (111, 1111, 11111), 'data_missing': True, 'deal_missing': False, 'need_data_aligned': False, 'need_model_aligned': False, 'need_normalized': False, 'use_bert': True, 'use_finetune': True, 'save_labels': False, 'early_stop': 8, 'update_epochs': 4, 'batch_size': 32, 'learning_rate_bert': 5e-05, 'learning_rate_audio': 0.001, 'learning_rate_video': 0.0001, 'learning_rate_other': 0.001, 'weight_decay_bert': 0.001, 'weight_decay_audio': 0.01, 'weight_decay_video': 0.001, 'weight_decay_other': 0.001, 'a_lstm_hidden_size': 32, 'v_lstm_hidden_size': 64, 'a_lstm_layers': 1, 'v_lstm_layers': 1, 'text_out': 768, 'audio_out': 16, 'video_out': 32, 'a_lstm_dropout': 0.0, 'v_lstm_dropout': 0.0, 't_bert_dropout': 0.1, 'd_model': 128, 'fusion_layers': 3, 'heads': 4, 'learnable_pos_emb': False, 'emb_dropout': 0.0, 'attn_dropout': 0.2, 'ff_dropout': 0.1, 'ff_expansion': 4, 'mpu_share': True, 'modality_share': True, 'layer_share': True, 'attn_act_fn': 'tanh', 'gmc_tokens_pred_dim': 128, 'text_pred_dim': 256, 'audio_pred_dim': 8, 'video_pred_dim': 16, 'recon_loss': 'SmoothL1Loss', 'loss_attra_weight': 1, 'loss_recon_weight': 0.5, 'post_fusion_dim': 256, 'post_fusion_dropout': 0.3, 'H': 3.0, 'cur_time': 3, 'model_save_path': 'results/mosi/emt-dlfr/run_once/models/emt-dlfr-mosi-regression-mr0.4-11111.pth', 'device': device(type='cuda', index=2), 'tasks': 'M'}>",<min/seed>,"(72.3, 1111)","(72.33, 1111)","(71.95, 1111)","(72.1, 1111)","(34.4, 1111)","(30.61, 1111)","(102.72, 11111)","(55.51, 1111)","(115.43, 11111)","(102.18, 11111)"
2026-01-30_04-38-20,emt-dlfr,"<Storage{'need_task_scheduling': False, 'is_tune': False, 'train_mode': 'regression', 'modelName': 'emt-dlfr', 'datasetName': 'mosi', 'num_workers': 4, 'model_save_dir': 'results/mosi/emt-dlfr/run_once/models', 'res_save_dir': 'results/mosi/emt-dlfr/run_once/results', 'gpu_ids': [2], 'missing_rates': array([0. , 0.1, 0.2, 0.3, 0.4, 0.5, 0.6, 0.7, 0.8, 0.9, 1. ]), 'seed': 11111, 'num_seeds': 3, 'exp_name': 'moe-uncertainty', 'diff_missing': None, 'KeyEval': 'Loss', 'save_model': True, 'unified_missing': False, 'use_normalized_data': False, 'seeds': [111, 1111, 11111], 'missing_rate': (0.4, 0.4, 0.4), 'dataPath': '/mnt/HDD2/teng/Master-23/sjc/work2/EMT-DLFR-master-based/MMSA/Datasets/MOSI/Processed/unaligned_50.pkl', 'seq_lens': (50, 375, 500), 'feature_dims': (768, 5, 20), 'train_samples': 1284, 'num_classes': 3, 'language': 'en', 'missing_seed': (111, 1111, 11111), 'data_missing': True, 'deal_missing': False, 'need_data_aligned': False, 'need_model_aligned': False, 'need_normalized': False, 'use_bert': True, 'use_finetune': True, 'save_labels': False, 'early_stop': 8, 'update_epochs': 4, 'batch_size': 32, 'learning_rate_bert': 5e-05, 'learning_rate_audio': 0.001, 'learning_rate_video': 0.0001, 'learning_rate_other': 0.001, 'weight_decay_bert': 0.001, 'weight_decay_audio': 0.01, 'weight_decay_video': 0.001, 'weight_decay_other': 0.001, 'a_lstm_hidden_size': 32, 'v_lstm_hidden_size': 64, 'a_lstm_layers': 1, 'v_lstm_layers': 1, 'text_out': 768, 'audio_out': 16, 'video_out': 32, 'a_lstm_dropout': 0.0, 'v_lstm_dropout': 0.0, 't_bert_dropout': 0.1, 'd_model': 128, 'fusion_layers': 3, 'heads': 4, 'learnable_pos_emb': False, 'emb_dropout': 0.0, 'attn_dropout': 0.2, 'ff_dropout': 0.1, 'ff_expansion': 4, 'mpu_share': True, 'modality_share': True, 'layer_share': True, 'attn_act_fn': 'tanh', 'gmc_tokens_pred_dim': 128, 'text_pred_dim': 256, 'audio_pred_dim': 8, 'video_pred_dim': 16, 'recon_loss': 'SmoothL1Loss', 'loss_attra_weight': 1, 'loss_recon_weight': 0.9, 'post_fusion_dim': 256, 'post_fusion_dropout': 0.3, 'H': 3.0, 'cur_time': 3, 'model_save_path': 'results/mosi/emt-dlfr/run_once/models/emt-dlfr-mosi-regression-mr0.4-11111.pth', 'device': device(type='cuda', index=2), 'tasks': 'M'}>",111,72.59,72.66,73.02,73.16,37.76,33.82,105.39,55.64,128.77,105.16
2026-01-30_04-38-20,emt-dlfr,"<Storage{'need_task_scheduling': False, 'is_tune': False, 'train_mode': 'regression', 'modelName': 'emt-dlfr', 'datasetName': 'mosi', 'num_workers': 4, 'model_save_dir': 'results/mosi/emt-dlfr/run_once/models', 'res_save_dir': 'results/mosi/emt-dlfr/run_once/results', 'gpu_ids': [2], 'missing_rates': array([0. , 0.1, 0.2, 0.3, 0.4, 0.5, 0.6, 0.7, 0.8, 0.9, 1. ]), 'seed': 11111, 'num_seeds': 3, 'exp_name': 'moe-uncertainty', 'diff_missing': None, 'KeyEval': 'Loss', 'save_model': True, 'unified_missing': False, 'use_normalized_data': False, 'seeds': [111, 1111, 11111], 'missing_rate': (0.4, 0.4, 0.4), 'dataPath': '/mnt/HDD2/teng/Master-23/sjc/work2/EMT-DLFR-master-based/MMSA/Datasets/MOSI/Processed/unaligned_50.pkl', 'seq_lens': (50, 375, 500), 'feature_dims': (768, 5, 20), 'train_samples': 1284, 'num_classes': 3, 'language': 'en', 'missing_seed': (111, 1111, 11111), 'data_missing': True, 'deal_missing': False, 'need_data_aligned': False, 'need_model_aligned': False, 'need_normalized': False, 'use_bert': True, 'use_finetune': True, 'save_labels': False, 'early_stop': 8, 'update_epochs': 4, 'batch_size': 32, 'learning_rate_bert': 5e-05, 'learning_rate_audio': 0.001, 'learning_rate_video': 0.0001, 'learning_rate_other': 0.001, 'weight_decay_bert': 0.001, 'weight_decay_audio': 0.01, 'weight_decay_video': 0.001, 'weight_decay_other': 0.001, 'a_lstm_hidden_size': 32, 'v_lstm_hidden_size': 64, 'a_lstm_layers': 1, 'v_lstm_layers': 1, 'text_out': 768, 'audio_out': 16, 'video_out': 32, 'a_lstm_dropout': 0.0, 'v_lstm_dropout': 0.0, 't_bert_dropout': 0.1, 'd_model': 128, 'fusion_layers': 3, 'heads': 4, 'learnable_pos_emb': False, 'emb_dropout': 0.0, 'attn_dropout': 0.2, 'ff_dropout': 0.1, 'ff_expansion': 4, 'mpu_share': True, 'modality_share': True, 'layer_share': True, 'attn_act_fn': 'tanh', 'gmc_tokens_pred_dim': 128, 'text_pred_dim': 256, 'audio_pred_dim': 8, 'video_pred_dim': 16, 'recon_loss': 'SmoothL1Loss', 'loss_attra_weight': 1, 'loss_recon_weight': 0.9, 'post_fusion_dim': 256, 'post_fusion_dropout': 0.3, 'H': 3.0, 'cur_time': 3, 'model_save_path': 'results/mosi/emt-dlfr/run_once/models/emt-dlfr-mosi-regression-mr0.4-11111.pth', 'device': device(type='cuda', index=2), 'tasks': 'M'}>",1111,71.57,71.62,72.41,72.53,37.03,33.24,103.31,57.22,127.26,103.9
2026-01-30_04-38-20,emt-dlfr,"<Storage{'need_task_scheduling': False, 'is_tune': False, 'train_mode': 'regression', 'modelName': 'emt-dlfr', 'datasetName': 'mosi', 'num_workers': 4, 'model_save_dir': 'results/mosi/emt-dlfr/run_once/models', 'res_save_dir': 'results/mosi/emt-dlfr/run_once/results', 'gpu_ids': [2], 'missing_rates': array([0. , 0.1, 0.2, 0.3, 0.4, 0.5, 0.6, 0.7, 0.8, 0.9, 1. ]), 'seed': 11111, 'num_seeds': 3, 'exp_name': 'moe-uncertainty', 'diff_missing': None, 'KeyEval': 'Loss', 'save_model': True, 'unified_missing': False, 'use_normalized_data': False, 'seeds': [111, 1111, 11111], 'missing_rate': (0.4, 0.4, 0.4), 'dataPath': '/mnt/HDD2/teng/Master-23/sjc/work2/EMT-DLFR-master-based/MMSA/Datasets/MOSI/Processed/unaligned_50.pkl', 'seq_lens': (50, 375, 500), 'feature_dims': (768, 5, 20), 'train_samples': 1284, 'num_classes': 3, 'language': 'en', 'missing_seed': (111, 1111, 11111), 'data_missing': True, 'deal_missing': False, 'need_data_aligned': False, 'need_model_aligned': False, 'need_normalized': False, 'use_bert': True, 'use_finetune': True, 'save_labels': False, 'early_stop': 8, 'update_epochs': 4, 'batch_size': 32, 'learning_rate_bert': 5e-05, 'learning_rate_audio': 0.001, 'learning_rate_video': 0.0001, 'learning_rate_other': 0.001, 'weight_decay_bert': 0.001, 'weight_decay_audio': 0.01, 'weight_decay_video': 0.001, 'weight_decay_other': 0.001, 'a_lstm_hidden_size': 32, 'v_lstm_hidden_size': 64, 'a_lstm_layers': 1, 'v_lstm_layers': 1, 'text_out': 768, 'audio_out': 16, 'video_out': 32, 'a_lstm_dropout': 0.0, 'v_lstm_dropout': 0.0, 't_bert_dropout': 0.1, 'd_model': 128, 'fusion_layers': 3, 'heads': 4, 'learnable_pos_emb': False, 'emb_dropout': 0.0, 'attn_dropout': 0.2, 'ff_dropout': 0.1, 'ff_expansion': 4, 'mpu_share': True, 'modality_share': True, 'layer_share': True, 'attn_act_fn': 'tanh', 'gmc_tokens_pred_dim': 128, 'text_pred_dim': 256, 'audio_pred_dim': 8, 'video_pred_dim': 16, 'recon_loss': 'SmoothL1Loss', 'loss_attra_weight': 1, 'loss_recon_weight': 0.9, 'post_fusion_dim': 256, 'post_fusion_dropout': 0.3, 'H': 3.0, 'cur_time': 3, 'model_save_path': 'results/mosi/emt-dlfr/run_once/models/emt-dlfr-mosi-regression-mr0.4-11111.pth', 'device': device(type='cuda', index=2), 'tasks': 'M'}>",11111,70.7,70.78,71.49,71.67,30.61,27.99,112.92,51.67,138.38,113.78
2026-01-30_04-38-20,emt-dlfr,"<Storage{'need_task_scheduling': False, 'is_tune': False, 'train_mode': 'regression', 'modelName': 'emt-dlfr', 'datasetName': 'mosi', 'num_workers': 4, 'model_save_dir': 'results/mosi/emt-dlfr/run_once/models', 'res_save_dir': 'results/mosi/emt-dlfr/run_once/results', 'gpu_ids': [2], 'missing_rates': array([0. , 0.1, 0.2, 0.3, 0.4, 0.5, 0.6, 0.7, 0.8, 0.9, 1. ]), 'seed': 11111, 'num_seeds': 3, 'exp_name': 'moe-uncertainty', 'diff_missing': None, 'KeyEval': 'Loss', 'save_model': True, 'unified_missing': False, 'use_normalized_data': False, 'seeds': [111, 1111, 11111], 'missing_rate': (0.4, 0.4, 0.4), 'dataPath': '/mnt/HDD2/teng/Master-23/sjc/work2/EMT-DLFR-master-based/MMSA/Datasets/MOSI/Processed/unaligned_50.pkl', 'seq_lens': (50, 375, 500), 'feature_dims': (768, 5, 20), 'train_samples': 1284, 'num_classes': 3, 'language': 'en', 'missing_seed': (111, 1111, 11111), 'data_missing': True, 'deal_missing': False, 'need_data_aligned': False, 'need_model_aligned': False, 'need_normalized': False, 'use_bert': True, 'use_finetune': True, 'save_labels': False, 'early_stop': 8, 'update_epochs': 4, 'batch_size': 32, 'learning_rate_bert': 5e-05, 'learning_rate_audio': 0.001, 'learning_rate_video': 0.0001, 'learning_rate_other': 0.001, 'weight_decay_bert': 0.001, 'weight_decay_audio': 0.01, 'weight_decay_video': 0.001, 'weight_decay_other': 0.001, 'a_lstm_hidden_size': 32, 'v_lstm_hidden_size': 64, 'a_lstm_layers': 1, 'v_lstm_layers': 1, 'text_out': 768, 'audio_out': 16, 'video_out': 32, 'a_lstm_dropout': 0.0, 'v_lstm_dropout': 0.0, 't_bert_dropout': 0.1, 'd_model': 128, 'fusion_layers': 3, 'heads': 4, 'learnable_pos_emb': False, 'emb_dropout': 0.0, 'attn_dropout': 0.2, 'ff_dropout': 0.1, 'ff_expansion': 4, 'mpu_share': True, 'modality_share': True, 'layer_share': True, 'attn_act_fn': 'tanh', 'gmc_tokens_pred_dim': 128, 'text_pred_dim': 256, 'audio_pred_dim': 8, 'video_pred_dim': 16, 'recon_loss': 'SmoothL1Loss', 'loss_attra_weight': 1, 'loss_recon_weight': 0.9, 'post_fusion_dim': 256, 'post_fusion_dropout': 0.3, 'H': 3.0, 'cur_time': 3, 'model_save_path': 'results/mosi/emt-dlfr/run_once/models/emt-dlfr-mosi-regression-mr0.4-11111.pth', 'device': device(type='cuda', index=2), 'tasks': 'M'}>",<mean/std>,"(71.62, 0.77)","(71.69, 0.77)","(72.31, 0.63)","(72.45, 0.61)","(35.13, 3.21)","(31.68, 2.62)","(107.21, 4.13)","(54.84, 2.33)","(131.47, 4.93)","(107.62, 4.39)"
2026-01-30_04-38-20,emt-dlfr,"<Storage{'need_task_scheduling': False, 'is_tune': False, 'train_mode': 'regression', 'modelName': 'emt-dlfr', 'datasetName': 'mosi', 'num_workers': 4, 'model_save_dir': 'results/mosi/emt-dlfr/run_once/models', 'res_save_dir': 'results/mosi/emt-dlfr/run_once/results', 'gpu_ids': [2], 'missing_rates': array([0. , 0.1, 0.2, 0.3, 0.4, 0.5, 0.6, 0.7, 0.8, 0.9, 1. ]), 'seed': 11111, 'num_seeds': 3, 'exp_name': 'moe-uncertainty', 'diff_missing': None, 'KeyEval': 'Loss', 'save_model': True, 'unified_missing': False, 'use_normalized_data': False, 'seeds': [111, 1111, 11111], 'missing_rate': (0.4, 0.4, 0.4), 'dataPath': '/mnt/HDD2/teng/Master-23/sjc/work2/EMT-DLFR-master-based/MMSA/Datasets/MOSI/Processed/unaligned_50.pkl', 'seq_lens': (50, 375, 500), 'feature_dims': (768, 5, 20), 'train_samples': 1284, 'num_classes': 3, 'language': 'en', 'missing_seed': (111, 1111, 11111), 'data_missing': True, 'deal_missing': False, 'need_data_aligned': False, 'need_model_aligned': False, 'need_normalized': False, 'use_bert': True, 'use_finetune': True, 'save_labels': False, 'early_stop': 8, 'update_epochs': 4, 'batch_size': 32, 'learning_rate_bert': 5e-05, 'learning_rate_audio': 0.001, 'learning_rate_video': 0.0001, 'learning_rate_other': 0.001, 'weight_decay_bert': 0.001, 'weight_decay_audio': 0.01, 'weight_decay_video': 0.001, 'weight_decay_other': 0.001, 'a_lstm_hidden_size': 32, 'v_lstm_hidden_size': 64, 'a_lstm_layers': 1, 'v_lstm_layers': 1, 'text_out': 768, 'audio_out': 16, 'video_out': 32, 'a_lstm_dropout': 0.0, 'v_lstm_dropout': 0.0, 't_bert_dropout': 0.1, 'd_model': 128, 'fusion_layers': 3, 'heads': 4, 'learnable_pos_emb': False, 'emb_dropout': 0.0, 'attn_dropout': 0.2, 'ff_dropout': 0.1, 'ff_expansion': 4, 'mpu_share': True, 'modality_share': True, 'layer_share': True, 'attn_act_fn': 'tanh', 'gmc_tokens_pred_dim': 128, 'text_pred_dim': 256, 'audio_pred_dim': 8, 'video_pred_dim': 16, 'recon_loss': 'SmoothL1Loss', 'loss_attra_weight': 1, 'loss_recon_weight': 0.9, 'post_fusion_dim': 256, 'post_fusion_dropout': 0.3, 'H': 3.0, 'cur_time': 3, 'model_save_path': 'results/mosi/emt-dlfr/run_once/models/emt-dlfr-mosi-regression-mr0.4-11111.pth', 'device': device(type='cuda', index=2), 'tasks': 'M'}>",<max/seed>,"(72.59, 111)","(72.66, 111)","(73.02, 111)","(73.16, 111)","(37.76, 111)","(33.82, 111)","(112.92, 11111)","(57.22, 1111)","(138.38, 11111)","(113.78, 11111)"
2026-01-30_04-38-20,emt-dlfr,"<Storage{'need_task_scheduling': False, 'is_tune': False, 'train_mode': 'regression', 'modelName': 'emt-dlfr', 'datasetName': 'mosi', 'num_workers': 4, 'model_save_dir': 'results/mosi/emt-dlfr/run_once/models', 'res_save_dir': 'results/mosi/emt-dlfr/run_once/results', 'gpu_ids': [2], 'missing_rates': array([0. , 0.1, 0.2, 0.3, 0.4, 0.5, 0.6, 0.7, 0.8, 0.9, 1. ]), 'seed': 11111, 'num_seeds': 3, 'exp_name': 'moe-uncertainty', 'diff_missing': None, 'KeyEval': 'Loss', 'save_model': True, 'unified_missing': False, 'use_normalized_data': False, 'seeds': [111, 1111, 11111], 'missing_rate': (0.4, 0.4, 0.4), 'dataPath': '/mnt/HDD2/teng/Master-23/sjc/work2/EMT-DLFR-master-based/MMSA/Datasets/MOSI/Processed/unaligned_50.pkl', 'seq_lens': (50, 375, 500), 'feature_dims': (768, 5, 20), 'train_samples': 1284, 'num_classes': 3, 'language': 'en', 'missing_seed': (111, 1111, 11111), 'data_missing': True, 'deal_missing': False, 'need_data_aligned': False, 'need_model_aligned': False, 'need_normalized': False, 'use_bert': True, 'use_finetune': True, 'save_labels': False, 'early_stop': 8, 'update_epochs': 4, 'batch_size': 32, 'learning_rate_bert': 5e-05, 'learning_rate_audio': 0.001, 'learning_rate_video': 0.0001, 'learning_rate_other': 0.001, 'weight_decay_bert': 0.001, 'weight_decay_audio': 0.01, 'weight_decay_video': 0.001, 'weight_decay_other': 0.001, 'a_lstm_hidden_size': 32, 'v_lstm_hidden_size': 64, 'a_lstm_layers': 1, 'v_lstm_layers': 1, 'text_out': 768, 'audio_out': 16, 'video_out': 32, 'a_lstm_dropout': 0.0, 'v_lstm_dropout': 0.0, 't_bert_dropout': 0.1, 'd_model': 128, 'fusion_layers': 3, 'heads': 4, 'learnable_pos_emb': False, 'emb_dropout': 0.0, 'attn_dropout': 0.2, 'ff_dropout': 0.1, 'ff_expansion': 4, 'mpu_share': True, 'modality_share': True, 'layer_share': True, 'attn_act_fn': 'tanh', 'gmc_tokens_pred_dim': 128, 'text_pred_dim': 256, 'audio_pred_dim': 8, 'video_pred_dim': 16, 'recon_loss': 'SmoothL1Loss', 'loss_attra_weight': 1, 'loss_recon_weight': 0.9, 'post_fusion_dim': 256, 'post_fusion_dropout': 0.3, 'H': 3.0, 'cur_time': 3, 'model_save_path': 'results/mosi/emt-dlfr/run_once/models/emt-dlfr-mosi-regression-mr0.4-11111.pth', 'device': device(type='cuda', index=2), 'tasks': 'M'}>",<min/seed>,"(70.7, 11111)","(70.78, 11111)","(71.49, 11111)","(71.67, 11111)","(30.61, 11111)","(27.99, 11111)","(103.31, 1111)","(51.67, 11111)","(127.26, 1111)","(103.9, 1111)"
2026-01-30_09-53-32,emt-dlfr,"<Storage{'need_task_scheduling': False, 'is_tune': False, 'train_mode': 'regression', 'modelName': 'emt-dlfr', 'datasetName': 'mosi', 'num_workers': 4, 'model_save_dir': 'results/mosi/emt-dlfr/run_once/models', 'res_save_dir': 'results/mosi/emt-dlfr/run_once/results', 'gpu_ids': [2], 'missing_rates': array([0. , 0.1, 0.2, 0.3, 0.4, 0.5, 0.6, 0.7, 0.8, 0.9, 1. ]), 'seed': 11111, 'num_seeds': 3, 'exp_name': 'moe-uncertainty', 'diff_missing': None, 'KeyEval': 'Loss', 'save_model': True, 'unified_missing': False, 'use_normalized_data': False, 'seeds': [111, 1111, 11111], 'missing_rate': (0.4, 0.4, 0.4), 'dataPath': '/mnt/HDD2/teng/Master-23/sjc/work2/EMT-DLFR-master-based/MMSA/Datasets/MOSI/Processed/unaligned_50.pkl', 'seq_lens': (50, 375, 500), 'feature_dims': (768, 5, 20), 'train_samples': 1284, 'num_classes': 3, 'language': 'en', 'missing_seed': (111, 1111, 11111), 'data_missing': True, 'deal_missing': False, 'need_data_aligned': False, 'need_model_aligned': False, 'need_normalized': False, 'use_bert': True, 'use_finetune': True, 'save_labels': False, 'early_stop': 8, 'update_epochs': 4, 'batch_size': 32, 'learning_rate_bert': 5e-05, 'learning_rate_audio': 0.001, 'learning_rate_video': 0.0001, 'learning_rate_other': 0.001, 'weight_decay_bert': 0.001, 'weight_decay_audio': 0.01, 'weight_decay_video': 0.001, 'weight_decay_other': 0.001, 'a_lstm_hidden_size': 32, 'v_lstm_hidden_size': 64, 'a_lstm_layers': 1, 'v_lstm_layers': 1, 'text_out': 768, 'audio_out': 16, 'video_out': 32, 'a_lstm_dropout': 0.0, 'v_lstm_dropout': 0.0, 't_bert_dropout': 0.1, 'd_model': 128, 'fusion_layers': 3, 'heads': 4, 'learnable_pos_emb': False, 'emb_dropout': 0.0, 'attn_dropout': 0.2, 'ff_dropout': 0.1, 'ff_expansion': 4, 'mpu_share': True, 'modality_share': True, 'layer_share': True, 'attn_act_fn': 'tanh', 'gmc_tokens_pred_dim': 128, 'text_pred_dim': 256, 'audio_pred_dim': 8, 'video_pred_dim': 16, 'recon_loss': 'SmoothL1Loss', 'loss_attra_weight': 1, 'loss_recon_weight': 1, 'post_fusion_dim': 256, 'post_fusion_dropout': 0.3, 'H': 3.0, 'cur_time': 3, 'model_save_path': 'results/mosi/emt-dlfr/run_once/models/emt-dlfr-mosi-regression-mr0.4-11111.pth', 'device': device(type='cuda', index=2), 'tasks': 'M'}>",111,73.03,73.09,73.63,73.76,36.3,31.92,103.54,56.21,129.69,104.25
2026-01-30_09-53-32,emt-dlfr,"<Storage{'need_task_scheduling': False, 'is_tune': False, 'train_mode': 'regression', 'modelName': 'emt-dlfr', 'datasetName': 'mosi', 'num_workers': 4, 'model_save_dir': 'results/mosi/emt-dlfr/run_once/models', 'res_save_dir': 'results/mosi/emt-dlfr/run_once/results', 'gpu_ids': [2], 'missing_rates': array([0. , 0.1, 0.2, 0.3, 0.4, 0.5, 0.6, 0.7, 0.8, 0.9, 1. ]), 'seed': 11111, 'num_seeds': 3, 'exp_name': 'moe-uncertainty', 'diff_missing': None, 'KeyEval': 'Loss', 'save_model': True, 'unified_missing': False, 'use_normalized_data': False, 'seeds': [111, 1111, 11111], 'missing_rate': (0.4, 0.4, 0.4), 'dataPath': '/mnt/HDD2/teng/Master-23/sjc/work2/EMT-DLFR-master-based/MMSA/Datasets/MOSI/Processed/unaligned_50.pkl', 'seq_lens': (50, 375, 500), 'feature_dims': (768, 5, 20), 'train_samples': 1284, 'num_classes': 3, 'language': 'en', 'missing_seed': (111, 1111, 11111), 'data_missing': True, 'deal_missing': False, 'need_data_aligned': False, 'need_model_aligned': False, 'need_normalized': False, 'use_bert': True, 'use_finetune': True, 'save_labels': False, 'early_stop': 8, 'update_epochs': 4, 'batch_size': 32, 'learning_rate_bert': 5e-05, 'learning_rate_audio': 0.001, 'learning_rate_video': 0.0001, 'learning_rate_other': 0.001, 'weight_decay_bert': 0.001, 'weight_decay_audio': 0.01, 'weight_decay_video': 0.001, 'weight_decay_other': 0.001, 'a_lstm_hidden_size': 32, 'v_lstm_hidden_size': 64, 'a_lstm_layers': 1, 'v_lstm_layers': 1, 'text_out': 768, 'audio_out': 16, 'video_out': 32, 'a_lstm_dropout': 0.0, 'v_lstm_dropout': 0.0, 't_bert_dropout': 0.1, 'd_model': 128, 'fusion_layers': 3, 'heads': 4, 'learnable_pos_emb': False, 'emb_dropout': 0.0, 'attn_dropout': 0.2, 'ff_dropout': 0.1, 'ff_expansion': 4, 'mpu_share': True, 'modality_share': True, 'layer_share': True, 'attn_act_fn': 'tanh', 'gmc_tokens_pred_dim': 128, 'text_pred_dim': 256, 'audio_pred_dim': 8, 'video_pred_dim': 16, 'recon_loss': 'SmoothL1Loss', 'loss_attra_weight': 1, 'loss_recon_weight': 1, 'post_fusion_dim': 256, 'post_fusion_dropout': 0.3, 'H': 3.0, 'cur_time': 3, 'model_save_path': 'results/mosi/emt-dlfr/run_once/models/emt-dlfr-mosi-regression-mr0.4-11111.pth', 'device': device(type='cuda', index=2), 'tasks': 'M'}>",1111,74.49,74.54,75.0,75.14,34.26,30.9,106.7,57.27,130.49,106.55
2026-01-30_09-53-32,emt-dlfr,"<Storage{'need_task_scheduling': False, 'is_tune': False, 'train_mode': 'regression', 'modelName': 'emt-dlfr', 'datasetName': 'mosi', 'num_workers': 4, 'model_save_dir': 'results/mosi/emt-dlfr/run_once/models', 'res_save_dir': 'results/mosi/emt-dlfr/run_once/results', 'gpu_ids': [2], 'missing_rates': array([0. , 0.1, 0.2, 0.3, 0.4, 0.5, 0.6, 0.7, 0.8, 0.9, 1. ]), 'seed': 11111, 'num_seeds': 3, 'exp_name': 'moe-uncertainty', 'diff_missing': None, 'KeyEval': 'Loss', 'save_model': True, 'unified_missing': False, 'use_normalized_data': False, 'seeds': [111, 1111, 11111], 'missing_rate': (0.4, 0.4, 0.4), 'dataPath': '/mnt/HDD2/teng/Master-23/sjc/work2/EMT-DLFR-master-based/MMSA/Datasets/MOSI/Processed/unaligned_50.pkl', 'seq_lens': (50, 375, 500), 'feature_dims': (768, 5, 20), 'train_samples': 1284, 'num_classes': 3, 'language': 'en', 'missing_seed': (111, 1111, 11111), 'data_missing': True, 'deal_missing': False, 'need_data_aligned': False, 'need_model_aligned': False, 'need_normalized': False, 'use_bert': True, 'use_finetune': True, 'save_labels': False, 'early_stop': 8, 'update_epochs': 4, 'batch_size': 32, 'learning_rate_bert': 5e-05, 'learning_rate_audio': 0.001, 'learning_rate_video': 0.0001, 'learning_rate_other': 0.001, 'weight_decay_bert': 0.001, 'weight_decay_audio': 0.01, 'weight_decay_video': 0.001, 'weight_decay_other': 0.001, 'a_lstm_hidden_size': 32, 'v_lstm_hidden_size': 64, 'a_lstm_layers': 1, 'v_lstm_layers': 1, 'text_out': 768, 'audio_out': 16, 'video_out': 32, 'a_lstm_dropout': 0.0, 'v_lstm_dropout': 0.0, 't_bert_dropout': 0.1, 'd_model': 128, 'fusion_layers': 3, 'heads': 4, 'learnable_pos_emb': False, 'emb_dropout': 0.0, 'attn_dropout': 0.2, 'ff_dropout': 0.1, 'ff_expansion': 4, 'mpu_share': True, 'modality_share': True, 'layer_share': True, 'attn_act_fn': 'tanh', 'gmc_tokens_pred_dim': 128, 'text_pred_dim': 256, 'audio_pred_dim': 8, 'video_pred_dim': 16, 'recon_loss': 'SmoothL1Loss', 'loss_attra_weight': 1, 'loss_recon_weight': 1, 'post_fusion_dim': 256, 'post_fusion_dropout': 0.3, 'H': 3.0, 'cur_time': 3, 'model_save_path': 'results/mosi/emt-dlfr/run_once/models/emt-dlfr-mosi-regression-mr0.4-11111.pth', 'device': device(type='cuda', index=2), 'tasks': 'M'}>",11111,70.99,71.06,71.49,71.66,36.01,30.76,108.57,56.71,136.52,109.61
2026-01-30_09-53-32,emt-dlfr,"<Storage{'need_task_scheduling': False, 'is_tune': False, 'train_mode': 'regression', 'modelName': 'emt-dlfr', 'datasetName': 'mosi', 'num_workers': 4, 'model_save_dir': 'results/mosi/emt-dlfr/run_once/models', 'res_save_dir': 'results/mosi/emt-dlfr/run_once/results', 'gpu_ids': [2], 'missing_rates': array([0. , 0.1, 0.2, 0.3, 0.4, 0.5, 0.6, 0.7, 0.8, 0.9, 1. ]), 'seed': 11111, 'num_seeds': 3, 'exp_name': 'moe-uncertainty', 'diff_missing': None, 'KeyEval': 'Loss', 'save_model': True, 'unified_missing': False, 'use_normalized_data': False, 'seeds': [111, 1111, 11111], 'missing_rate': (0.4, 0.4, 0.4), 'dataPath': '/mnt/HDD2/teng/Master-23/sjc/work2/EMT-DLFR-master-based/MMSA/Datasets/MOSI/Processed/unaligned_50.pkl', 'seq_lens': (50, 375, 500), 'feature_dims': (768, 5, 20), 'train_samples': 1284, 'num_classes': 3, 'language': 'en', 'missing_seed': (111, 1111, 11111), 'data_missing': True, 'deal_missing': False, 'need_data_aligned': False, 'need_model_aligned': False, 'need_normalized': False, 'use_bert': True, 'use_finetune': True, 'save_labels': False, 'early_stop': 8, 'update_epochs': 4, 'batch_size': 32, 'learning_rate_bert': 5e-05, 'learning_rate_audio': 0.001, 'learning_rate_video': 0.0001, 'learning_rate_other': 0.001, 'weight_decay_bert': 0.001, 'weight_decay_audio': 0.01, 'weight_decay_video': 0.001, 'weight_decay_other': 0.001, 'a_lstm_hidden_size': 32, 'v_lstm_hidden_size': 64, 'a_lstm_layers': 1, 'v_lstm_layers': 1, 'text_out': 768, 'audio_out': 16, 'video_out': 32, 'a_lstm_dropout': 0.0, 'v_lstm_dropout': 0.0, 't_bert_dropout': 0.1, 'd_model': 128, 'fusion_layers': 3, 'heads': 4, 'learnable_pos_emb': False, 'emb_dropout': 0.0, 'attn_dropout': 0.2, 'ff_dropout': 0.1, 'ff_expansion': 4, 'mpu_share': True, 'modality_share': True, 'layer_share': True, 'attn_act_fn': 'tanh', 'gmc_tokens_pred_dim': 128, 'text_pred_dim': 256, 'audio_pred_dim': 8, 'video_pred_dim': 16, 'recon_loss': 'SmoothL1Loss', 'loss_attra_weight': 1, 'loss_recon_weight': 1, 'post_fusion_dim': 256, 'post_fusion_dropout': 0.3, 'H': 3.0, 'cur_time': 3, 'model_save_path': 'results/mosi/emt-dlfr/run_once/models/emt-dlfr-mosi-regression-mr0.4-11111.pth', 'device': device(type='cuda', index=2), 'tasks': 'M'}>",<mean/std>,"(72.84, 1.44)","(72.9, 1.43)","(73.37, 1.44)","(73.52, 1.43)","(35.52, 0.9)","(31.19, 0.52)","(106.27, 2.08)","(56.73, 0.43)","(132.23, 3.05)","(106.81, 2.19)"
2026-01-30_09-53-32,emt-dlfr,"<Storage{'need_task_scheduling': False, 'is_tune': False, 'train_mode': 'regression', 'modelName': 'emt-dlfr', 'datasetName': 'mosi', 'num_workers': 4, 'model_save_dir': 'results/mosi/emt-dlfr/run_once/models', 'res_save_dir': 'results/mosi/emt-dlfr/run_once/results', 'gpu_ids': [2], 'missing_rates': array([0. , 0.1, 0.2, 0.3, 0.4, 0.5, 0.6, 0.7, 0.8, 0.9, 1. ]), 'seed': 11111, 'num_seeds': 3, 'exp_name': 'moe-uncertainty', 'diff_missing': None, 'KeyEval': 'Loss', 'save_model': True, 'unified_missing': False, 'use_normalized_data': False, 'seeds': [111, 1111, 11111], 'missing_rate': (0.4, 0.4, 0.4), 'dataPath': '/mnt/HDD2/teng/Master-23/sjc/work2/EMT-DLFR-master-based/MMSA/Datasets/MOSI/Processed/unaligned_50.pkl', 'seq_lens': (50, 375, 500), 'feature_dims': (768, 5, 20), 'train_samples': 1284, 'num_classes': 3, 'language': 'en', 'missing_seed': (111, 1111, 11111), 'data_missing': True, 'deal_missing': False, 'need_data_aligned': False, 'need_model_aligned': False, 'need_normalized': False, 'use_bert': True, 'use_finetune': True, 'save_labels': False, 'early_stop': 8, 'update_epochs': 4, 'batch_size': 32, 'learning_rate_bert': 5e-05, 'learning_rate_audio': 0.001, 'learning_rate_video': 0.0001, 'learning_rate_other': 0.001, 'weight_decay_bert': 0.001, 'weight_decay_audio': 0.01, 'weight_decay_video': 0.001, 'weight_decay_other': 0.001, 'a_lstm_hidden_size': 32, 'v_lstm_hidden_size': 64, 'a_lstm_layers': 1, 'v_lstm_layers': 1, 'text_out': 768, 'audio_out': 16, 'video_out': 32, 'a_lstm_dropout': 0.0, 'v_lstm_dropout': 0.0, 't_bert_dropout': 0.1, 'd_model': 128, 'fusion_layers': 3, 'heads': 4, 'learnable_pos_emb': False, 'emb_dropout': 0.0, 'attn_dropout': 0.2, 'ff_dropout': 0.1, 'ff_expansion': 4, 'mpu_share': True, 'modality_share': True, 'layer_share': True, 'attn_act_fn': 'tanh', 'gmc_tokens_pred_dim': 128, 'text_pred_dim': 256, 'audio_pred_dim': 8, 'video_pred_dim': 16, 'recon_loss': 'SmoothL1Loss', 'loss_attra_weight': 1, 'loss_recon_weight': 1, 'post_fusion_dim': 256, 'post_fusion_dropout': 0.3, 'H': 3.0, 'cur_time': 3, 'model_save_path': 'results/mosi/emt-dlfr/run_once/models/emt-dlfr-mosi-regression-mr0.4-11111.pth', 'device': device(type='cuda', index=2), 'tasks': 'M'}>",<max/seed>,"(74.49, 1111)","(74.54, 1111)","(75.0, 1111)","(75.14, 1111)","(36.3, 111)","(31.92, 111)","(108.57, 11111)","(57.27, 1111)","(136.52, 11111)","(109.61, 11111)"
2026-01-30_09-53-32,emt-dlfr,"<Storage{'need_task_scheduling': False, 'is_tune': False, 'train_mode': 'regression', 'modelName': 'emt-dlfr', 'datasetName': 'mosi', 'num_workers': 4, 'model_save_dir': 'results/mosi/emt-dlfr/run_once/models', 'res_save_dir': 'results/mosi/emt-dlfr/run_once/results', 'gpu_ids': [2], 'missing_rates': array([0. , 0.1, 0.2, 0.3, 0.4, 0.5, 0.6, 0.7, 0.8, 0.9, 1. ]), 'seed': 11111, 'num_seeds': 3, 'exp_name': 'moe-uncertainty', 'diff_missing': None, 'KeyEval': 'Loss', 'save_model': True, 'unified_missing': False, 'use_normalized_data': False, 'seeds': [111, 1111, 11111], 'missing_rate': (0.4, 0.4, 0.4), 'dataPath': '/mnt/HDD2/teng/Master-23/sjc/work2/EMT-DLFR-master-based/MMSA/Datasets/MOSI/Processed/unaligned_50.pkl', 'seq_lens': (50, 375, 500), 'feature_dims': (768, 5, 20), 'train_samples': 1284, 'num_classes': 3, 'language': 'en', 'missing_seed': (111, 1111, 11111), 'data_missing': True, 'deal_missing': False, 'need_data_aligned': False, 'need_model_aligned': False, 'need_normalized': False, 'use_bert': True, 'use_finetune': True, 'save_labels': False, 'early_stop': 8, 'update_epochs': 4, 'batch_size': 32, 'learning_rate_bert': 5e-05, 'learning_rate_audio': 0.001, 'learning_rate_video': 0.0001, 'learning_rate_other': 0.001, 'weight_decay_bert': 0.001, 'weight_decay_audio': 0.01, 'weight_decay_video': 0.001, 'weight_decay_other': 0.001, 'a_lstm_hidden_size': 32, 'v_lstm_hidden_size': 64, 'a_lstm_layers': 1, 'v_lstm_layers': 1, 'text_out': 768, 'audio_out': 16, 'video_out': 32, 'a_lstm_dropout': 0.0, 'v_lstm_dropout': 0.0, 't_bert_dropout': 0.1, 'd_model': 128, 'fusion_layers': 3, 'heads': 4, 'learnable_pos_emb': False, 'emb_dropout': 0.0, 'attn_dropout': 0.2, 'ff_dropout': 0.1, 'ff_expansion': 4, 'mpu_share': True, 'modality_share': True, 'layer_share': True, 'attn_act_fn': 'tanh', 'gmc_tokens_pred_dim': 128, 'text_pred_dim': 256, 'audio_pred_dim': 8, 'video_pred_dim': 16, 'recon_loss': 'SmoothL1Loss', 'loss_attra_weight': 1, 'loss_recon_weight': 1, 'post_fusion_dim': 256, 'post_fusion_dropout': 0.3, 'H': 3.0, 'cur_time': 3, 'model_save_path': 'results/mosi/emt-dlfr/run_once/models/emt-dlfr-mosi-regression-mr0.4-11111.pth', 'device': device(type='cuda', index=2), 'tasks': 'M'}>",<min/seed>,"(70.99, 11111)","(71.06, 11111)","(71.49, 11111)","(71.66, 11111)","(34.26, 1111)","(30.76, 11111)","(103.54, 111)","(56.21, 111)","(129.69, 111)","(104.25, 111)"
2026-01-30_14-40-03,emt-dlfr,"<Storage{'need_task_scheduling': False, 'is_tune': False, 'train_mode': 'regression', 'modelName': 'emt-dlfr', 'datasetName': 'mosi', 'num_workers': 4, 'model_save_dir': 'results/mosi/emt-dlfr/run_once/models', 'res_save_dir': 'results/mosi/emt-dlfr/run_once/results', 'gpu_ids': [2], 'missing_rates': array([0. , 0.1, 0.2, 0.3, 0.4, 0.5, 0.6, 0.7, 0.8, 0.9, 1. ]), 'seed': 11111, 'num_seeds': 3, 'exp_name': 'moe-uncertainty', 'diff_missing': None, 'KeyEval': 'Loss', 'save_model': True, 'unified_missing': False, 'use_normalized_data': False, 'seeds': [111, 1111, 11111], 'missing_rate': (0.4, 0.4, 0.4), 'dataPath': '/mnt/HDD2/teng/Master-23/sjc/work2/EMT-DLFR-master-based/MMSA/Datasets/MOSI/Processed/unaligned_50.pkl', 'seq_lens': (50, 375, 500), 'feature_dims': (768, 5, 20), 'train_samples': 1284, 'num_classes': 3, 'language': 'en', 'missing_seed': (111, 1111, 11111), 'data_missing': True, 'deal_missing': False, 'need_data_aligned': False, 'need_model_aligned': False, 'need_normalized': False, 'use_bert': True, 'use_finetune': True, 'save_labels': False, 'early_stop': 8, 'update_epochs': 4, 'batch_size': 32, 'learning_rate_bert': 5e-05, 'learning_rate_audio': 0.001, 'learning_rate_video': 0.0001, 'learning_rate_other': 0.001, 'weight_decay_bert': 0.001, 'weight_decay_audio': 0.01, 'weight_decay_video': 0.001, 'weight_decay_other': 0.001, 'a_lstm_hidden_size': 32, 'v_lstm_hidden_size': 64, 'a_lstm_layers': 1, 'v_lstm_layers': 1, 'text_out': 768, 'audio_out': 16, 'video_out': 32, 'a_lstm_dropout': 0.0, 'v_lstm_dropout': 0.0, 't_bert_dropout': 0.1, 'd_model': 128, 'fusion_layers': 3, 'heads': 4, 'learnable_pos_emb': False, 'emb_dropout': 0.0, 'attn_dropout': 0.2, 'ff_dropout': 0.1, 'ff_expansion': 4, 'mpu_share': True, 'modality_share': True, 'layer_share': True, 'attn_act_fn': 'tanh', 'gmc_tokens_pred_dim': 128, 'text_pred_dim': 256, 'audio_pred_dim': 8, 'video_pred_dim': 16, 'recon_loss': 'SmoothL1Loss', 'loss_attra_weight': 1, 'loss_recon_weight': 1, 'post_fusion_dim': 256, 'post_fusion_dropout': 0.3, 'H': 3.0, 'cur_time': 3, 'model_save_path': 'results/mosi/emt-dlfr/run_once/models/emt-dlfr-mosi-regression-mr0.4-11111.pth', 'device': device(type='cuda', index=2), 'tasks': 'M'}>",111,72.59,72.67,73.32,73.48,39.65,35.71,101.21,57.88,124.88,100.8
2026-01-30_14-40-03,emt-dlfr,"<Storage{'need_task_scheduling': False, 'is_tune': False, 'train_mode': 'regression', 'modelName': 'emt-dlfr', 'datasetName': 'mosi', 'num_workers': 4, 'model_save_dir': 'results/mosi/emt-dlfr/run_once/models', 'res_save_dir': 'results/mosi/emt-dlfr/run_once/results', 'gpu_ids': [2], 'missing_rates': array([0. , 0.1, 0.2, 0.3, 0.4, 0.5, 0.6, 0.7, 0.8, 0.9, 1. ]), 'seed': 11111, 'num_seeds': 3, 'exp_name': 'moe-uncertainty', 'diff_missing': None, 'KeyEval': 'Loss', 'save_model': True, 'unified_missing': False, 'use_normalized_data': False, 'seeds': [111, 1111, 11111], 'missing_rate': (0.4, 0.4, 0.4), 'dataPath': '/mnt/HDD2/teng/Master-23/sjc/work2/EMT-DLFR-master-based/MMSA/Datasets/MOSI/Processed/unaligned_50.pkl', 'seq_lens': (50, 375, 500), 'feature_dims': (768, 5, 20), 'train_samples': 1284, 'num_classes': 3, 'language': 'en', 'missing_seed': (111, 1111, 11111), 'data_missing': True, 'deal_missing': False, 'need_data_aligned': False, 'need_model_aligned': False, 'need_normalized': False, 'use_bert': True, 'use_finetune': True, 'save_labels': False, 'early_stop': 8, 'update_epochs': 4, 'batch_size': 32, 'learning_rate_bert': 5e-05, 'learning_rate_audio': 0.001, 'learning_rate_video': 0.0001, 'learning_rate_other': 0.001, 'weight_decay_bert': 0.001, 'weight_decay_audio': 0.01, 'weight_decay_video': 0.001, 'weight_decay_other': 0.001, 'a_lstm_hidden_size': 32, 'v_lstm_hidden_size': 64, 'a_lstm_layers': 1, 'v_lstm_layers': 1, 'text_out': 768, 'audio_out': 16, 'video_out': 32, 'a_lstm_dropout': 0.0, 'v_lstm_dropout': 0.0, 't_bert_dropout': 0.1, 'd_model': 128, 'fusion_layers': 3, 'heads': 4, 'learnable_pos_emb': False, 'emb_dropout': 0.0, 'attn_dropout': 0.2, 'ff_dropout': 0.1, 'ff_expansion': 4, 'mpu_share': True, 'modality_share': True, 'layer_share': True, 'attn_act_fn': 'tanh', 'gmc_tokens_pred_dim': 128, 'text_pred_dim': 256, 'audio_pred_dim': 8, 'video_pred_dim': 16, 'recon_loss': 'SmoothL1Loss', 'loss_attra_weight': 1, 'loss_recon_weight': 1, 'post_fusion_dim': 256, 'post_fusion_dropout': 0.3, 'H': 3.0, 'cur_time': 3, 'model_save_path': 'results/mosi/emt-dlfr/run_once/models/emt-dlfr-mosi-regression-mr0.4-11111.pth', 'device': device(type='cuda', index=2), 'tasks': 'M'}>",1111,71.87,71.72,73.02,72.95,39.07,34.99,101.4,57.13,126.75,101.93
2026-01-30_14-40-03,emt-dlfr,"<Storage{'need_task_scheduling': False, 'is_tune': False, 'train_mode': 'regression', 'modelName': 'emt-dlfr', 'datasetName': 'mosi', 'num_workers': 4, 'model_save_dir': 'results/mosi/emt-dlfr/run_once/models', 'res_save_dir': 'results/mosi/emt-dlfr/run_once/results', 'gpu_ids': [2], 'missing_rates': array([0. , 0.1, 0.2, 0.3, 0.4, 0.5, 0.6, 0.7, 0.8, 0.9, 1. ]), 'seed': 11111, 'num_seeds': 3, 'exp_name': 'moe-uncertainty', 'diff_missing': None, 'KeyEval': 'Loss', 'save_model': True, 'unified_missing': False, 'use_normalized_data': False, 'seeds': [111, 1111, 11111], 'missing_rate': (0.4, 0.4, 0.4), 'dataPath': '/mnt/HDD2/teng/Master-23/sjc/work2/EMT-DLFR-master-based/MMSA/Datasets/MOSI/Processed/unaligned_50.pkl', 'seq_lens': (50, 375, 500), 'feature_dims': (768, 5, 20), 'train_samples': 1284, 'num_classes': 3, 'language': 'en', 'missing_seed': (111, 1111, 11111), 'data_missing': True, 'deal_missing': False, 'need_data_aligned': False, 'need_model_aligned': False, 'need_normalized': False, 'use_bert': True, 'use_finetune': True, 'save_labels': False, 'early_stop': 8, 'update_epochs': 4, 'batch_size': 32, 'learning_rate_bert': 5e-05, 'learning_rate_audio': 0.001, 'learning_rate_video': 0.0001, 'learning_rate_other': 0.001, 'weight_decay_bert': 0.001, 'weight_decay_audio': 0.01, 'weight_decay_video': 0.001, 'weight_decay_other': 0.001, 'a_lstm_hidden_size': 32, 'v_lstm_hidden_size': 64, 'a_lstm_layers': 1, 'v_lstm_layers': 1, 'text_out': 768, 'audio_out': 16, 'video_out': 32, 'a_lstm_dropout': 0.0, 'v_lstm_dropout': 0.0, 't_bert_dropout': 0.1, 'd_model': 128, 'fusion_layers': 3, 'heads': 4, 'learnable_pos_emb': False, 'emb_dropout': 0.0, 'attn_dropout': 0.2, 'ff_dropout': 0.1, 'ff_expansion': 4, 'mpu_share': True, 'modality_share': True, 'layer_share': True, 'attn_act_fn': 'tanh', 'gmc_tokens_pred_dim': 128, 'text_pred_dim': 256, 'audio_pred_dim': 8, 'video_pred_dim': 16, 'recon_loss': 'SmoothL1Loss', 'loss_attra_weight': 1, 'loss_recon_weight': 1, 'post_fusion_dim': 256, 'post_fusion_dropout': 0.3, 'H': 3.0, 'cur_time': 3, 'model_save_path': 'results/mosi/emt-dlfr/run_once/models/emt-dlfr-mosi-regression-mr0.4-11111.pth', 'device': device(type='cuda', index=2), 'tasks': 'M'}>",11111,73.76,73.81,73.78,73.93,38.63,34.69,103.75,57.83,130.16,103.37
2026-01-30_14-40-03,emt-dlfr,"<Storage{'need_task_scheduling': False, 'is_tune': False, 'train_mode': 'regression', 'modelName': 'emt-dlfr', 'datasetName': 'mosi', 'num_workers': 4, 'model_save_dir': 'results/mosi/emt-dlfr/run_once/models', 'res_save_dir': 'results/mosi/emt-dlfr/run_once/results', 'gpu_ids': [2], 'missing_rates': array([0. , 0.1, 0.2, 0.3, 0.4, 0.5, 0.6, 0.7, 0.8, 0.9, 1. ]), 'seed': 11111, 'num_seeds': 3, 'exp_name': 'moe-uncertainty', 'diff_missing': None, 'KeyEval': 'Loss', 'save_model': True, 'unified_missing': False, 'use_normalized_data': False, 'seeds': [111, 1111, 11111], 'missing_rate': (0.4, 0.4, 0.4), 'dataPath': '/mnt/HDD2/teng/Master-23/sjc/work2/EMT-DLFR-master-based/MMSA/Datasets/MOSI/Processed/unaligned_50.pkl', 'seq_lens': (50, 375, 500), 'feature_dims': (768, 5, 20), 'train_samples': 1284, 'num_classes': 3, 'language': 'en', 'missing_seed': (111, 1111, 11111), 'data_missing': True, 'deal_missing': False, 'need_data_aligned': False, 'need_model_aligned': False, 'need_normalized': False, 'use_bert': True, 'use_finetune': True, 'save_labels': False, 'early_stop': 8, 'update_epochs': 4, 'batch_size': 32, 'learning_rate_bert': 5e-05, 'learning_rate_audio': 0.001, 'learning_rate_video': 0.0001, 'learning_rate_other': 0.001, 'weight_decay_bert': 0.001, 'weight_decay_audio': 0.01, 'weight_decay_video': 0.001, 'weight_decay_other': 0.001, 'a_lstm_hidden_size': 32, 'v_lstm_hidden_size': 64, 'a_lstm_layers': 1, 'v_lstm_layers': 1, 'text_out': 768, 'audio_out': 16, 'video_out': 32, 'a_lstm_dropout': 0.0, 'v_lstm_dropout': 0.0, 't_bert_dropout': 0.1, 'd_model': 128, 'fusion_layers': 3, 'heads': 4, 'learnable_pos_emb': False, 'emb_dropout': 0.0, 'attn_dropout': 0.2, 'ff_dropout': 0.1, 'ff_expansion': 4, 'mpu_share': True, 'modality_share': True, 'layer_share': True, 'attn_act_fn': 'tanh', 'gmc_tokens_pred_dim': 128, 'text_pred_dim': 256, 'audio_pred_dim': 8, 'video_pred_dim': 16, 'recon_loss': 'SmoothL1Loss', 'loss_attra_weight': 1, 'loss_recon_weight': 1, 'post_fusion_dim': 256, 'post_fusion_dropout': 0.3, 'H': 3.0, 'cur_time': 3, 'model_save_path': 'results/mosi/emt-dlfr/run_once/models/emt-dlfr-mosi-regression-mr0.4-11111.pth', 'device': device(type='cuda', index=2), 'tasks': 'M'}>",<mean/std>,"(72.74, 0.78)","(72.73, 0.85)","(73.37, 0.31)","(73.45, 0.4)","(39.12, 0.42)","(35.13, 0.43)","(102.12, 1.16)","(57.61, 0.34)","(127.26, 2.18)","(102.03, 1.05)"
2026-01-30_14-40-03,emt-dlfr,"<Storage{'need_task_scheduling': False, 'is_tune': False, 'train_mode': 'regression', 'modelName': 'emt-dlfr', 'datasetName': 'mosi', 'num_workers': 4, 'model_save_dir': 'results/mosi/emt-dlfr/run_once/models', 'res_save_dir': 'results/mosi/emt-dlfr/run_once/results', 'gpu_ids': [2], 'missing_rates': array([0. , 0.1, 0.2, 0.3, 0.4, 0.5, 0.6, 0.7, 0.8, 0.9, 1. ]), 'seed': 11111, 'num_seeds': 3, 'exp_name': 'moe-uncertainty', 'diff_missing': None, 'KeyEval': 'Loss', 'save_model': True, 'unified_missing': False, 'use_normalized_data': False, 'seeds': [111, 1111, 11111], 'missing_rate': (0.4, 0.4, 0.4), 'dataPath': '/mnt/HDD2/teng/Master-23/sjc/work2/EMT-DLFR-master-based/MMSA/Datasets/MOSI/Processed/unaligned_50.pkl', 'seq_lens': (50, 375, 500), 'feature_dims': (768, 5, 20), 'train_samples': 1284, 'num_classes': 3, 'language': 'en', 'missing_seed': (111, 1111, 11111), 'data_missing': True, 'deal_missing': False, 'need_data_aligned': False, 'need_model_aligned': False, 'need_normalized': False, 'use_bert': True, 'use_finetune': True, 'save_labels': False, 'early_stop': 8, 'update_epochs': 4, 'batch_size': 32, 'learning_rate_bert': 5e-05, 'learning_rate_audio': 0.001, 'learning_rate_video': 0.0001, 'learning_rate_other': 0.001, 'weight_decay_bert': 0.001, 'weight_decay_audio': 0.01, 'weight_decay_video': 0.001, 'weight_decay_other': 0.001, 'a_lstm_hidden_size': 32, 'v_lstm_hidden_size': 64, 'a_lstm_layers': 1, 'v_lstm_layers': 1, 'text_out': 768, 'audio_out': 16, 'video_out': 32, 'a_lstm_dropout': 0.0, 'v_lstm_dropout': 0.0, 't_bert_dropout': 0.1, 'd_model': 128, 'fusion_layers': 3, 'heads': 4, 'learnable_pos_emb': False, 'emb_dropout': 0.0, 'attn_dropout': 0.2, 'ff_dropout': 0.1, 'ff_expansion': 4, 'mpu_share': True, 'modality_share': True, 'layer_share': True, 'attn_act_fn': 'tanh', 'gmc_tokens_pred_dim': 128, 'text_pred_dim': 256, 'audio_pred_dim': 8, 'video_pred_dim': 16, 'recon_loss': 'SmoothL1Loss', 'loss_attra_weight': 1, 'loss_recon_weight': 1, 'post_fusion_dim': 256, 'post_fusion_dropout': 0.3, 'H': 3.0, 'cur_time': 3, 'model_save_path': 'results/mosi/emt-dlfr/run_once/models/emt-dlfr-mosi-regression-mr0.4-11111.pth', 'device': device(type='cuda', index=2), 'tasks': 'M'}>",<max/seed>,"(73.76, 11111)","(73.81, 11111)","(73.78, 11111)","(73.93, 11111)","(39.65, 111)","(35.71, 111)","(103.75, 11111)","(57.88, 111)","(130.16, 11111)","(103.37, 11111)"
2026-01-30_14-40-03,emt-dlfr,"<Storage{'need_task_scheduling': False, 'is_tune': False, 'train_mode': 'regression', 'modelName': 'emt-dlfr', 'datasetName': 'mosi', 'num_workers': 4, 'model_save_dir': 'results/mosi/emt-dlfr/run_once/models', 'res_save_dir': 'results/mosi/emt-dlfr/run_once/results', 'gpu_ids': [2], 'missing_rates': array([0. , 0.1, 0.2, 0.3, 0.4, 0.5, 0.6, 0.7, 0.8, 0.9, 1. ]), 'seed': 11111, 'num_seeds': 3, 'exp_name': 'moe-uncertainty', 'diff_missing': None, 'KeyEval': 'Loss', 'save_model': True, 'unified_missing': False, 'use_normalized_data': False, 'seeds': [111, 1111, 11111], 'missing_rate': (0.4, 0.4, 0.4), 'dataPath': '/mnt/HDD2/teng/Master-23/sjc/work2/EMT-DLFR-master-based/MMSA/Datasets/MOSI/Processed/unaligned_50.pkl', 'seq_lens': (50, 375, 500), 'feature_dims': (768, 5, 20), 'train_samples': 1284, 'num_classes': 3, 'language': 'en', 'missing_seed': (111, 1111, 11111), 'data_missing': True, 'deal_missing': False, 'need_data_aligned': False, 'need_model_aligned': False, 'need_normalized': False, 'use_bert': True, 'use_finetune': True, 'save_labels': False, 'early_stop': 8, 'update_epochs': 4, 'batch_size': 32, 'learning_rate_bert': 5e-05, 'learning_rate_audio': 0.001, 'learning_rate_video': 0.0001, 'learning_rate_other': 0.001, 'weight_decay_bert': 0.001, 'weight_decay_audio': 0.01, 'weight_decay_video': 0.001, 'weight_decay_other': 0.001, 'a_lstm_hidden_size': 32, 'v_lstm_hidden_size': 64, 'a_lstm_layers': 1, 'v_lstm_layers': 1, 'text_out': 768, 'audio_out': 16, 'video_out': 32, 'a_lstm_dropout': 0.0, 'v_lstm_dropout': 0.0, 't_bert_dropout': 0.1, 'd_model': 128, 'fusion_layers': 3, 'heads': 4, 'learnable_pos_emb': False, 'emb_dropout': 0.0, 'attn_dropout': 0.2, 'ff_dropout': 0.1, 'ff_expansion': 4, 'mpu_share': True, 'modality_share': True, 'layer_share': True, 'attn_act_fn': 'tanh', 'gmc_tokens_pred_dim': 128, 'text_pred_dim': 256, 'audio_pred_dim': 8, 'video_pred_dim': 16, 'recon_loss': 'SmoothL1Loss', 'loss_attra_weight': 1, 'loss_recon_weight': 1, 'post_fusion_dim': 256, 'post_fusion_dropout': 0.3, 'H': 3.0, 'cur_time': 3, 'model_save_path': 'results/mosi/emt-dlfr/run_once/models/emt-dlfr-mosi-regression-mr0.4-11111.pth', 'device': device(type='cuda', index=2), 'tasks': 'M'}>",<min/seed>,"(71.87, 1111)","(71.72, 1111)","(73.02, 1111)","(72.95, 1111)","(38.63, 11111)","(34.69, 11111)","(101.21, 111)","(57.13, 1111)","(124.88, 111)","(100.8, 111)"
2026-01-30_18-07-01,emt-dlfr,"<Storage{'need_task_scheduling': False, 'is_tune': False, 'train_mode': 'regression', 'modelName': 'emt-dlfr', 'datasetName': 'mosi', 'num_workers': 4, 'model_save_dir': 'results/mosi/emt-dlfr/run_once/models', 'res_save_dir': 'results/mosi/emt-dlfr/run_once/results', 'gpu_ids': [2], 'missing_rates': array([0. , 0.1, 0.2, 0.3, 0.4, 0.5, 0.6, 0.7, 0.8, 0.9, 1. ]), 'seed': 11111, 'num_seeds': 3, 'exp_name': 'moe-uncertainty', 'diff_missing': None, 'KeyEval': 'Loss', 'save_model': True, 'unified_missing': False, 'use_normalized_data': False, 'seeds': [111, 1111, 11111], 'missing_rate': (0.4, 0.4, 0.4), 'dataPath': '/mnt/HDD2/teng/Master-23/sjc/work2/EMT-DLFR-master-based/MMSA/Datasets/MOSI/Processed/unaligned_50.pkl', 'seq_lens': (50, 375, 500), 'feature_dims': (768, 5, 20), 'train_samples': 1284, 'num_classes': 3, 'language': 'en', 'missing_seed': (111, 1111, 11111), 'data_missing': True, 'deal_missing': False, 'need_data_aligned': False, 'need_model_aligned': False, 'need_normalized': False, 'use_bert': True, 'use_finetune': True, 'save_labels': False, 'early_stop': 8, 'update_epochs': 4, 'batch_size': 32, 'learning_rate_bert': 5e-05, 'learning_rate_audio': 0.001, 'learning_rate_video': 0.0001, 'learning_rate_other': 0.001, 'weight_decay_bert': 0.001, 'weight_decay_audio': 0.01, 'weight_decay_video': 0.001, 'weight_decay_other': 0.001, 'a_lstm_hidden_size': 32, 'v_lstm_hidden_size': 64, 'a_lstm_layers': 1, 'v_lstm_layers': 1, 'text_out': 768, 'audio_out': 16, 'video_out': 32, 'a_lstm_dropout': 0.0, 'v_lstm_dropout': 0.0, 't_bert_dropout': 0.1, 'd_model': 128, 'fusion_layers': 3, 'heads': 4, 'learnable_pos_emb': False, 'emb_dropout': 0.0, 'attn_dropout': 0.2, 'ff_dropout': 0.1, 'ff_expansion': 4, 'mpu_share': True, 'modality_share': True, 'layer_share': True, 'attn_act_fn': 'tanh', 'gmc_tokens_pred_dim': 128, 'text_pred_dim': 256, 'audio_pred_dim': 8, 'video_pred_dim': 16, 'recon_loss': 'SmoothL1Loss', 'loss_attra_weight': 1, 'loss_recon_weight': 1, 'uncertainty_reg_weight': 0.1, 'uncertainty_reg_margin': 0.0001, 'uncertainty_before_weight': 0.3, 'post_fusion_dim': 256, 'post_fusion_dropout': 0.3, 'H': 3.0, 'cur_time': 3, 'model_save_path': 'results/mosi/emt-dlfr/run_once/models/emt-dlfr-mosi-regression-mr0.4-11111.pth', 'device': device(type='cuda', index=2), 'tasks': 'M'}>",111,56.27,56.24,55.79,55.93,18.37,18.37,137.8,20.24,157.83,137.67
2026-01-30_18-07-01,emt-dlfr,"<Storage{'need_task_scheduling': False, 'is_tune': False, 'train_mode': 'regression', 'modelName': 'emt-dlfr', 'datasetName': 'mosi', 'num_workers': 4, 'model_save_dir': 'results/mosi/emt-dlfr/run_once/models', 'res_save_dir': 'results/mosi/emt-dlfr/run_once/results', 'gpu_ids': [2], 'missing_rates': array([0. , 0.1, 0.2, 0.3, 0.4, 0.5, 0.6, 0.7, 0.8, 0.9, 1. ]), 'seed': 11111, 'num_seeds': 3, 'exp_name': 'moe-uncertainty', 'diff_missing': None, 'KeyEval': 'Loss', 'save_model': True, 'unified_missing': False, 'use_normalized_data': False, 'seeds': [111, 1111, 11111], 'missing_rate': (0.4, 0.4, 0.4), 'dataPath': '/mnt/HDD2/teng/Master-23/sjc/work2/EMT-DLFR-master-based/MMSA/Datasets/MOSI/Processed/unaligned_50.pkl', 'seq_lens': (50, 375, 500), 'feature_dims': (768, 5, 20), 'train_samples': 1284, 'num_classes': 3, 'language': 'en', 'missing_seed': (111, 1111, 11111), 'data_missing': True, 'deal_missing': False, 'need_data_aligned': False, 'need_model_aligned': False, 'need_normalized': False, 'use_bert': True, 'use_finetune': True, 'save_labels': False, 'early_stop': 8, 'update_epochs': 4, 'batch_size': 32, 'learning_rate_bert': 5e-05, 'learning_rate_audio': 0.001, 'learning_rate_video': 0.0001, 'learning_rate_other': 0.001, 'weight_decay_bert': 0.001, 'weight_decay_audio': 0.01, 'weight_decay_video': 0.001, 'weight_decay_other': 0.001, 'a_lstm_hidden_size': 32, 'v_lstm_hidden_size': 64, 'a_lstm_layers': 1, 'v_lstm_layers': 1, 'text_out': 768, 'audio_out': 16, 'video_out': 32, 'a_lstm_dropout': 0.0, 'v_lstm_dropout': 0.0, 't_bert_dropout': 0.1, 'd_model': 128, 'fusion_layers': 3, 'heads': 4, 'learnable_pos_emb': False, 'emb_dropout': 0.0, 'attn_dropout': 0.2, 'ff_dropout': 0.1, 'ff_expansion': 4, 'mpu_share': True, 'modality_share': True, 'layer_share': True, 'attn_act_fn': 'tanh', 'gmc_tokens_pred_dim': 128, 'text_pred_dim': 256, 'audio_pred_dim': 8, 'video_pred_dim': 16, 'recon_loss': 'SmoothL1Loss', 'loss_attra_weight': 1, 'loss_recon_weight': 1, 'uncertainty_reg_weight': 0.1, 'uncertainty_reg_margin': 0.0001, 'uncertainty_before_weight': 0.3, 'post_fusion_dim': 256, 'post_fusion_dropout': 0.3, 'H': 3.0, 'cur_time': 3, 'model_save_path': 'results/mosi/emt-dlfr/run_once/models/emt-dlfr-mosi-regression-mr0.4-11111.pth', 'device': device(type='cuda', index=2), 'tasks': 'M'}>",1111,52.04,49.52,50.61,48.31,17.35,17.35,147.07,15.48,166.04,146.71
2026-01-30_18-07-01,emt-dlfr,"<Storage{'need_task_scheduling': False, 'is_tune': False, 'train_mode': 'regression', 'modelName': 'emt-dlfr', 'datasetName': 'mosi', 'num_workers': 4, 'model_save_dir': 'results/mosi/emt-dlfr/run_once/models', 'res_save_dir': 'results/mosi/emt-dlfr/run_once/results', 'gpu_ids': [2], 'missing_rates': array([0. , 0.1, 0.2, 0.3, 0.4, 0.5, 0.6, 0.7, 0.8, 0.9, 1. ]), 'seed': 11111, 'num_seeds': 3, 'exp_name': 'moe-uncertainty', 'diff_missing': None, 'KeyEval': 'Loss', 'save_model': True, 'unified_missing': False, 'use_normalized_data': False, 'seeds': [111, 1111, 11111], 'missing_rate': (0.4, 0.4, 0.4), 'dataPath': '/mnt/HDD2/teng/Master-23/sjc/work2/EMT-DLFR-master-based/MMSA/Datasets/MOSI/Processed/unaligned_50.pkl', 'seq_lens': (50, 375, 500), 'feature_dims': (768, 5, 20), 'train_samples': 1284, 'num_classes': 3, 'language': 'en', 'missing_seed': (111, 1111, 11111), 'data_missing': True, 'deal_missing': False, 'need_data_aligned': False, 'need_model_aligned': False, 'need_normalized': False, 'use_bert': True, 'use_finetune': True, 'save_labels': False, 'early_stop': 8, 'update_epochs': 4, 'batch_size': 32, 'learning_rate_bert': 5e-05, 'learning_rate_audio': 0.001, 'learning_rate_video': 0.0001, 'learning_rate_other': 0.001, 'weight_decay_bert': 0.001, 'weight_decay_audio': 0.01, 'weight_decay_video': 0.001, 'weight_decay_other': 0.001, 'a_lstm_hidden_size': 32, 'v_lstm_hidden_size': 64, 'a_lstm_layers': 1, 'v_lstm_layers': 1, 'text_out': 768, 'audio_out': 16, 'video_out': 32, 'a_lstm_dropout': 0.0, 'v_lstm_dropout': 0.0, 't_bert_dropout': 0.1, 'd_model': 128, 'fusion_layers': 3, 'heads': 4, 'learnable_pos_emb': False, 'emb_dropout': 0.0, 'attn_dropout': 0.2, 'ff_dropout': 0.1, 'ff_expansion': 4, 'mpu_share': True, 'modality_share': True, 'layer_share': True, 'attn_act_fn': 'tanh', 'gmc_tokens_pred_dim': 128, 'text_pred_dim': 256, 'audio_pred_dim': 8, 'video_pred_dim': 16, 'recon_loss': 'SmoothL1Loss', 'loss_attra_weight': 1, 'loss_recon_weight': 1, 'uncertainty_reg_weight': 0.1, 'uncertainty_reg_margin': 0.0001, 'uncertainty_before_weight': 0.3, 'post_fusion_dim': 256, 'post_fusion_dropout': 0.3, 'H': 3.0, 'cur_time': 3, 'model_save_path': 'results/mosi/emt-dlfr/run_once/models/emt-dlfr-mosi-regression-mr0.4-11111.pth', 'device': device(type='cuda', index=2), 'tasks': 'M'}>",11111,57.29,57.37,57.01,57.24,18.95,18.95,137.16,17.63,158.01,138.03
2026-01-30_18-07-01,emt-dlfr,"<Storage{'need_task_scheduling': False, 'is_tune': False, 'train_mode': 'regression', 'modelName': 'emt-dlfr', 'datasetName': 'mosi', 'num_workers': 4, 'model_save_dir': 'results/mosi/emt-dlfr/run_once/models', 'res_save_dir': 'results/mosi/emt-dlfr/run_once/results', 'gpu_ids': [2], 'missing_rates': array([0. , 0.1, 0.2, 0.3, 0.4, 0.5, 0.6, 0.7, 0.8, 0.9, 1. ]), 'seed': 11111, 'num_seeds': 3, 'exp_name': 'moe-uncertainty', 'diff_missing': None, 'KeyEval': 'Loss', 'save_model': True, 'unified_missing': False, 'use_normalized_data': False, 'seeds': [111, 1111, 11111], 'missing_rate': (0.4, 0.4, 0.4), 'dataPath': '/mnt/HDD2/teng/Master-23/sjc/work2/EMT-DLFR-master-based/MMSA/Datasets/MOSI/Processed/unaligned_50.pkl', 'seq_lens': (50, 375, 500), 'feature_dims': (768, 5, 20), 'train_samples': 1284, 'num_classes': 3, 'language': 'en', 'missing_seed': (111, 1111, 11111), 'data_missing': True, 'deal_missing': False, 'need_data_aligned': False, 'need_model_aligned': False, 'need_normalized': False, 'use_bert': True, 'use_finetune': True, 'save_labels': False, 'early_stop': 8, 'update_epochs': 4, 'batch_size': 32, 'learning_rate_bert': 5e-05, 'learning_rate_audio': 0.001, 'learning_rate_video': 0.0001, 'learning_rate_other': 0.001, 'weight_decay_bert': 0.001, 'weight_decay_audio': 0.01, 'weight_decay_video': 0.001, 'weight_decay_other': 0.001, 'a_lstm_hidden_size': 32, 'v_lstm_hidden_size': 64, 'a_lstm_layers': 1, 'v_lstm_layers': 1, 'text_out': 768, 'audio_out': 16, 'video_out': 32, 'a_lstm_dropout': 0.0, 'v_lstm_dropout': 0.0, 't_bert_dropout': 0.1, 'd_model': 128, 'fusion_layers': 3, 'heads': 4, 'learnable_pos_emb': False, 'emb_dropout': 0.0, 'attn_dropout': 0.2, 'ff_dropout': 0.1, 'ff_expansion': 4, 'mpu_share': True, 'modality_share': True, 'layer_share': True, 'attn_act_fn': 'tanh', 'gmc_tokens_pred_dim': 128, 'text_pred_dim': 256, 'audio_pred_dim': 8, 'video_pred_dim': 16, 'recon_loss': 'SmoothL1Loss', 'loss_attra_weight': 1, 'loss_recon_weight': 1, 'uncertainty_reg_weight': 0.1, 'uncertainty_reg_margin': 0.0001, 'uncertainty_before_weight': 0.3, 'post_fusion_dim': 256, 'post_fusion_dropout': 0.3, 'H': 3.0, 'cur_time': 3, 'model_save_path': 'results/mosi/emt-dlfr/run_once/models/emt-dlfr-mosi-regression-mr0.4-11111.pth', 'device': device(type='cuda', index=2), 'tasks': 'M'}>",<mean/std>,"(55.2, 2.27)","(54.38, 3.47)","(54.47, 2.77)","(53.83, 3.94)","(18.22, 0.66)","(18.22, 0.66)","(140.68, 4.53)","(17.78, 1.95)","(160.63, 3.83)","(140.8, 4.18)"
2026-01-30_18-07-01,emt-dlfr,"<Storage{'need_task_scheduling': False, 'is_tune': False, 'train_mode': 'regression', 'modelName': 'emt-dlfr', 'datasetName': 'mosi', 'num_workers': 4, 'model_save_dir': 'results/mosi/emt-dlfr/run_once/models', 'res_save_dir': 'results/mosi/emt-dlfr/run_once/results', 'gpu_ids': [2], 'missing_rates': array([0. , 0.1, 0.2, 0.3, 0.4, 0.5, 0.6, 0.7, 0.8, 0.9, 1. ]), 'seed': 11111, 'num_seeds': 3, 'exp_name': 'moe-uncertainty', 'diff_missing': None, 'KeyEval': 'Loss', 'save_model': True, 'unified_missing': False, 'use_normalized_data': False, 'seeds': [111, 1111, 11111], 'missing_rate': (0.4, 0.4, 0.4), 'dataPath': '/mnt/HDD2/teng/Master-23/sjc/work2/EMT-DLFR-master-based/MMSA/Datasets/MOSI/Processed/unaligned_50.pkl', 'seq_lens': (50, 375, 500), 'feature_dims': (768, 5, 20), 'train_samples': 1284, 'num_classes': 3, 'language': 'en', 'missing_seed': (111, 1111, 11111), 'data_missing': True, 'deal_missing': False, 'need_data_aligned': False, 'need_model_aligned': False, 'need_normalized': False, 'use_bert': True, 'use_finetune': True, 'save_labels': False, 'early_stop': 8, 'update_epochs': 4, 'batch_size': 32, 'learning_rate_bert': 5e-05, 'learning_rate_audio': 0.001, 'learning_rate_video': 0.0001, 'learning_rate_other': 0.001, 'weight_decay_bert': 0.001, 'weight_decay_audio': 0.01, 'weight_decay_video': 0.001, 'weight_decay_other': 0.001, 'a_lstm_hidden_size': 32, 'v_lstm_hidden_size': 64, 'a_lstm_layers': 1, 'v_lstm_layers': 1, 'text_out': 768, 'audio_out': 16, 'video_out': 32, 'a_lstm_dropout': 0.0, 'v_lstm_dropout': 0.0, 't_bert_dropout': 0.1, 'd_model': 128, 'fusion_layers': 3, 'heads': 4, 'learnable_pos_emb': False, 'emb_dropout': 0.0, 'attn_dropout': 0.2, 'ff_dropout': 0.1, 'ff_expansion': 4, 'mpu_share': True, 'modality_share': True, 'layer_share': True, 'attn_act_fn': 'tanh', 'gmc_tokens_pred_dim': 128, 'text_pred_dim': 256, 'audio_pred_dim': 8, 'video_pred_dim': 16, 'recon_loss': 'SmoothL1Loss', 'loss_attra_weight': 1, 'loss_recon_weight': 1, 'uncertainty_reg_weight': 0.1, 'uncertainty_reg_margin': 0.0001, 'uncertainty_before_weight': 0.3, 'post_fusion_dim': 256, 'post_fusion_dropout': 0.3, 'H': 3.0, 'cur_time': 3, 'model_save_path': 'results/mosi/emt-dlfr/run_once/models/emt-dlfr-mosi-regression-mr0.4-11111.pth', 'device': device(type='cuda', index=2), 'tasks': 'M'}>",<max/seed>,"(57.29, 11111)","(57.37, 11111)","(57.01, 11111)","(57.24, 11111)","(18.95, 11111)","(18.95, 11111)","(147.07, 1111)","(20.24, 111)","(166.04, 1111)","(146.71, 1111)"
2026-01-30_18-07-01,emt-dlfr,"<Storage{'need_task_scheduling': False, 'is_tune': False, 'train_mode': 'regression', 'modelName': 'emt-dlfr', 'datasetName': 'mosi', 'num_workers': 4, 'model_save_dir': 'results/mosi/emt-dlfr/run_once/models', 'res_save_dir': 'results/mosi/emt-dlfr/run_once/results', 'gpu_ids': [2], 'missing_rates': array([0. , 0.1, 0.2, 0.3, 0.4, 0.5, 0.6, 0.7, 0.8, 0.9, 1. ]), 'seed': 11111, 'num_seeds': 3, 'exp_name': 'moe-uncertainty', 'diff_missing': None, 'KeyEval': 'Loss', 'save_model': True, 'unified_missing': False, 'use_normalized_data': False, 'seeds': [111, 1111, 11111], 'missing_rate': (0.4, 0.4, 0.4), 'dataPath': '/mnt/HDD2/teng/Master-23/sjc/work2/EMT-DLFR-master-based/MMSA/Datasets/MOSI/Processed/unaligned_50.pkl', 'seq_lens': (50, 375, 500), 'feature_dims': (768, 5, 20), 'train_samples': 1284, 'num_classes': 3, 'language': 'en', 'missing_seed': (111, 1111, 11111), 'data_missing': True, 'deal_missing': False, 'need_data_aligned': False, 'need_model_aligned': False, 'need_normalized': False, 'use_bert': True, 'use_finetune': True, 'save_labels': False, 'early_stop': 8, 'update_epochs': 4, 'batch_size': 32, 'learning_rate_bert': 5e-05, 'learning_rate_audio': 0.001, 'learning_rate_video': 0.0001, 'learning_rate_other': 0.001, 'weight_decay_bert': 0.001, 'weight_decay_audio': 0.01, 'weight_decay_video': 0.001, 'weight_decay_other': 0.001, 'a_lstm_hidden_size': 32, 'v_lstm_hidden_size': 64, 'a_lstm_layers': 1, 'v_lstm_layers': 1, 'text_out': 768, 'audio_out': 16, 'video_out': 32, 'a_lstm_dropout': 0.0, 'v_lstm_dropout': 0.0, 't_bert_dropout': 0.1, 'd_model': 128, 'fusion_layers': 3, 'heads': 4, 'learnable_pos_emb': False, 'emb_dropout': 0.0, 'attn_dropout': 0.2, 'ff_dropout': 0.1, 'ff_expansion': 4, 'mpu_share': True, 'modality_share': True, 'layer_share': True, 'attn_act_fn': 'tanh', 'gmc_tokens_pred_dim': 128, 'text_pred_dim': 256, 'audio_pred_dim': 8, 'video_pred_dim': 16, 'recon_loss': 'SmoothL1Loss', 'loss_attra_weight': 1, 'loss_recon_weight': 1, 'uncertainty_reg_weight': 0.1, 'uncertainty_reg_margin': 0.0001, 'uncertainty_before_weight': 0.3, 'post_fusion_dim': 256, 'post_fusion_dropout': 0.3, 'H': 3.0, 'cur_time': 3, 'model_save_path': 'results/mosi/emt-dlfr/run_once/models/emt-dlfr-mosi-regression-mr0.4-11111.pth', 'device': device(type='cuda', index=2), 'tasks': 'M'}>",<min/seed>,"(52.04, 1111)","(49.52, 1111)","(50.61, 1111)","(48.31, 1111)","(17.35, 1111)","(17.35, 1111)","(137.16, 11111)","(15.48, 1111)","(157.83, 111)","(137.67, 111)"
2026-01-31_03-06-12,emt-dlfr,"<Storage{'need_task_scheduling': False, 'is_tune': False, 'train_mode': 'regression', 'modelName': 'emt-dlfr', 'datasetName': 'mosi', 'num_workers': 4, 'model_save_dir': 'results/mosi/emt-dlfr/run_once/models', 'res_save_dir': 'results/mosi/emt-dlfr/run_once/results', 'gpu_ids': [2], 'missing_rates': array([0. , 0.1, 0.2, 0.3, 0.4, 0.5, 0.6, 0.7, 0.8, 0.9, 1. ]), 'seed': 11111, 'num_seeds': 3, 'exp_name': 'moe-uncertainty', 'diff_missing': None, 'KeyEval': 'Loss', 'save_model': True, 'unified_missing': False, 'use_normalized_data': False, 'seeds': [111, 1111, 11111], 'missing_rate': (0.4, 0.4, 0.4), 'dataPath': '/mnt/HDD2/teng/Master-23/sjc/work2/EMT-DLFR-master-based/MMSA/Datasets/MOSI/Processed/unaligned_50.pkl', 'seq_lens': (50, 375, 500), 'feature_dims': (768, 5, 20), 'train_samples': 1284, 'num_classes': 3, 'language': 'en', 'missing_seed': (111, 1111, 11111), 'data_missing': True, 'deal_missing': False, 'need_data_aligned': False, 'need_model_aligned': False, 'need_normalized': False, 'use_bert': True, 'use_finetune': True, 'save_labels': False, 'early_stop': 8, 'update_epochs': 4, 'batch_size': 32, 'learning_rate_bert': 5e-05, 'learning_rate_audio': 0.001, 'learning_rate_video': 0.0001, 'learning_rate_other': 0.001, 'weight_decay_bert': 0.001, 'weight_decay_audio': 0.01, 'weight_decay_video': 0.001, 'weight_decay_other': 0.001, 'a_lstm_hidden_size': 32, 'v_lstm_hidden_size': 64, 'a_lstm_layers': 1, 'v_lstm_layers': 1, 'text_out': 768, 'audio_out': 16, 'video_out': 32, 'a_lstm_dropout': 0.0, 'v_lstm_dropout': 0.0, 't_bert_dropout': 0.1, 'd_model': 128, 'fusion_layers': 3, 'heads': 4, 'learnable_pos_emb': False, 'emb_dropout': 0.0, 'attn_dropout': 0.2, 'ff_dropout': 0.1, 'ff_expansion': 4, 'mpu_share': True, 'modality_share': True, 'layer_share': True, 'attn_act_fn': 'tanh', 'gmc_tokens_pred_dim': 128, 'text_pred_dim': 256, 'audio_pred_dim': 8, 'video_pred_dim': 16, 'recon_loss': 'SmoothL1Loss', 'loss_attra_weight': 1, 'loss_recon_weight': 1, 'uncertainty_reg_weight': 0.1, 'uncertainty_reg_margin': 0.0001, 'uncertainty_before_weight': 0.3, 'post_fusion_dim': 256, 'post_fusion_dropout': 0.3, 'H': 3.0, 'cur_time': 3, 'model_save_path': 'results/mosi/emt-dlfr/run_once/models/emt-dlfr-mosi-regression-mr0.4-11111.pth', 'device': device(type='cuda', index=2), 'tasks': 'M'}>",111,72.3,72.36,73.17,73.31,36.88,31.92,105.57,54.87,131.21,106.12
2026-01-31_03-06-12,emt-dlfr,"<Storage{'need_task_scheduling': False, 'is_tune': False, 'train_mode': 'regression', 'modelName': 'emt-dlfr', 'datasetName': 'mosi', 'num_workers': 4, 'model_save_dir': 'results/mosi/emt-dlfr/run_once/models', 'res_save_dir': 'results/mosi/emt-dlfr/run_once/results', 'gpu_ids': [2], 'missing_rates': array([0. , 0.1, 0.2, 0.3, 0.4, 0.5, 0.6, 0.7, 0.8, 0.9, 1. ]), 'seed': 11111, 'num_seeds': 3, 'exp_name': 'moe-uncertainty', 'diff_missing': None, 'KeyEval': 'Loss', 'save_model': True, 'unified_missing': False, 'use_normalized_data': False, 'seeds': [111, 1111, 11111], 'missing_rate': (0.4, 0.4, 0.4), 'dataPath': '/mnt/HDD2/teng/Master-23/sjc/work2/EMT-DLFR-master-based/MMSA/Datasets/MOSI/Processed/unaligned_50.pkl', 'seq_lens': (50, 375, 500), 'feature_dims': (768, 5, 20), 'train_samples': 1284, 'num_classes': 3, 'language': 'en', 'missing_seed': (111, 1111, 11111), 'data_missing': True, 'deal_missing': False, 'need_data_aligned': False, 'need_model_aligned': False, 'need_normalized': False, 'use_bert': True, 'use_finetune': True, 'save_labels': False, 'early_stop': 8, 'update_epochs': 4, 'batch_size': 32, 'learning_rate_bert': 5e-05, 'learning_rate_audio': 0.001, 'learning_rate_video': 0.0001, 'learning_rate_other': 0.001, 'weight_decay_bert': 0.001, 'weight_decay_audio': 0.01, 'weight_decay_video': 0.001, 'weight_decay_other': 0.001, 'a_lstm_hidden_size': 32, 'v_lstm_hidden_size': 64, 'a_lstm_layers': 1, 'v_lstm_layers': 1, 'text_out': 768, 'audio_out': 16, 'video_out': 32, 'a_lstm_dropout': 0.0, 'v_lstm_dropout': 0.0, 't_bert_dropout': 0.1, 'd_model': 128, 'fusion_layers': 3, 'heads': 4, 'learnable_pos_emb': False, 'emb_dropout': 0.0, 'attn_dropout': 0.2, 'ff_dropout': 0.1, 'ff_expansion': 4, 'mpu_share': True, 'modality_share': True, 'layer_share': True, 'attn_act_fn': 'tanh', 'gmc_tokens_pred_dim': 128, 'text_pred_dim': 256, 'audio_pred_dim': 8, 'video_pred_dim': 16, 'recon_loss': 'SmoothL1Loss', 'loss_attra_weight': 1, 'loss_recon_weight': 1, 'uncertainty_reg_weight': 0.1, 'uncertainty_reg_margin': 0.0001, 'uncertainty_before_weight': 0.3, 'post_fusion_dim': 256, 'post_fusion_dropout': 0.3, 'H': 3.0, 'cur_time': 3, 'model_save_path': 'results/mosi/emt-dlfr/run_once/models/emt-dlfr-mosi-regression-mr0.4-11111.pth', 'device': device(type='cuda', index=2), 'tasks': 'M'}>",1111,70.26,70.34,70.58,70.76,33.53,30.03,107.8,54.12,132.95,107.38
2026-01-31_03-06-12,emt-dlfr,"<Storage{'need_task_scheduling': False, 'is_tune': False, 'train_mode': 'regression', 'modelName': 'emt-dlfr', 'datasetName': 'mosi', 'num_workers': 4, 'model_save_dir': 'results/mosi/emt-dlfr/run_once/models', 'res_save_dir': 'results/mosi/emt-dlfr/run_once/results', 'gpu_ids': [2], 'missing_rates': array([0. , 0.1, 0.2, 0.3, 0.4, 0.5, 0.6, 0.7, 0.8, 0.9, 1. ]), 'seed': 11111, 'num_seeds': 3, 'exp_name': 'moe-uncertainty', 'diff_missing': None, 'KeyEval': 'Loss', 'save_model': True, 'unified_missing': False, 'use_normalized_data': False, 'seeds': [111, 1111, 11111], 'missing_rate': (0.4, 0.4, 0.4), 'dataPath': '/mnt/HDD2/teng/Master-23/sjc/work2/EMT-DLFR-master-based/MMSA/Datasets/MOSI/Processed/unaligned_50.pkl', 'seq_lens': (50, 375, 500), 'feature_dims': (768, 5, 20), 'train_samples': 1284, 'num_classes': 3, 'language': 'en', 'missing_seed': (111, 1111, 11111), 'data_missing': True, 'deal_missing': False, 'need_data_aligned': False, 'need_model_aligned': False, 'need_normalized': False, 'use_bert': True, 'use_finetune': True, 'save_labels': False, 'early_stop': 8, 'update_epochs': 4, 'batch_size': 32, 'learning_rate_bert': 5e-05, 'learning_rate_audio': 0.001, 'learning_rate_video': 0.0001, 'learning_rate_other': 0.001, 'weight_decay_bert': 0.001, 'weight_decay_audio': 0.01, 'weight_decay_video': 0.001, 'weight_decay_other': 0.001, 'a_lstm_hidden_size': 32, 'v_lstm_hidden_size': 64, 'a_lstm_layers': 1, 'v_lstm_layers': 1, 'text_out': 768, 'audio_out': 16, 'video_out': 32, 'a_lstm_dropout': 0.0, 'v_lstm_dropout': 0.0, 't_bert_dropout': 0.1, 'd_model': 128, 'fusion_layers': 3, 'heads': 4, 'learnable_pos_emb': False, 'emb_dropout': 0.0, 'attn_dropout': 0.2, 'ff_dropout': 0.1, 'ff_expansion': 4, 'mpu_share': True, 'modality_share': True, 'layer_share': True, 'attn_act_fn': 'tanh', 'gmc_tokens_pred_dim': 128, 'text_pred_dim': 256, 'audio_pred_dim': 8, 'video_pred_dim': 16, 'recon_loss': 'SmoothL1Loss', 'loss_attra_weight': 1, 'loss_recon_weight': 1, 'uncertainty_reg_weight': 0.1, 'uncertainty_reg_margin': 0.0001, 'uncertainty_before_weight': 0.3, 'post_fusion_dim': 256, 'post_fusion_dropout': 0.3, 'H': 3.0, 'cur_time': 3, 'model_save_path': 'results/mosi/emt-dlfr/run_once/models/emt-dlfr-mosi-regression-mr0.4-11111.pth', 'device': device(type='cuda', index=2), 'tasks': 'M'}>",11111,72.74,72.82,73.32,73.48,35.28,30.9,107.11,54.86,133.87,107.44
2026-01-31_03-06-12,emt-dlfr,"<Storage{'need_task_scheduling': False, 'is_tune': False, 'train_mode': 'regression', 'modelName': 'emt-dlfr', 'datasetName': 'mosi', 'num_workers': 4, 'model_save_dir': 'results/mosi/emt-dlfr/run_once/models', 'res_save_dir': 'results/mosi/emt-dlfr/run_once/results', 'gpu_ids': [2], 'missing_rates': array([0. , 0.1, 0.2, 0.3, 0.4, 0.5, 0.6, 0.7, 0.8, 0.9, 1. ]), 'seed': 11111, 'num_seeds': 3, 'exp_name': 'moe-uncertainty', 'diff_missing': None, 'KeyEval': 'Loss', 'save_model': True, 'unified_missing': False, 'use_normalized_data': False, 'seeds': [111, 1111, 11111], 'missing_rate': (0.4, 0.4, 0.4), 'dataPath': '/mnt/HDD2/teng/Master-23/sjc/work2/EMT-DLFR-master-based/MMSA/Datasets/MOSI/Processed/unaligned_50.pkl', 'seq_lens': (50, 375, 500), 'feature_dims': (768, 5, 20), 'train_samples': 1284, 'num_classes': 3, 'language': 'en', 'missing_seed': (111, 1111, 11111), 'data_missing': True, 'deal_missing': False, 'need_data_aligned': False, 'need_model_aligned': False, 'need_normalized': False, 'use_bert': True, 'use_finetune': True, 'save_labels': False, 'early_stop': 8, 'update_epochs': 4, 'batch_size': 32, 'learning_rate_bert': 5e-05, 'learning_rate_audio': 0.001, 'learning_rate_video': 0.0001, 'learning_rate_other': 0.001, 'weight_decay_bert': 0.001, 'weight_decay_audio': 0.01, 'weight_decay_video': 0.001, 'weight_decay_other': 0.001, 'a_lstm_hidden_size': 32, 'v_lstm_hidden_size': 64, 'a_lstm_layers': 1, 'v_lstm_layers': 1, 'text_out': 768, 'audio_out': 16, 'video_out': 32, 'a_lstm_dropout': 0.0, 'v_lstm_dropout': 0.0, 't_bert_dropout': 0.1, 'd_model': 128, 'fusion_layers': 3, 'heads': 4, 'learnable_pos_emb': False, 'emb_dropout': 0.0, 'attn_dropout': 0.2, 'ff_dropout': 0.1, 'ff_expansion': 4, 'mpu_share': True, 'modality_share': True, 'layer_share': True, 'attn_act_fn': 'tanh', 'gmc_tokens_pred_dim': 128, 'text_pred_dim': 256, 'audio_pred_dim': 8, 'video_pred_dim': 16, 'recon_loss': 'SmoothL1Loss', 'loss_attra_weight': 1, 'loss_recon_weight': 1, 'uncertainty_reg_weight': 0.1, 'uncertainty_reg_margin': 0.0001, 'uncertainty_before_weight': 0.3, 'post_fusion_dim': 256, 'post_fusion_dropout': 0.3, 'H': 3.0, 'cur_time': 3, 'model_save_path': 'results/mosi/emt-dlfr/run_once/models/emt-dlfr-mosi-regression-mr0.4-11111.pth', 'device': device(type='cuda', index=2), 'tasks': 'M'}>",<mean/std>,"(71.77, 1.08)","(71.84, 1.08)","(72.36, 1.26)","(72.52, 1.24)","(35.23, 1.37)","(30.95, 0.77)","(106.83, 0.93)","(54.62, 0.35)","(132.68, 1.1)","(106.98, 0.6)"
2026-01-31_03-06-12,emt-dlfr,"<Storage{'need_task_scheduling': False, 'is_tune': False, 'train_mode': 'regression', 'modelName': 'emt-dlfr', 'datasetName': 'mosi', 'num_workers': 4, 'model_save_dir': 'results/mosi/emt-dlfr/run_once/models', 'res_save_dir': 'results/mosi/emt-dlfr/run_once/results', 'gpu_ids': [2], 'missing_rates': array([0. , 0.1, 0.2, 0.3, 0.4, 0.5, 0.6, 0.7, 0.8, 0.9, 1. ]), 'seed': 11111, 'num_seeds': 3, 'exp_name': 'moe-uncertainty', 'diff_missing': None, 'KeyEval': 'Loss', 'save_model': True, 'unified_missing': False, 'use_normalized_data': False, 'seeds': [111, 1111, 11111], 'missing_rate': (0.4, 0.4, 0.4), 'dataPath': '/mnt/HDD2/teng/Master-23/sjc/work2/EMT-DLFR-master-based/MMSA/Datasets/MOSI/Processed/unaligned_50.pkl', 'seq_lens': (50, 375, 500), 'feature_dims': (768, 5, 20), 'train_samples': 1284, 'num_classes': 3, 'language': 'en', 'missing_seed': (111, 1111, 11111), 'data_missing': True, 'deal_missing': False, 'need_data_aligned': False, 'need_model_aligned': False, 'need_normalized': False, 'use_bert': True, 'use_finetune': True, 'save_labels': False, 'early_stop': 8, 'update_epochs': 4, 'batch_size': 32, 'learning_rate_bert': 5e-05, 'learning_rate_audio': 0.001, 'learning_rate_video': 0.0001, 'learning_rate_other': 0.001, 'weight_decay_bert': 0.001, 'weight_decay_audio': 0.01, 'weight_decay_video': 0.001, 'weight_decay_other': 0.001, 'a_lstm_hidden_size': 32, 'v_lstm_hidden_size': 64, 'a_lstm_layers': 1, 'v_lstm_layers': 1, 'text_out': 768, 'audio_out': 16, 'video_out': 32, 'a_lstm_dropout': 0.0, 'v_lstm_dropout': 0.0, 't_bert_dropout': 0.1, 'd_model': 128, 'fusion_layers': 3, 'heads': 4, 'learnable_pos_emb': False, 'emb_dropout': 0.0, 'attn_dropout': 0.2, 'ff_dropout': 0.1, 'ff_expansion': 4, 'mpu_share': True, 'modality_share': True, 'layer_share': True, 'attn_act_fn': 'tanh', 'gmc_tokens_pred_dim': 128, 'text_pred_dim': 256, 'audio_pred_dim': 8, 'video_pred_dim': 16, 'recon_loss': 'SmoothL1Loss', 'loss_attra_weight': 1, 'loss_recon_weight': 1, 'uncertainty_reg_weight': 0.1, 'uncertainty_reg_margin': 0.0001, 'uncertainty_before_weight': 0.3, 'post_fusion_dim': 256, 'post_fusion_dropout': 0.3, 'H': 3.0, 'cur_time': 3, 'model_save_path': 'results/mosi/emt-dlfr/run_once/models/emt-dlfr-mosi-regression-mr0.4-11111.pth', 'device': device(type='cuda', index=2), 'tasks': 'M'}>",<max/seed>,"(72.74, 11111)","(72.82, 11111)","(73.32, 11111)","(73.48, 11111)","(36.88, 111)","(31.92, 111)","(107.8, 1111)","(54.87, 111)","(133.87, 11111)","(107.44, 11111)"
2026-01-31_03-06-12,emt-dlfr,"<Storage{'need_task_scheduling': False, 'is_tune': False, 'train_mode': 'regression', 'modelName': 'emt-dlfr', 'datasetName': 'mosi', 'num_workers': 4, 'model_save_dir': 'results/mosi/emt-dlfr/run_once/models', 'res_save_dir': 'results/mosi/emt-dlfr/run_once/results', 'gpu_ids': [2], 'missing_rates': array([0. , 0.1, 0.2, 0.3, 0.4, 0.5, 0.6, 0.7, 0.8, 0.9, 1. ]), 'seed': 11111, 'num_seeds': 3, 'exp_name': 'moe-uncertainty', 'diff_missing': None, 'KeyEval': 'Loss', 'save_model': True, 'unified_missing': False, 'use_normalized_data': False, 'seeds': [111, 1111, 11111], 'missing_rate': (0.4, 0.4, 0.4), 'dataPath': '/mnt/HDD2/teng/Master-23/sjc/work2/EMT-DLFR-master-based/MMSA/Datasets/MOSI/Processed/unaligned_50.pkl', 'seq_lens': (50, 375, 500), 'feature_dims': (768, 5, 20), 'train_samples': 1284, 'num_classes': 3, 'language': 'en', 'missing_seed': (111, 1111, 11111), 'data_missing': True, 'deal_missing': False, 'need_data_aligned': False, 'need_model_aligned': False, 'need_normalized': False, 'use_bert': True, 'use_finetune': True, 'save_labels': False, 'early_stop': 8, 'update_epochs': 4, 'batch_size': 32, 'learning_rate_bert': 5e-05, 'learning_rate_audio': 0.001, 'learning_rate_video': 0.0001, 'learning_rate_other': 0.001, 'weight_decay_bert': 0.001, 'weight_decay_audio': 0.01, 'weight_decay_video': 0.001, 'weight_decay_other': 0.001, 'a_lstm_hidden_size': 32, 'v_lstm_hidden_size': 64, 'a_lstm_layers': 1, 'v_lstm_layers': 1, 'text_out': 768, 'audio_out': 16, 'video_out': 32, 'a_lstm_dropout': 0.0, 'v_lstm_dropout': 0.0, 't_bert_dropout': 0.1, 'd_model': 128, 'fusion_layers': 3, 'heads': 4, 'learnable_pos_emb': False, 'emb_dropout': 0.0, 'attn_dropout': 0.2, 'ff_dropout': 0.1, 'ff_expansion': 4, 'mpu_share': True, 'modality_share': True, 'layer_share': True, 'attn_act_fn': 'tanh', 'gmc_tokens_pred_dim': 128, 'text_pred_dim': 256, 'audio_pred_dim': 8, 'video_pred_dim': 16, 'recon_loss': 'SmoothL1Loss', 'loss_attra_weight': 1, 'loss_recon_weight': 1, 'uncertainty_reg_weight': 0.1, 'uncertainty_reg_margin': 0.0001, 'uncertainty_before_weight': 0.3, 'post_fusion_dim': 256, 'post_fusion_dropout': 0.3, 'H': 3.0, 'cur_time': 3, 'model_save_path': 'results/mosi/emt-dlfr/run_once/models/emt-dlfr-mosi-regression-mr0.4-11111.pth', 'device': device(type='cuda', index=2), 'tasks': 'M'}>",<min/seed>,"(70.26, 1111)","(70.34, 1111)","(70.58, 1111)","(70.76, 1111)","(33.53, 1111)","(30.03, 1111)","(105.57, 111)","(54.12, 1111)","(131.21, 111)","(106.12, 111)"
2026-01-31_08-11-44,emt-dlfr,"<Storage{'need_task_scheduling': False, 'is_tune': False, 'train_mode': 'regression', 'modelName': 'emt-dlfr', 'datasetName': 'mosi', 'num_workers': 4, 'model_save_dir': 'results/mosi/emt-dlfr/run_once/models', 'res_save_dir': 'results/mosi/emt-dlfr/run_once/results', 'gpu_ids': [2], 'missing_rates': array([0. , 0.1, 0.2, 0.3, 0.4, 0.5, 0.6, 0.7, 0.8, 0.9, 1. ]), 'seed': 11111, 'num_seeds': 3, 'exp_name': 'moe-uncertainty', 'diff_missing': None, 'KeyEval': 'Loss', 'save_model': True, 'unified_missing': False, 'use_normalized_data': False, 'seeds': [111, 1111, 11111], 'missing_rate': (0.4, 0.4, 0.4), 'dataPath': '/mnt/HDD2/teng/Master-23/sjc/work2/EMT-DLFR-master-based/MMSA/Datasets/MOSI/Processed/unaligned_50.pkl', 'seq_lens': (50, 375, 500), 'feature_dims': (768, 5, 20), 'train_samples': 1284, 'num_classes': 3, 'language': 'en', 'missing_seed': (111, 1111, 11111), 'data_missing': True, 'deal_missing': False, 'need_data_aligned': False, 'need_model_aligned': False, 'need_normalized': False, 'use_bert': True, 'use_finetune': True, 'save_labels': False, 'early_stop': 8, 'update_epochs': 4, 'batch_size': 32, 'learning_rate_bert': 5e-05, 'learning_rate_audio': 0.001, 'learning_rate_video': 0.0001, 'learning_rate_other': 0.001, 'weight_decay_bert': 0.001, 'weight_decay_audio': 0.01, 'weight_decay_video': 0.001, 'weight_decay_other': 0.001, 'a_lstm_hidden_size': 32, 'v_lstm_hidden_size': 64, 'a_lstm_layers': 1, 'v_lstm_layers': 1, 'text_out': 768, 'audio_out': 16, 'video_out': 32, 'a_lstm_dropout': 0.0, 'v_lstm_dropout': 0.0, 't_bert_dropout': 0.1, 'd_model': 128, 'fusion_layers': 3, 'heads': 4, 'learnable_pos_emb': False, 'emb_dropout': 0.0, 'attn_dropout': 0.2, 'ff_dropout': 0.1, 'ff_expansion': 4, 'mpu_share': True, 'modality_share': True, 'layer_share': True, 'attn_act_fn': 'tanh', 'gmc_tokens_pred_dim': 128, 'text_pred_dim': 256, 'audio_pred_dim': 8, 'video_pred_dim': 16, 'recon_loss': 'SmoothL1Loss', 'loss_attra_weight': 1, 'loss_recon_weight': 1, 'uncertainty_reg_weight': 0.3, 'uncertainty_reg_margin': 0.0001, 'uncertainty_before_weight': 0.3, 'post_fusion_dim': 256, 'post_fusion_dropout': 0.3, 'H': 3.0, 'cur_time': 3, 'model_save_path': 'results/mosi/emt-dlfr/run_once/models/emt-dlfr-mosi-regression-mr0.4-11111.pth', 'device': device(type='cuda', index=2), 'tasks': 'M'}>",111,72.59,72.52,73.63,73.63,36.73,32.51,106.76,54.59,132.96,107.78
2026-01-31_08-11-44,emt-dlfr,"<Storage{'need_task_scheduling': False, 'is_tune': False, 'train_mode': 'regression', 'modelName': 'emt-dlfr', 'datasetName': 'mosi', 'num_workers': 4, 'model_save_dir': 'results/mosi/emt-dlfr/run_once/models', 'res_save_dir': 'results/mosi/emt-dlfr/run_once/results', 'gpu_ids': [2], 'missing_rates': array([0. , 0.1, 0.2, 0.3, 0.4, 0.5, 0.6, 0.7, 0.8, 0.9, 1. ]), 'seed': 11111, 'num_seeds': 3, 'exp_name': 'moe-uncertainty', 'diff_missing': None, 'KeyEval': 'Loss', 'save_model': True, 'unified_missing': False, 'use_normalized_data': False, 'seeds': [111, 1111, 11111], 'missing_rate': (0.4, 0.4, 0.4), 'dataPath': '/mnt/HDD2/teng/Master-23/sjc/work2/EMT-DLFR-master-based/MMSA/Datasets/MOSI/Processed/unaligned_50.pkl', 'seq_lens': (50, 375, 500), 'feature_dims': (768, 5, 20), 'train_samples': 1284, 'num_classes': 3, 'language': 'en', 'missing_seed': (111, 1111, 11111), 'data_missing': True, 'deal_missing': False, 'need_data_aligned': False, 'need_model_aligned': False, 'need_normalized': False, 'use_bert': True, 'use_finetune': True, 'save_labels': False, 'early_stop': 8, 'update_epochs': 4, 'batch_size': 32, 'learning_rate_bert': 5e-05, 'learning_rate_audio': 0.001, 'learning_rate_video': 0.0001, 'learning_rate_other': 0.001, 'weight_decay_bert': 0.001, 'weight_decay_audio': 0.01, 'weight_decay_video': 0.001, 'weight_decay_other': 0.001, 'a_lstm_hidden_size': 32, 'v_lstm_hidden_size': 64, 'a_lstm_layers': 1, 'v_lstm_layers': 1, 'text_out': 768, 'audio_out': 16, 'video_out': 32, 'a_lstm_dropout': 0.0, 'v_lstm_dropout': 0.0, 't_bert_dropout': 0.1, 'd_model': 128, 'fusion_layers': 3, 'heads': 4, 'learnable_pos_emb': False, 'emb_dropout': 0.0, 'attn_dropout': 0.2, 'ff_dropout': 0.1, 'ff_expansion': 4, 'mpu_share': True, 'modality_share': True, 'layer_share': True, 'attn_act_fn': 'tanh', 'gmc_tokens_pred_dim': 128, 'text_pred_dim': 256, 'audio_pred_dim': 8, 'video_pred_dim': 16, 'recon_loss': 'SmoothL1Loss', 'loss_attra_weight': 1, 'loss_recon_weight': 1, 'uncertainty_reg_weight': 0.3, 'uncertainty_reg_margin': 0.0001, 'uncertainty_before_weight': 0.3, 'post_fusion_dim': 256, 'post_fusion_dropout': 0.3, 'H': 3.0, 'cur_time': 3, 'model_save_path': 'results/mosi/emt-dlfr/run_once/models/emt-dlfr-mosi-regression-mr0.4-11111.pth', 'device': device(type='cuda', index=2), 'tasks': 'M'}>",1111,70.26,70.31,70.43,70.58,35.42,32.07,109.29,54.98,133.93,108.81
2026-01-31_08-11-44,emt-dlfr,"<Storage{'need_task_scheduling': False, 'is_tune': False, 'train_mode': 'regression', 'modelName': 'emt-dlfr', 'datasetName': 'mosi', 'num_workers': 4, 'model_save_dir': 'results/mosi/emt-dlfr/run_once/models', 'res_save_dir': 'results/mosi/emt-dlfr/run_once/results', 'gpu_ids': [2], 'missing_rates': array([0. , 0.1, 0.2, 0.3, 0.4, 0.5, 0.6, 0.7, 0.8, 0.9, 1. ]), 'seed': 11111, 'num_seeds': 3, 'exp_name': 'moe-uncertainty', 'diff_missing': None, 'KeyEval': 'Loss', 'save_model': True, 'unified_missing': False, 'use_normalized_data': False, 'seeds': [111, 1111, 11111], 'missing_rate': (0.4, 0.4, 0.4), 'dataPath': '/mnt/HDD2/teng/Master-23/sjc/work2/EMT-DLFR-master-based/MMSA/Datasets/MOSI/Processed/unaligned_50.pkl', 'seq_lens': (50, 375, 500), 'feature_dims': (768, 5, 20), 'train_samples': 1284, 'num_classes': 3, 'language': 'en', 'missing_seed': (111, 1111, 11111), 'data_missing': True, 'deal_missing': False, 'need_data_aligned': False, 'need_model_aligned': False, 'need_normalized': False, 'use_bert': True, 'use_finetune': True, 'save_labels': False, 'early_stop': 8, 'update_epochs': 4, 'batch_size': 32, 'learning_rate_bert': 5e-05, 'learning_rate_audio': 0.001, 'learning_rate_video': 0.0001, 'learning_rate_other': 0.001, 'weight_decay_bert': 0.001, 'weight_decay_audio': 0.01, 'weight_decay_video': 0.001, 'weight_decay_other': 0.001, 'a_lstm_hidden_size': 32, 'v_lstm_hidden_size': 64, 'a_lstm_layers': 1, 'v_lstm_layers': 1, 'text_out': 768, 'audio_out': 16, 'video_out': 32, 'a_lstm_dropout': 0.0, 'v_lstm_dropout': 0.0, 't_bert_dropout': 0.1, 'd_model': 128, 'fusion_layers': 3, 'heads': 4, 'learnable_pos_emb': False, 'emb_dropout': 0.0, 'attn_dropout': 0.2, 'ff_dropout': 0.1, 'ff_expansion': 4, 'mpu_share': True, 'modality_share': True, 'layer_share': True, 'attn_act_fn': 'tanh', 'gmc_tokens_pred_dim': 128, 'text_pred_dim': 256, 'audio_pred_dim': 8, 'video_pred_dim': 16, 'recon_loss': 'SmoothL1Loss', 'loss_attra_weight': 1, 'loss_recon_weight': 1, 'uncertainty_reg_weight': 0.3, 'uncertainty_reg_margin': 0.0001, 'uncertainty_before_weight': 0.3, 'post_fusion_dim': 256, 'post_fusion_dropout': 0.3, 'H': 3.0, 'cur_time': 3, 'model_save_path': 'results/mosi/emt-dlfr/run_once/models/emt-dlfr-mosi-regression-mr0.4-11111.pth', 'device': device(type='cuda', index=2), 'tasks': 'M'}>",11111,71.87,71.94,72.26,72.41,35.71,32.22,108.04,52.93,134.4,108.64
2026-01-31_08-11-44,emt-dlfr,"<Storage{'need_task_scheduling': False, 'is_tune': False, 'train_mode': 'regression', 'modelName': 'emt-dlfr', 'datasetName': 'mosi', 'num_workers': 4, 'model_save_dir': 'results/mosi/emt-dlfr/run_once/models', 'res_save_dir': 'results/mosi/emt-dlfr/run_once/results', 'gpu_ids': [2], 'missing_rates': array([0. , 0.1, 0.2, 0.3, 0.4, 0.5, 0.6, 0.7, 0.8, 0.9, 1. ]), 'seed': 11111, 'num_seeds': 3, 'exp_name': 'moe-uncertainty', 'diff_missing': None, 'KeyEval': 'Loss', 'save_model': True, 'unified_missing': False, 'use_normalized_data': False, 'seeds': [111, 1111, 11111], 'missing_rate': (0.4, 0.4, 0.4), 'dataPath': '/mnt/HDD2/teng/Master-23/sjc/work2/EMT-DLFR-master-based/MMSA/Datasets/MOSI/Processed/unaligned_50.pkl', 'seq_lens': (50, 375, 500), 'feature_dims': (768, 5, 20), 'train_samples': 1284, 'num_classes': 3, 'language': 'en', 'missing_seed': (111, 1111, 11111), 'data_missing': True, 'deal_missing': False, 'need_data_aligned': False, 'need_model_aligned': False, 'need_normalized': False, 'use_bert': True, 'use_finetune': True, 'save_labels': False, 'early_stop': 8, 'update_epochs': 4, 'batch_size': 32, 'learning_rate_bert': 5e-05, 'learning_rate_audio': 0.001, 'learning_rate_video': 0.0001, 'learning_rate_other': 0.001, 'weight_decay_bert': 0.001, 'weight_decay_audio': 0.01, 'weight_decay_video': 0.001, 'weight_decay_other': 0.001, 'a_lstm_hidden_size': 32, 'v_lstm_hidden_size': 64, 'a_lstm_layers': 1, 'v_lstm_layers': 1, 'text_out': 768, 'audio_out': 16, 'video_out': 32, 'a_lstm_dropout': 0.0, 'v_lstm_dropout': 0.0, 't_bert_dropout': 0.1, 'd_model': 128, 'fusion_layers': 3, 'heads': 4, 'learnable_pos_emb': False, 'emb_dropout': 0.0, 'attn_dropout': 0.2, 'ff_dropout': 0.1, 'ff_expansion': 4, 'mpu_share': True, 'modality_share': True, 'layer_share': True, 'attn_act_fn': 'tanh', 'gmc_tokens_pred_dim': 128, 'text_pred_dim': 256, 'audio_pred_dim': 8, 'video_pred_dim': 16, 'recon_loss': 'SmoothL1Loss', 'loss_attra_weight': 1, 'loss_recon_weight': 1, 'uncertainty_reg_weight': 0.3, 'uncertainty_reg_margin': 0.0001, 'uncertainty_before_weight': 0.3, 'post_fusion_dim': 256, 'post_fusion_dropout': 0.3, 'H': 3.0, 'cur_time': 3, 'model_save_path': 'results/mosi/emt-dlfr/run_once/models/emt-dlfr-mosi-regression-mr0.4-11111.pth', 'device': device(type='cuda', index=2), 'tasks': 'M'}>",<mean/std>,"(71.57, 0.97)","(71.59, 0.94)","(72.11, 1.31)","(72.21, 1.25)","(35.95, 0.56)","(32.27, 0.18)","(108.03, 1.03)","(54.17, 0.89)","(133.77, 0.6)","(108.41, 0.45)"
2026-01-31_08-11-44,emt-dlfr,"<Storage{'need_task_scheduling': False, 'is_tune': False, 'train_mode': 'regression', 'modelName': 'emt-dlfr', 'datasetName': 'mosi', 'num_workers': 4, 'model_save_dir': 'results/mosi/emt-dlfr/run_once/models', 'res_save_dir': 'results/mosi/emt-dlfr/run_once/results', 'gpu_ids': [2], 'missing_rates': array([0. , 0.1, 0.2, 0.3, 0.4, 0.5, 0.6, 0.7, 0.8, 0.9, 1. ]), 'seed': 11111, 'num_seeds': 3, 'exp_name': 'moe-uncertainty', 'diff_missing': None, 'KeyEval': 'Loss', 'save_model': True, 'unified_missing': False, 'use_normalized_data': False, 'seeds': [111, 1111, 11111], 'missing_rate': (0.4, 0.4, 0.4), 'dataPath': '/mnt/HDD2/teng/Master-23/sjc/work2/EMT-DLFR-master-based/MMSA/Datasets/MOSI/Processed/unaligned_50.pkl', 'seq_lens': (50, 375, 500), 'feature_dims': (768, 5, 20), 'train_samples': 1284, 'num_classes': 3, 'language': 'en', 'missing_seed': (111, 1111, 11111), 'data_missing': True, 'deal_missing': False, 'need_data_aligned': False, 'need_model_aligned': False, 'need_normalized': False, 'use_bert': True, 'use_finetune': True, 'save_labels': False, 'early_stop': 8, 'update_epochs': 4, 'batch_size': 32, 'learning_rate_bert': 5e-05, 'learning_rate_audio': 0.001, 'learning_rate_video': 0.0001, 'learning_rate_other': 0.001, 'weight_decay_bert': 0.001, 'weight_decay_audio': 0.01, 'weight_decay_video': 0.001, 'weight_decay_other': 0.001, 'a_lstm_hidden_size': 32, 'v_lstm_hidden_size': 64, 'a_lstm_layers': 1, 'v_lstm_layers': 1, 'text_out': 768, 'audio_out': 16, 'video_out': 32, 'a_lstm_dropout': 0.0, 'v_lstm_dropout': 0.0, 't_bert_dropout': 0.1, 'd_model': 128, 'fusion_layers': 3, 'heads': 4, 'learnable_pos_emb': False, 'emb_dropout': 0.0, 'attn_dropout': 0.2, 'ff_dropout': 0.1, 'ff_expansion': 4, 'mpu_share': True, 'modality_share': True, 'layer_share': True, 'attn_act_fn': 'tanh', 'gmc_tokens_pred_dim': 128, 'text_pred_dim': 256, 'audio_pred_dim': 8, 'video_pred_dim': 16, 'recon_loss': 'SmoothL1Loss', 'loss_attra_weight': 1, 'loss_recon_weight': 1, 'uncertainty_reg_weight': 0.3, 'uncertainty_reg_margin': 0.0001, 'uncertainty_before_weight': 0.3, 'post_fusion_dim': 256, 'post_fusion_dropout': 0.3, 'H': 3.0, 'cur_time': 3, 'model_save_path': 'results/mosi/emt-dlfr/run_once/models/emt-dlfr-mosi-regression-mr0.4-11111.pth', 'device': device(type='cuda', index=2), 'tasks': 'M'}>",<max/seed>,"(72.59, 111)","(72.52, 111)","(73.63, 111)","(73.63, 111)","(36.73, 111)","(32.51, 111)","(109.29, 1111)","(54.98, 1111)","(134.4, 11111)","(108.81, 1111)"
2026-01-31_08-11-44,emt-dlfr,"<Storage{'need_task_scheduling': False, 'is_tune': False, 'train_mode': 'regression', 'modelName': 'emt-dlfr', 'datasetName': 'mosi', 'num_workers': 4, 'model_save_dir': 'results/mosi/emt-dlfr/run_once/models', 'res_save_dir': 'results/mosi/emt-dlfr/run_once/results', 'gpu_ids': [2], 'missing_rates': array([0. , 0.1, 0.2, 0.3, 0.4, 0.5, 0.6, 0.7, 0.8, 0.9, 1. ]), 'seed': 11111, 'num_seeds': 3, 'exp_name': 'moe-uncertainty', 'diff_missing': None, 'KeyEval': 'Loss', 'save_model': True, 'unified_missing': False, 'use_normalized_data': False, 'seeds': [111, 1111, 11111], 'missing_rate': (0.4, 0.4, 0.4), 'dataPath': '/mnt/HDD2/teng/Master-23/sjc/work2/EMT-DLFR-master-based/MMSA/Datasets/MOSI/Processed/unaligned_50.pkl', 'seq_lens': (50, 375, 500), 'feature_dims': (768, 5, 20), 'train_samples': 1284, 'num_classes': 3, 'language': 'en', 'missing_seed': (111, 1111, 11111), 'data_missing': True, 'deal_missing': False, 'need_data_aligned': False, 'need_model_aligned': False, 'need_normalized': False, 'use_bert': True, 'use_finetune': True, 'save_labels': False, 'early_stop': 8, 'update_epochs': 4, 'batch_size': 32, 'learning_rate_bert': 5e-05, 'learning_rate_audio': 0.001, 'learning_rate_video': 0.0001, 'learning_rate_other': 0.001, 'weight_decay_bert': 0.001, 'weight_decay_audio': 0.01, 'weight_decay_video': 0.001, 'weight_decay_other': 0.001, 'a_lstm_hidden_size': 32, 'v_lstm_hidden_size': 64, 'a_lstm_layers': 1, 'v_lstm_layers': 1, 'text_out': 768, 'audio_out': 16, 'video_out': 32, 'a_lstm_dropout': 0.0, 'v_lstm_dropout': 0.0, 't_bert_dropout': 0.1, 'd_model': 128, 'fusion_layers': 3, 'heads': 4, 'learnable_pos_emb': False, 'emb_dropout': 0.0, 'attn_dropout': 0.2, 'ff_dropout': 0.1, 'ff_expansion': 4, 'mpu_share': True, 'modality_share': True, 'layer_share': True, 'attn_act_fn': 'tanh', 'gmc_tokens_pred_dim': 128, 'text_pred_dim': 256, 'audio_pred_dim': 8, 'video_pred_dim': 16, 'recon_loss': 'SmoothL1Loss', 'loss_attra_weight': 1, 'loss_recon_weight': 1, 'uncertainty_reg_weight': 0.3, 'uncertainty_reg_margin': 0.0001, 'uncertainty_before_weight': 0.3, 'post_fusion_dim': 256, 'post_fusion_dropout': 0.3, 'H': 3.0, 'cur_time': 3, 'model_save_path': 'results/mosi/emt-dlfr/run_once/models/emt-dlfr-mosi-regression-mr0.4-11111.pth', 'device': device(type='cuda', index=2), 'tasks': 'M'}>",<min/seed>,"(70.26, 1111)","(70.31, 1111)","(70.43, 1111)","(70.58, 1111)","(35.42, 1111)","(32.07, 1111)","(106.76, 111)","(52.93, 11111)","(132.96, 111)","(107.78, 111)"
2026-01-31_15-42-09,emt-dlfr,"<Storage{'need_task_scheduling': False, 'is_tune': False, 'train_mode': 'regression', 'modelName': 'emt-dlfr', 'datasetName': 'mosi', 'num_workers': 4, 'model_save_dir': 'results/mosi/emt-dlfr/run_once/models', 'res_save_dir': 'results/mosi/emt-dlfr/run_once/results', 'gpu_ids': [2], 'missing_rates': array([0. , 0.1, 0.2, 0.3, 0.4, 0.5, 0.6, 0.7, 0.8, 0.9, 1. ]), 'seed': 11111, 'num_seeds': 3, 'exp_name': 'moe-uncertainty', 'diff_missing': None, 'KeyEval': 'Loss', 'save_model': True, 'unified_missing': False, 'use_normalized_data': False, 'seeds': [111, 1111, 11111], 'missing_rate': (0.4, 0.4, 0.4), 'dataPath': '/mnt/HDD2/teng/Master-23/sjc/work2/EMT-DLFR-master-based/MMSA/Datasets/MOSI/Processed/unaligned_50.pkl', 'seq_lens': (50, 375, 500), 'feature_dims': (768, 5, 20), 'train_samples': 1284, 'num_classes': 3, 'language': 'en', 'missing_seed': (111, 1111, 11111), 'data_missing': True, 'deal_missing': False, 'need_data_aligned': False, 'need_model_aligned': False, 'need_normalized': False, 'use_bert': True, 'use_finetune': True, 'save_labels': False, 'early_stop': 8, 'update_epochs': 4, 'batch_size': 32, 'learning_rate_bert': 5e-05, 'learning_rate_audio': 0.001, 'learning_rate_video': 0.0001, 'learning_rate_other': 0.001, 'weight_decay_bert': 0.001, 'weight_decay_audio': 0.01, 'weight_decay_video': 0.001, 'weight_decay_other': 0.001, 'a_lstm_hidden_size': 32, 'v_lstm_hidden_size': 64, 'a_lstm_layers': 1, 'v_lstm_layers': 1, 'text_out': 768, 'audio_out': 16, 'video_out': 32, 'a_lstm_dropout': 0.0, 'v_lstm_dropout': 0.0, 't_bert_dropout': 0.1, 'd_model': 128, 'fusion_layers': 3, 'heads': 4, 'learnable_pos_emb': False, 'emb_dropout': 0.0, 'attn_dropout': 0.2, 'ff_dropout': 0.1, 'ff_expansion': 4, 'mpu_share': True, 'modality_share': True, 'layer_share': True, 'attn_act_fn': 'tanh', 'gmc_tokens_pred_dim': 128, 'text_pred_dim': 256, 'audio_pred_dim': 8, 'video_pred_dim': 16, 'recon_loss': 'SmoothL1Loss', 'loss_attra_weight': 1, 'loss_recon_weight': 1, 'uncertainty_reg_weight': 0.5, 'uncertainty_reg_margin': 0.0001, 'uncertainty_before_weight': 0.3, 'post_fusion_dim': 256, 'post_fusion_dropout': 0.3, 'H': 3.0, 'cur_time': 3, 'model_save_path': 'results/mosi/emt-dlfr/run_once/models/emt-dlfr-mosi-regression-mr0.4-11111.pth', 'device': device(type='cuda', index=2), 'tasks': 'M'}>",111,69.83,69.87,70.58,70.71,37.61,33.38,107.28,54.36,133.7,107.81
2026-01-31_15-42-09,emt-dlfr,"<Storage{'need_task_scheduling': False, 'is_tune': False, 'train_mode': 'regression', 'modelName': 'emt-dlfr', 'datasetName': 'mosi', 'num_workers': 4, 'model_save_dir': 'results/mosi/emt-dlfr/run_once/models', 'res_save_dir': 'results/mosi/emt-dlfr/run_once/results', 'gpu_ids': [2], 'missing_rates': array([0. , 0.1, 0.2, 0.3, 0.4, 0.5, 0.6, 0.7, 0.8, 0.9, 1. ]), 'seed': 11111, 'num_seeds': 3, 'exp_name': 'moe-uncertainty', 'diff_missing': None, 'KeyEval': 'Loss', 'save_model': True, 'unified_missing': False, 'use_normalized_data': False, 'seeds': [111, 1111, 11111], 'missing_rate': (0.4, 0.4, 0.4), 'dataPath': '/mnt/HDD2/teng/Master-23/sjc/work2/EMT-DLFR-master-based/MMSA/Datasets/MOSI/Processed/unaligned_50.pkl', 'seq_lens': (50, 375, 500), 'feature_dims': (768, 5, 20), 'train_samples': 1284, 'num_classes': 3, 'language': 'en', 'missing_seed': (111, 1111, 11111), 'data_missing': True, 'deal_missing': False, 'need_data_aligned': False, 'need_model_aligned': False, 'need_normalized': False, 'use_bert': True, 'use_finetune': True, 'save_labels': False, 'early_stop': 8, 'update_epochs': 4, 'batch_size': 32, 'learning_rate_bert': 5e-05, 'learning_rate_audio': 0.001, 'learning_rate_video': 0.0001, 'learning_rate_other': 0.001, 'weight_decay_bert': 0.001, 'weight_decay_audio': 0.01, 'weight_decay_video': 0.001, 'weight_decay_other': 0.001, 'a_lstm_hidden_size': 32, 'v_lstm_hidden_size': 64, 'a_lstm_layers': 1, 'v_lstm_layers': 1, 'text_out': 768, 'audio_out': 16, 'video_out': 32, 'a_lstm_dropout': 0.0, 'v_lstm_dropout': 0.0, 't_bert_dropout': 0.1, 'd_model': 128, 'fusion_layers': 3, 'heads': 4, 'learnable_pos_emb': False, 'emb_dropout': 0.0, 'attn_dropout': 0.2, 'ff_dropout': 0.1, 'ff_expansion': 4, 'mpu_share': True, 'modality_share': True, 'layer_share': True, 'attn_act_fn': 'tanh', 'gmc_tokens_pred_dim': 128, 'text_pred_dim': 256, 'audio_pred_dim': 8, 'video_pred_dim': 16, 'recon_loss': 'SmoothL1Loss', 'loss_attra_weight': 1, 'loss_recon_weight': 1, 'uncertainty_reg_weight': 0.5, 'uncertainty_reg_margin': 0.0001, 'uncertainty_before_weight': 0.3, 'post_fusion_dim': 256, 'post_fusion_dropout': 0.3, 'H': 3.0, 'cur_time': 3, 'model_save_path': 'results/mosi/emt-dlfr/run_once/models/emt-dlfr-mosi-regression-mr0.4-11111.pth', 'device': device(type='cuda', index=2), 'tasks': 'M'}>",1111,72.01,71.87,71.95,71.94,30.61,28.43,112.68,53.89,137.78,111.75
2026-01-31_15-42-09,emt-dlfr,"<Storage{'need_task_scheduling': False, 'is_tune': False, 'train_mode': 'regression', 'modelName': 'emt-dlfr', 'datasetName': 'mosi', 'num_workers': 4, 'model_save_dir': 'results/mosi/emt-dlfr/run_once/models', 'res_save_dir': 'results/mosi/emt-dlfr/run_once/results', 'gpu_ids': [2], 'missing_rates': array([0. , 0.1, 0.2, 0.3, 0.4, 0.5, 0.6, 0.7, 0.8, 0.9, 1. ]), 'seed': 11111, 'num_seeds': 3, 'exp_name': 'moe-uncertainty', 'diff_missing': None, 'KeyEval': 'Loss', 'save_model': True, 'unified_missing': False, 'use_normalized_data': False, 'seeds': [111, 1111, 11111], 'missing_rate': (0.4, 0.4, 0.4), 'dataPath': '/mnt/HDD2/teng/Master-23/sjc/work2/EMT-DLFR-master-based/MMSA/Datasets/MOSI/Processed/unaligned_50.pkl', 'seq_lens': (50, 375, 500), 'feature_dims': (768, 5, 20), 'train_samples': 1284, 'num_classes': 3, 'language': 'en', 'missing_seed': (111, 1111, 11111), 'data_missing': True, 'deal_missing': False, 'need_data_aligned': False, 'need_model_aligned': False, 'need_normalized': False, 'use_bert': True, 'use_finetune': True, 'save_labels': False, 'early_stop': 8, 'update_epochs': 4, 'batch_size': 32, 'learning_rate_bert': 5e-05, 'learning_rate_audio': 0.001, 'learning_rate_video': 0.0001, 'learning_rate_other': 0.001, 'weight_decay_bert': 0.001, 'weight_decay_audio': 0.01, 'weight_decay_video': 0.001, 'weight_decay_other': 0.001, 'a_lstm_hidden_size': 32, 'v_lstm_hidden_size': 64, 'a_lstm_layers': 1, 'v_lstm_layers': 1, 'text_out': 768, 'audio_out': 16, 'video_out': 32, 'a_lstm_dropout': 0.0, 'v_lstm_dropout': 0.0, 't_bert_dropout': 0.1, 'd_model': 128, 'fusion_layers': 3, 'heads': 4, 'learnable_pos_emb': False, 'emb_dropout': 0.0, 'attn_dropout': 0.2, 'ff_dropout': 0.1, 'ff_expansion': 4, 'mpu_share': True, 'modality_share': True, 'layer_share': True, 'attn_act_fn': 'tanh', 'gmc_tokens_pred_dim': 128, 'text_pred_dim': 256, 'audio_pred_dim': 8, 'video_pred_dim': 16, 'recon_loss': 'SmoothL1Loss', 'loss_attra_weight': 1, 'loss_recon_weight': 1, 'uncertainty_reg_weight': 0.5, 'uncertainty_reg_margin': 0.0001, 'uncertainty_before_weight': 0.3, 'post_fusion_dim': 256, 'post_fusion_dropout': 0.3, 'H': 3.0, 'cur_time': 3, 'model_save_path': 'results/mosi/emt-dlfr/run_once/models/emt-dlfr-mosi-regression-mr0.4-11111.pth', 'device': device(type='cuda', index=2), 'tasks': 'M'}>",11111,70.99,70.87,72.26,72.23,38.19,34.55,103.62,53.3,129.26,104.28
2026-01-31_15-42-09,emt-dlfr,"<Storage{'need_task_scheduling': False, 'is_tune': False, 'train_mode': 'regression', 'modelName': 'emt-dlfr', 'datasetName': 'mosi', 'num_workers': 4, 'model_save_dir': 'results/mosi/emt-dlfr/run_once/models', 'res_save_dir': 'results/mosi/emt-dlfr/run_once/results', 'gpu_ids': [2], 'missing_rates': array([0. , 0.1, 0.2, 0.3, 0.4, 0.5, 0.6, 0.7, 0.8, 0.9, 1. ]), 'seed': 11111, 'num_seeds': 3, 'exp_name': 'moe-uncertainty', 'diff_missing': None, 'KeyEval': 'Loss', 'save_model': True, 'unified_missing': False, 'use_normalized_data': False, 'seeds': [111, 1111, 11111], 'missing_rate': (0.4, 0.4, 0.4), 'dataPath': '/mnt/HDD2/teng/Master-23/sjc/work2/EMT-DLFR-master-based/MMSA/Datasets/MOSI/Processed/unaligned_50.pkl', 'seq_lens': (50, 375, 500), 'feature_dims': (768, 5, 20), 'train_samples': 1284, 'num_classes': 3, 'language': 'en', 'missing_seed': (111, 1111, 11111), 'data_missing': True, 'deal_missing': False, 'need_data_aligned': False, 'need_model_aligned': False, 'need_normalized': False, 'use_bert': True, 'use_finetune': True, 'save_labels': False, 'early_stop': 8, 'update_epochs': 4, 'batch_size': 32, 'learning_rate_bert': 5e-05, 'learning_rate_audio': 0.001, 'learning_rate_video': 0.0001, 'learning_rate_other': 0.001, 'weight_decay_bert': 0.001, 'weight_decay_audio': 0.01, 'weight_decay_video': 0.001, 'weight_decay_other': 0.001, 'a_lstm_hidden_size': 32, 'v_lstm_hidden_size': 64, 'a_lstm_layers': 1, 'v_lstm_layers': 1, 'text_out': 768, 'audio_out': 16, 'video_out': 32, 'a_lstm_dropout': 0.0, 'v_lstm_dropout': 0.0, 't_bert_dropout': 0.1, 'd_model': 128, 'fusion_layers': 3, 'heads': 4, 'learnable_pos_emb': False, 'emb_dropout': 0.0, 'attn_dropout': 0.2, 'ff_dropout': 0.1, 'ff_expansion': 4, 'mpu_share': True, 'modality_share': True, 'layer_share': True, 'attn_act_fn': 'tanh', 'gmc_tokens_pred_dim': 128, 'text_pred_dim': 256, 'audio_pred_dim': 8, 'video_pred_dim': 16, 'recon_loss': 'SmoothL1Loss', 'loss_attra_weight': 1, 'loss_recon_weight': 1, 'uncertainty_reg_weight': 0.5, 'uncertainty_reg_margin': 0.0001, 'uncertainty_before_weight': 0.3, 'post_fusion_dim': 256, 'post_fusion_dropout': 0.3, 'H': 3.0, 'cur_time': 3, 'model_save_path': 'results/mosi/emt-dlfr/run_once/models/emt-dlfr-mosi-regression-mr0.4-11111.pth', 'device': device(type='cuda', index=2), 'tasks': 'M'}>",<mean/std>,"(70.94, 0.89)","(70.87, 0.82)","(71.6, 0.73)","(71.63, 0.66)","(35.47, 3.44)","(32.12, 2.65)","(107.86, 3.72)","(53.85, 0.43)","(133.58, 3.48)","(107.94, 3.05)"
2026-01-31_15-42-09,emt-dlfr,"<Storage{'need_task_scheduling': False, 'is_tune': False, 'train_mode': 'regression', 'modelName': 'emt-dlfr', 'datasetName': 'mosi', 'num_workers': 4, 'model_save_dir': 'results/mosi/emt-dlfr/run_once/models', 'res_save_dir': 'results/mosi/emt-dlfr/run_once/results', 'gpu_ids': [2], 'missing_rates': array([0. , 0.1, 0.2, 0.3, 0.4, 0.5, 0.6, 0.7, 0.8, 0.9, 1. ]), 'seed': 11111, 'num_seeds': 3, 'exp_name': 'moe-uncertainty', 'diff_missing': None, 'KeyEval': 'Loss', 'save_model': True, 'unified_missing': False, 'use_normalized_data': False, 'seeds': [111, 1111, 11111], 'missing_rate': (0.4, 0.4, 0.4), 'dataPath': '/mnt/HDD2/teng/Master-23/sjc/work2/EMT-DLFR-master-based/MMSA/Datasets/MOSI/Processed/unaligned_50.pkl', 'seq_lens': (50, 375, 500), 'feature_dims': (768, 5, 20), 'train_samples': 1284, 'num_classes': 3, 'language': 'en', 'missing_seed': (111, 1111, 11111), 'data_missing': True, 'deal_missing': False, 'need_data_aligned': False, 'need_model_aligned': False, 'need_normalized': False, 'use_bert': True, 'use_finetune': True, 'save_labels': False, 'early_stop': 8, 'update_epochs': 4, 'batch_size': 32, 'learning_rate_bert': 5e-05, 'learning_rate_audio': 0.001, 'learning_rate_video': 0.0001, 'learning_rate_other': 0.001, 'weight_decay_bert': 0.001, 'weight_decay_audio': 0.01, 'weight_decay_video': 0.001, 'weight_decay_other': 0.001, 'a_lstm_hidden_size': 32, 'v_lstm_hidden_size': 64, 'a_lstm_layers': 1, 'v_lstm_layers': 1, 'text_out': 768, 'audio_out': 16, 'video_out': 32, 'a_lstm_dropout': 0.0, 'v_lstm_dropout': 0.0, 't_bert_dropout': 0.1, 'd_model': 128, 'fusion_layers': 3, 'heads': 4, 'learnable_pos_emb': False, 'emb_dropout': 0.0, 'attn_dropout': 0.2, 'ff_dropout': 0.1, 'ff_expansion': 4, 'mpu_share': True, 'modality_share': True, 'layer_share': True, 'attn_act_fn': 'tanh', 'gmc_tokens_pred_dim': 128, 'text_pred_dim': 256, 'audio_pred_dim': 8, 'video_pred_dim': 16, 'recon_loss': 'SmoothL1Loss', 'loss_attra_weight': 1, 'loss_recon_weight': 1, 'uncertainty_reg_weight': 0.5, 'uncertainty_reg_margin': 0.0001, 'uncertainty_before_weight': 0.3, 'post_fusion_dim': 256, 'post_fusion_dropout': 0.3, 'H': 3.0, 'cur_time': 3, 'model_save_path': 'results/mosi/emt-dlfr/run_once/models/emt-dlfr-mosi-regression-mr0.4-11111.pth', 'device': device(type='cuda', index=2), 'tasks': 'M'}>",<max/seed>,"(72.01, 1111)","(71.87, 1111)","(72.26, 11111)","(72.23, 11111)","(38.19, 11111)","(34.55, 11111)","(112.68, 1111)","(54.36, 111)","(137.78, 1111)","(111.75, 1111)"
2026-01-31_15-42-09,emt-dlfr,"<Storage{'need_task_scheduling': False, 'is_tune': False, 'train_mode': 'regression', 'modelName': 'emt-dlfr', 'datasetName': 'mosi', 'num_workers': 4, 'model_save_dir': 'results/mosi/emt-dlfr/run_once/models', 'res_save_dir': 'results/mosi/emt-dlfr/run_once/results', 'gpu_ids': [2], 'missing_rates': array([0. , 0.1, 0.2, 0.3, 0.4, 0.5, 0.6, 0.7, 0.8, 0.9, 1. ]), 'seed': 11111, 'num_seeds': 3, 'exp_name': 'moe-uncertainty', 'diff_missing': None, 'KeyEval': 'Loss', 'save_model': True, 'unified_missing': False, 'use_normalized_data': False, 'seeds': [111, 1111, 11111], 'missing_rate': (0.4, 0.4, 0.4), 'dataPath': '/mnt/HDD2/teng/Master-23/sjc/work2/EMT-DLFR-master-based/MMSA/Datasets/MOSI/Processed/unaligned_50.pkl', 'seq_lens': (50, 375, 500), 'feature_dims': (768, 5, 20), 'train_samples': 1284, 'num_classes': 3, 'language': 'en', 'missing_seed': (111, 1111, 11111), 'data_missing': True, 'deal_missing': False, 'need_data_aligned': False, 'need_model_aligned': False, 'need_normalized': False, 'use_bert': True, 'use_finetune': True, 'save_labels': False, 'early_stop': 8, 'update_epochs': 4, 'batch_size': 32, 'learning_rate_bert': 5e-05, 'learning_rate_audio': 0.001, 'learning_rate_video': 0.0001, 'learning_rate_other': 0.001, 'weight_decay_bert': 0.001, 'weight_decay_audio': 0.01, 'weight_decay_video': 0.001, 'weight_decay_other': 0.001, 'a_lstm_hidden_size': 32, 'v_lstm_hidden_size': 64, 'a_lstm_layers': 1, 'v_lstm_layers': 1, 'text_out': 768, 'audio_out': 16, 'video_out': 32, 'a_lstm_dropout': 0.0, 'v_lstm_dropout': 0.0, 't_bert_dropout': 0.1, 'd_model': 128, 'fusion_layers': 3, 'heads': 4, 'learnable_pos_emb': False, 'emb_dropout': 0.0, 'attn_dropout': 0.2, 'ff_dropout': 0.1, 'ff_expansion': 4, 'mpu_share': True, 'modality_share': True, 'layer_share': True, 'attn_act_fn': 'tanh', 'gmc_tokens_pred_dim': 128, 'text_pred_dim': 256, 'audio_pred_dim': 8, 'video_pred_dim': 16, 'recon_loss': 'SmoothL1Loss', 'loss_attra_weight': 1, 'loss_recon_weight': 1, 'uncertainty_reg_weight': 0.5, 'uncertainty_reg_margin': 0.0001, 'uncertainty_before_weight': 0.3, 'post_fusion_dim': 256, 'post_fusion_dropout': 0.3, 'H': 3.0, 'cur_time': 3, 'model_save_path': 'results/mosi/emt-dlfr/run_once/models/emt-dlfr-mosi-regression-mr0.4-11111.pth', 'device': device(type='cuda', index=2), 'tasks': 'M'}>",<min/seed>,"(69.83, 111)","(69.87, 111)","(70.58, 111)","(70.71, 111)","(30.61, 1111)","(28.43, 1111)","(103.62, 11111)","(53.3, 11111)","(129.26, 11111)","(104.28, 11111)"
2026-02-01_03-11-20,emt-dlfr,"<Storage{'need_task_scheduling': False, 'is_tune': False, 'train_mode': 'regression', 'modelName': 'emt-dlfr', 'datasetName': 'mosi', 'num_workers': 4, 'model_save_dir': 'results/mosi/emt-dlfr/run_once/models', 'res_save_dir': 'results/mosi/emt-dlfr/run_once/results', 'gpu_ids': [2], 'missing_rates': array([0. , 0.1, 0.2, 0.3, 0.4, 0.5, 0.6, 0.7, 0.8, 0.9, 1. ]), 'seed': 11111, 'num_seeds': 3, 'exp_name': 'moe-uncertainty', 'diff_missing': None, 'KeyEval': 'Loss', 'save_model': True, 'unified_missing': False, 'use_normalized_data': False, 'seeds': [111, 1111, 11111], 'missing_rate': (0.4, 0.4, 0.4), 'dataPath': '/mnt/HDD2/teng/Master-23/sjc/work2/EMT-DLFR-master-based/MMSA/Datasets/MOSI/Processed/unaligned_50.pkl', 'seq_lens': (50, 375, 500), 'feature_dims': (768, 5, 20), 'train_samples': 1284, 'num_classes': 3, 'language': 'en', 'missing_seed': (111, 1111, 11111), 'data_missing': True, 'deal_missing': False, 'need_data_aligned': False, 'need_model_aligned': False, 'need_normalized': False, 'use_bert': True, 'use_finetune': True, 'save_labels': False, 'early_stop': 8, 'update_epochs': 4, 'batch_size': 32, 'learning_rate_bert': 5e-05, 'learning_rate_audio': 0.001, 'learning_rate_video': 0.0001, 'learning_rate_other': 0.001, 'weight_decay_bert': 0.001, 'weight_decay_audio': 0.01, 'weight_decay_video': 0.001, 'weight_decay_other': 0.001, 'a_lstm_hidden_size': 32, 'v_lstm_hidden_size': 64, 'a_lstm_layers': 1, 'v_lstm_layers': 1, 'text_out': 768, 'audio_out': 16, 'video_out': 32, 'a_lstm_dropout': 0.0, 'v_lstm_dropout': 0.0, 't_bert_dropout': 0.1, 'd_model': 128, 'fusion_layers': 3, 'heads': 4, 'learnable_pos_emb': False, 'emb_dropout': 0.0, 'attn_dropout': 0.2, 'ff_dropout': 0.1, 'ff_expansion': 4, 'mpu_share': True, 'modality_share': True, 'layer_share': True, 'attn_act_fn': 'tanh', 'gmc_tokens_pred_dim': 128, 'text_pred_dim': 256, 'audio_pred_dim': 8, 'video_pred_dim': 16, 'recon_loss': 'SmoothL1Loss', 'loss_attra_weight': 1, 'loss_recon_weight': 1, 'uncertainty_reg_weight': 0.2, 'uncertainty_reg_margin': 0.0001, 'uncertainty_before_weight': 0.3, 'post_fusion_dim': 256, 'post_fusion_dropout': 0.3, 'H': 3.0, 'cur_time': 3, 'model_save_path': 'results/mosi/emt-dlfr/run_once/models/emt-dlfr-mosi-regression-mr0.4-11111.pth', 'device': device(type='cuda', index=2), 'tasks': 'M'}>",111,71.72,71.79,71.95,72.12,33.97,30.03,108.63,55.52,134.13,109.17
2026-02-01_03-11-20,emt-dlfr,"<Storage{'need_task_scheduling': False, 'is_tune': False, 'train_mode': 'regression', 'modelName': 'emt-dlfr', 'datasetName': 'mosi', 'num_workers': 4, 'model_save_dir': 'results/mosi/emt-dlfr/run_once/models', 'res_save_dir': 'results/mosi/emt-dlfr/run_once/results', 'gpu_ids': [2], 'missing_rates': array([0. , 0.1, 0.2, 0.3, 0.4, 0.5, 0.6, 0.7, 0.8, 0.9, 1. ]), 'seed': 11111, 'num_seeds': 3, 'exp_name': 'moe-uncertainty', 'diff_missing': None, 'KeyEval': 'Loss', 'save_model': True, 'unified_missing': False, 'use_normalized_data': False, 'seeds': [111, 1111, 11111], 'missing_rate': (0.4, 0.4, 0.4), 'dataPath': '/mnt/HDD2/teng/Master-23/sjc/work2/EMT-DLFR-master-based/MMSA/Datasets/MOSI/Processed/unaligned_50.pkl', 'seq_lens': (50, 375, 500), 'feature_dims': (768, 5, 20), 'train_samples': 1284, 'num_classes': 3, 'language': 'en', 'missing_seed': (111, 1111, 11111), 'data_missing': True, 'deal_missing': False, 'need_data_aligned': False, 'need_model_aligned': False, 'need_normalized': False, 'use_bert': True, 'use_finetune': True, 'save_labels': False, 'early_stop': 8, 'update_epochs': 4, 'batch_size': 32, 'learning_rate_bert': 5e-05, 'learning_rate_audio': 0.001, 'learning_rate_video': 0.0001, 'learning_rate_other': 0.001, 'weight_decay_bert': 0.001, 'weight_decay_audio': 0.01, 'weight_decay_video': 0.001, 'weight_decay_other': 0.001, 'a_lstm_hidden_size': 32, 'v_lstm_hidden_size': 64, 'a_lstm_layers': 1, 'v_lstm_layers': 1, 'text_out': 768, 'audio_out': 16, 'video_out': 32, 'a_lstm_dropout': 0.0, 'v_lstm_dropout': 0.0, 't_bert_dropout': 0.1, 'd_model': 128, 'fusion_layers': 3, 'heads': 4, 'learnable_pos_emb': False, 'emb_dropout': 0.0, 'attn_dropout': 0.2, 'ff_dropout': 0.1, 'ff_expansion': 4, 'mpu_share': True, 'modality_share': True, 'layer_share': True, 'attn_act_fn': 'tanh', 'gmc_tokens_pred_dim': 128, 'text_pred_dim': 256, 'audio_pred_dim': 8, 'video_pred_dim': 16, 'recon_loss': 'SmoothL1Loss', 'loss_attra_weight': 1, 'loss_recon_weight': 1, 'uncertainty_reg_weight': 0.2, 'uncertainty_reg_margin': 0.0001, 'uncertainty_before_weight': 0.3, 'post_fusion_dim': 256, 'post_fusion_dropout': 0.3, 'H': 3.0, 'cur_time': 3, 'model_save_path': 'results/mosi/emt-dlfr/run_once/models/emt-dlfr-mosi-regression-mr0.4-11111.pth', 'device': device(type='cuda', index=2), 'tasks': 'M'}>",1111,72.01,71.77,73.17,73.01,36.73,32.94,103.84,54.67,129.43,103.49
2026-02-01_03-11-20,emt-dlfr,"<Storage{'need_task_scheduling': False, 'is_tune': False, 'train_mode': 'regression', 'modelName': 'emt-dlfr', 'datasetName': 'mosi', 'num_workers': 4, 'model_save_dir': 'results/mosi/emt-dlfr/run_once/models', 'res_save_dir': 'results/mosi/emt-dlfr/run_once/results', 'gpu_ids': [2], 'missing_rates': array([0. , 0.1, 0.2, 0.3, 0.4, 0.5, 0.6, 0.7, 0.8, 0.9, 1. ]), 'seed': 11111, 'num_seeds': 3, 'exp_name': 'moe-uncertainty', 'diff_missing': None, 'KeyEval': 'Loss', 'save_model': True, 'unified_missing': False, 'use_normalized_data': False, 'seeds': [111, 1111, 11111], 'missing_rate': (0.4, 0.4, 0.4), 'dataPath': '/mnt/HDD2/teng/Master-23/sjc/work2/EMT-DLFR-master-based/MMSA/Datasets/MOSI/Processed/unaligned_50.pkl', 'seq_lens': (50, 375, 500), 'feature_dims': (768, 5, 20), 'train_samples': 1284, 'num_classes': 3, 'language': 'en', 'missing_seed': (111, 1111, 11111), 'data_missing': True, 'deal_missing': False, 'need_data_aligned': False, 'need_model_aligned': False, 'need_normalized': False, 'use_bert': True, 'use_finetune': True, 'save_labels': False, 'early_stop': 8, 'update_epochs': 4, 'batch_size': 32, 'learning_rate_bert': 5e-05, 'learning_rate_audio': 0.001, 'learning_rate_video': 0.0001, 'learning_rate_other': 0.001, 'weight_decay_bert': 0.001, 'weight_decay_audio': 0.01, 'weight_decay_video': 0.001, 'weight_decay_other': 0.001, 'a_lstm_hidden_size': 32, 'v_lstm_hidden_size': 64, 'a_lstm_layers': 1, 'v_lstm_layers': 1, 'text_out': 768, 'audio_out': 16, 'video_out': 32, 'a_lstm_dropout': 0.0, 'v_lstm_dropout': 0.0, 't_bert_dropout': 0.1, 'd_model': 128, 'fusion_layers': 3, 'heads': 4, 'learnable_pos_emb': False, 'emb_dropout': 0.0, 'attn_dropout': 0.2, 'ff_dropout': 0.1, 'ff_expansion': 4, 'mpu_share': True, 'modality_share': True, 'layer_share': True, 'attn_act_fn': 'tanh', 'gmc_tokens_pred_dim': 128, 'text_pred_dim': 256, 'audio_pred_dim': 8, 'video_pred_dim': 16, 'recon_loss': 'SmoothL1Loss', 'loss_attra_weight': 1, 'loss_recon_weight': 1, 'uncertainty_reg_weight': 0.2, 'uncertainty_reg_margin': 0.0001, 'uncertainty_before_weight': 0.3, 'post_fusion_dim': 256, 'post_fusion_dropout': 0.3, 'H': 3.0, 'cur_time': 3, 'model_save_path': 'results/mosi/emt-dlfr/run_once/models/emt-dlfr-mosi-regression-mr0.4-11111.pth', 'device': device(type='cuda', index=2), 'tasks': 'M'}>",11111,74.2,74.27,74.7,74.85,33.67,30.47,107.19,55.34,131.12,106.64
2026-02-01_03-11-20,emt-dlfr,"<Storage{'need_task_scheduling': False, 'is_tune': False, 'train_mode': 'regression', 'modelName': 'emt-dlfr', 'datasetName': 'mosi', 'num_workers': 4, 'model_save_dir': 'results/mosi/emt-dlfr/run_once/models', 'res_save_dir': 'results/mosi/emt-dlfr/run_once/results', 'gpu_ids': [2], 'missing_rates': array([0. , 0.1, 0.2, 0.3, 0.4, 0.5, 0.6, 0.7, 0.8, 0.9, 1. ]), 'seed': 11111, 'num_seeds': 3, 'exp_name': 'moe-uncertainty', 'diff_missing': None, 'KeyEval': 'Loss', 'save_model': True, 'unified_missing': False, 'use_normalized_data': False, 'seeds': [111, 1111, 11111], 'missing_rate': (0.4, 0.4, 0.4), 'dataPath': '/mnt/HDD2/teng/Master-23/sjc/work2/EMT-DLFR-master-based/MMSA/Datasets/MOSI/Processed/unaligned_50.pkl', 'seq_lens': (50, 375, 500), 'feature_dims': (768, 5, 20), 'train_samples': 1284, 'num_classes': 3, 'language': 'en', 'missing_seed': (111, 1111, 11111), 'data_missing': True, 'deal_missing': False, 'need_data_aligned': False, 'need_model_aligned': False, 'need_normalized': False, 'use_bert': True, 'use_finetune': True, 'save_labels': False, 'early_stop': 8, 'update_epochs': 4, 'batch_size': 32, 'learning_rate_bert': 5e-05, 'learning_rate_audio': 0.001, 'learning_rate_video': 0.0001, 'learning_rate_other': 0.001, 'weight_decay_bert': 0.001, 'weight_decay_audio': 0.01, 'weight_decay_video': 0.001, 'weight_decay_other': 0.001, 'a_lstm_hidden_size': 32, 'v_lstm_hidden_size': 64, 'a_lstm_layers': 1, 'v_lstm_layers': 1, 'text_out': 768, 'audio_out': 16, 'video_out': 32, 'a_lstm_dropout': 0.0, 'v_lstm_dropout': 0.0, 't_bert_dropout': 0.1, 'd_model': 128, 'fusion_layers': 3, 'heads': 4, 'learnable_pos_emb': False, 'emb_dropout': 0.0, 'attn_dropout': 0.2, 'ff_dropout': 0.1, 'ff_expansion': 4, 'mpu_share': True, 'modality_share': True, 'layer_share': True, 'attn_act_fn': 'tanh', 'gmc_tokens_pred_dim': 128, 'text_pred_dim': 256, 'audio_pred_dim': 8, 'video_pred_dim': 16, 'recon_loss': 'SmoothL1Loss', 'loss_attra_weight': 1, 'loss_recon_weight': 1, 'uncertainty_reg_weight': 0.2, 'uncertainty_reg_margin': 0.0001, 'uncertainty_before_weight': 0.3, 'post_fusion_dim': 256, 'post_fusion_dropout': 0.3, 'H': 3.0, 'cur_time': 3, 'model_save_path': 'results/mosi/emt-dlfr/run_once/models/emt-dlfr-mosi-regression-mr0.4-11111.pth', 'device': device(type='cuda', index=2), 'tasks': 'M'}>",<mean/std>,"(72.64, 1.11)","(72.61, 1.17)","(73.27, 1.13)","(73.33, 1.14)","(34.79, 1.38)","(31.15, 1.28)","(106.55, 2.01)","(55.18, 0.37)","(131.56, 1.94)","(106.43, 2.32)"
2026-02-01_03-11-20,emt-dlfr,"<Storage{'need_task_scheduling': False, 'is_tune': False, 'train_mode': 'regression', 'modelName': 'emt-dlfr', 'datasetName': 'mosi', 'num_workers': 4, 'model_save_dir': 'results/mosi/emt-dlfr/run_once/models', 'res_save_dir': 'results/mosi/emt-dlfr/run_once/results', 'gpu_ids': [2], 'missing_rates': array([0. , 0.1, 0.2, 0.3, 0.4, 0.5, 0.6, 0.7, 0.8, 0.9, 1. ]), 'seed': 11111, 'num_seeds': 3, 'exp_name': 'moe-uncertainty', 'diff_missing': None, 'KeyEval': 'Loss', 'save_model': True, 'unified_missing': False, 'use_normalized_data': False, 'seeds': [111, 1111, 11111], 'missing_rate': (0.4, 0.4, 0.4), 'dataPath': '/mnt/HDD2/teng/Master-23/sjc/work2/EMT-DLFR-master-based/MMSA/Datasets/MOSI/Processed/unaligned_50.pkl', 'seq_lens': (50, 375, 500), 'feature_dims': (768, 5, 20), 'train_samples': 1284, 'num_classes': 3, 'language': 'en', 'missing_seed': (111, 1111, 11111), 'data_missing': True, 'deal_missing': False, 'need_data_aligned': False, 'need_model_aligned': False, 'need_normalized': False, 'use_bert': True, 'use_finetune': True, 'save_labels': False, 'early_stop': 8, 'update_epochs': 4, 'batch_size': 32, 'learning_rate_bert': 5e-05, 'learning_rate_audio': 0.001, 'learning_rate_video': 0.0001, 'learning_rate_other': 0.001, 'weight_decay_bert': 0.001, 'weight_decay_audio': 0.01, 'weight_decay_video': 0.001, 'weight_decay_other': 0.001, 'a_lstm_hidden_size': 32, 'v_lstm_hidden_size': 64, 'a_lstm_layers': 1, 'v_lstm_layers': 1, 'text_out': 768, 'audio_out': 16, 'video_out': 32, 'a_lstm_dropout': 0.0, 'v_lstm_dropout': 0.0, 't_bert_dropout': 0.1, 'd_model': 128, 'fusion_layers': 3, 'heads': 4, 'learnable_pos_emb': False, 'emb_dropout': 0.0, 'attn_dropout': 0.2, 'ff_dropout': 0.1, 'ff_expansion': 4, 'mpu_share': True, 'modality_share': True, 'layer_share': True, 'attn_act_fn': 'tanh', 'gmc_tokens_pred_dim': 128, 'text_pred_dim': 256, 'audio_pred_dim': 8, 'video_pred_dim': 16, 'recon_loss': 'SmoothL1Loss', 'loss_attra_weight': 1, 'loss_recon_weight': 1, 'uncertainty_reg_weight': 0.2, 'uncertainty_reg_margin': 0.0001, 'uncertainty_before_weight': 0.3, 'post_fusion_dim': 256, 'post_fusion_dropout': 0.3, 'H': 3.0, 'cur_time': 3, 'model_save_path': 'results/mosi/emt-dlfr/run_once/models/emt-dlfr-mosi-regression-mr0.4-11111.pth', 'device': device(type='cuda', index=2), 'tasks': 'M'}>",<max/seed>,"(74.2, 11111)","(74.27, 11111)","(74.7, 11111)","(74.85, 11111)","(36.73, 1111)","(32.94, 1111)","(108.63, 111)","(55.52, 111)","(134.13, 111)","(109.17, 111)"
2026-02-01_03-11-20,emt-dlfr,"<Storage{'need_task_scheduling': False, 'is_tune': False, 'train_mode': 'regression', 'modelName': 'emt-dlfr', 'datasetName': 'mosi', 'num_workers': 4, 'model_save_dir': 'results/mosi/emt-dlfr/run_once/models', 'res_save_dir': 'results/mosi/emt-dlfr/run_once/results', 'gpu_ids': [2], 'missing_rates': array([0. , 0.1, 0.2, 0.3, 0.4, 0.5, 0.6, 0.7, 0.8, 0.9, 1. ]), 'seed': 11111, 'num_seeds': 3, 'exp_name': 'moe-uncertainty', 'diff_missing': None, 'KeyEval': 'Loss', 'save_model': True, 'unified_missing': False, 'use_normalized_data': False, 'seeds': [111, 1111, 11111], 'missing_rate': (0.4, 0.4, 0.4), 'dataPath': '/mnt/HDD2/teng/Master-23/sjc/work2/EMT-DLFR-master-based/MMSA/Datasets/MOSI/Processed/unaligned_50.pkl', 'seq_lens': (50, 375, 500), 'feature_dims': (768, 5, 20), 'train_samples': 1284, 'num_classes': 3, 'language': 'en', 'missing_seed': (111, 1111, 11111), 'data_missing': True, 'deal_missing': False, 'need_data_aligned': False, 'need_model_aligned': False, 'need_normalized': False, 'use_bert': True, 'use_finetune': True, 'save_labels': False, 'early_stop': 8, 'update_epochs': 4, 'batch_size': 32, 'learning_rate_bert': 5e-05, 'learning_rate_audio': 0.001, 'learning_rate_video': 0.0001, 'learning_rate_other': 0.001, 'weight_decay_bert': 0.001, 'weight_decay_audio': 0.01, 'weight_decay_video': 0.001, 'weight_decay_other': 0.001, 'a_lstm_hidden_size': 32, 'v_lstm_hidden_size': 64, 'a_lstm_layers': 1, 'v_lstm_layers': 1, 'text_out': 768, 'audio_out': 16, 'video_out': 32, 'a_lstm_dropout': 0.0, 'v_lstm_dropout': 0.0, 't_bert_dropout': 0.1, 'd_model': 128, 'fusion_layers': 3, 'heads': 4, 'learnable_pos_emb': False, 'emb_dropout': 0.0, 'attn_dropout': 0.2, 'ff_dropout': 0.1, 'ff_expansion': 4, 'mpu_share': True, 'modality_share': True, 'layer_share': True, 'attn_act_fn': 'tanh', 'gmc_tokens_pred_dim': 128, 'text_pred_dim': 256, 'audio_pred_dim': 8, 'video_pred_dim': 16, 'recon_loss': 'SmoothL1Loss', 'loss_attra_weight': 1, 'loss_recon_weight': 1, 'uncertainty_reg_weight': 0.2, 'uncertainty_reg_margin': 0.0001, 'uncertainty_before_weight': 0.3, 'post_fusion_dim': 256, 'post_fusion_dropout': 0.3, 'H': 3.0, 'cur_time': 3, 'model_save_path': 'results/mosi/emt-dlfr/run_once/models/emt-dlfr-mosi-regression-mr0.4-11111.pth', 'device': device(type='cuda', index=2), 'tasks': 'M'}>",<min/seed>,"(71.72, 111)","(71.77, 1111)","(71.95, 111)","(72.12, 111)","(33.67, 11111)","(30.03, 111)","(103.84, 1111)","(54.67, 1111)","(129.43, 1111)","(103.49, 1111)"
2026-02-01_07-45-45,emt-dlfr,"<Storage{'need_task_scheduling': False, 'is_tune': False, 'train_mode': 'regression', 'modelName': 'emt-dlfr', 'datasetName': 'mosi', 'num_workers': 4, 'model_save_dir': 'results/mosi/emt-dlfr/run_once/models', 'res_save_dir': 'results/mosi/emt-dlfr/run_once/results', 'gpu_ids': [2], 'missing_rates': array([0. , 0.1, 0.2, 0.3, 0.4, 0.5, 0.6, 0.7, 0.8, 0.9, 1. ]), 'seed': 11111, 'num_seeds': 3, 'exp_name': 'moe-uncertainty', 'diff_missing': None, 'KeyEval': 'Loss', 'save_model': True, 'unified_missing': False, 'use_normalized_data': False, 'seeds': [111, 1111, 11111], 'missing_rate': (0.4, 0.4, 0.4), 'dataPath': '/mnt/HDD2/teng/Master-23/sjc/work2/EMT-DLFR-master-based/MMSA/Datasets/MOSI/Processed/unaligned_50.pkl', 'seq_lens': (50, 375, 500), 'feature_dims': (768, 5, 20), 'train_samples': 1284, 'num_classes': 3, 'language': 'en', 'missing_seed': (111, 1111, 11111), 'data_missing': True, 'deal_missing': False, 'need_data_aligned': False, 'need_model_aligned': False, 'need_normalized': False, 'use_bert': True, 'use_finetune': True, 'save_labels': False, 'early_stop': 8, 'update_epochs': 4, 'batch_size': 32, 'learning_rate_bert': 5e-05, 'learning_rate_audio': 0.001, 'learning_rate_video': 0.0001, 'learning_rate_other': 0.001, 'weight_decay_bert': 0.001, 'weight_decay_audio': 0.01, 'weight_decay_video': 0.001, 'weight_decay_other': 0.001, 'a_lstm_hidden_size': 32, 'v_lstm_hidden_size': 64, 'a_lstm_layers': 1, 'v_lstm_layers': 1, 'text_out': 768, 'audio_out': 16, 'video_out': 32, 'a_lstm_dropout': 0.0, 'v_lstm_dropout': 0.0, 't_bert_dropout': 0.1, 'd_model': 128, 'fusion_layers': 3, 'heads': 4, 'learnable_pos_emb': False, 'emb_dropout': 0.0, 'attn_dropout': 0.2, 'ff_dropout': 0.1, 'ff_expansion': 4, 'mpu_share': True, 'modality_share': True, 'layer_share': True, 'attn_act_fn': 'tanh', 'gmc_tokens_pred_dim': 128, 'text_pred_dim': 256, 'audio_pred_dim': 8, 'video_pred_dim': 16, 'recon_loss': 'SmoothL1Loss', 'loss_attra_weight': 1, 'loss_recon_weight': 1, 'uncertainty_reg_weight': 0.3, 'uncertainty_reg_margin': 1e-05, 'uncertainty_before_weight': 0.3, 'post_fusion_dim': 256, 'post_fusion_dropout': 0.3, 'H': 3.0, 'cur_time': 3, 'model_save_path': 'results/mosi/emt-dlfr/run_once/models/emt-dlfr-mosi-regression-mr0.4-11111.pth', 'device': device(type='cuda', index=2), 'tasks': 'M'}>",111,71.14,71.18,71.19,71.34,34.69,30.61,109.58,54.55,135.48,110.17
2026-02-01_07-45-45,emt-dlfr,"<Storage{'need_task_scheduling': False, 'is_tune': False, 'train_mode': 'regression', 'modelName': 'emt-dlfr', 'datasetName': 'mosi', 'num_workers': 4, 'model_save_dir': 'results/mosi/emt-dlfr/run_once/models', 'res_save_dir': 'results/mosi/emt-dlfr/run_once/results', 'gpu_ids': [2], 'missing_rates': array([0. , 0.1, 0.2, 0.3, 0.4, 0.5, 0.6, 0.7, 0.8, 0.9, 1. ]), 'seed': 11111, 'num_seeds': 3, 'exp_name': 'moe-uncertainty', 'diff_missing': None, 'KeyEval': 'Loss', 'save_model': True, 'unified_missing': False, 'use_normalized_data': False, 'seeds': [111, 1111, 11111], 'missing_rate': (0.4, 0.4, 0.4), 'dataPath': '/mnt/HDD2/teng/Master-23/sjc/work2/EMT-DLFR-master-based/MMSA/Datasets/MOSI/Processed/unaligned_50.pkl', 'seq_lens': (50, 375, 500), 'feature_dims': (768, 5, 20), 'train_samples': 1284, 'num_classes': 3, 'language': 'en', 'missing_seed': (111, 1111, 11111), 'data_missing': True, 'deal_missing': False, 'need_data_aligned': False, 'need_model_aligned': False, 'need_normalized': False, 'use_bert': True, 'use_finetune': True, 'save_labels': False, 'early_stop': 8, 'update_epochs': 4, 'batch_size': 32, 'learning_rate_bert': 5e-05, 'learning_rate_audio': 0.001, 'learning_rate_video': 0.0001, 'learning_rate_other': 0.001, 'weight_decay_bert': 0.001, 'weight_decay_audio': 0.01, 'weight_decay_video': 0.001, 'weight_decay_other': 0.001, 'a_lstm_hidden_size': 32, 'v_lstm_hidden_size': 64, 'a_lstm_layers': 1, 'v_lstm_layers': 1, 'text_out': 768, 'audio_out': 16, 'video_out': 32, 'a_lstm_dropout': 0.0, 'v_lstm_dropout': 0.0, 't_bert_dropout': 0.1, 'd_model': 128, 'fusion_layers': 3, 'heads': 4, 'learnable_pos_emb': False, 'emb_dropout': 0.0, 'attn_dropout': 0.2, 'ff_dropout': 0.1, 'ff_expansion': 4, 'mpu_share': True, 'modality_share': True, 'layer_share': True, 'attn_act_fn': 'tanh', 'gmc_tokens_pred_dim': 128, 'text_pred_dim': 256, 'audio_pred_dim': 8, 'video_pred_dim': 16, 'recon_loss': 'SmoothL1Loss', 'loss_attra_weight': 1, 'loss_recon_weight': 1, 'uncertainty_reg_weight': 0.3, 'uncertainty_reg_margin': 1e-05, 'uncertainty_before_weight': 0.3, 'post_fusion_dim': 256, 'post_fusion_dropout': 0.3, 'H': 3.0, 'cur_time': 3, 'model_save_path': 'results/mosi/emt-dlfr/run_once/models/emt-dlfr-mosi-regression-mr0.4-11111.pth', 'device': device(type='cuda', index=2), 'tasks': 'M'}>",1111,73.62,73.21,74.85,74.51,36.88,33.38,102.98,56.1,130.45,103.16
2026-02-01_07-45-45,emt-dlfr,"<Storage{'need_task_scheduling': False, 'is_tune': False, 'train_mode': 'regression', 'modelName': 'emt-dlfr', 'datasetName': 'mosi', 'num_workers': 4, 'model_save_dir': 'results/mosi/emt-dlfr/run_once/models', 'res_save_dir': 'results/mosi/emt-dlfr/run_once/results', 'gpu_ids': [2], 'missing_rates': array([0. , 0.1, 0.2, 0.3, 0.4, 0.5, 0.6, 0.7, 0.8, 0.9, 1. ]), 'seed': 11111, 'num_seeds': 3, 'exp_name': 'moe-uncertainty', 'diff_missing': None, 'KeyEval': 'Loss', 'save_model': True, 'unified_missing': False, 'use_normalized_data': False, 'seeds': [111, 1111, 11111], 'missing_rate': (0.4, 0.4, 0.4), 'dataPath': '/mnt/HDD2/teng/Master-23/sjc/work2/EMT-DLFR-master-based/MMSA/Datasets/MOSI/Processed/unaligned_50.pkl', 'seq_lens': (50, 375, 500), 'feature_dims': (768, 5, 20), 'train_samples': 1284, 'num_classes': 3, 'language': 'en', 'missing_seed': (111, 1111, 11111), 'data_missing': True, 'deal_missing': False, 'need_data_aligned': False, 'need_model_aligned': False, 'need_normalized': False, 'use_bert': True, 'use_finetune': True, 'save_labels': False, 'early_stop': 8, 'update_epochs': 4, 'batch_size': 32, 'learning_rate_bert': 5e-05, 'learning_rate_audio': 0.001, 'learning_rate_video': 0.0001, 'learning_rate_other': 0.001, 'weight_decay_bert': 0.001, 'weight_decay_audio': 0.01, 'weight_decay_video': 0.001, 'weight_decay_other': 0.001, 'a_lstm_hidden_size': 32, 'v_lstm_hidden_size': 64, 'a_lstm_layers': 1, 'v_lstm_layers': 1, 'text_out': 768, 'audio_out': 16, 'video_out': 32, 'a_lstm_dropout': 0.0, 'v_lstm_dropout': 0.0, 't_bert_dropout': 0.1, 'd_model': 128, 'fusion_layers': 3, 'heads': 4, 'learnable_pos_emb': False, 'emb_dropout': 0.0, 'attn_dropout': 0.2, 'ff_dropout': 0.1, 'ff_expansion': 4, 'mpu_share': True, 'modality_share': True, 'layer_share': True, 'attn_act_fn': 'tanh', 'gmc_tokens_pred_dim': 128, 'text_pred_dim': 256, 'audio_pred_dim': 8, 'video_pred_dim': 16, 'recon_loss': 'SmoothL1Loss', 'loss_attra_weight': 1, 'loss_recon_weight': 1, 'uncertainty_reg_weight': 0.3, 'uncertainty_reg_margin': 1e-05, 'uncertainty_before_weight': 0.3, 'post_fusion_dim': 256, 'post_fusion_dropout': 0.3, 'H': 3.0, 'cur_time': 3, 'model_save_path': 'results/mosi/emt-dlfr/run_once/models/emt-dlfr-mosi-regression-mr0.4-11111.pth', 'device': device(type='cuda', index=2), 'tasks': 'M'}>",11111,72.01,72.03,73.02,73.12,37.46,32.65,107.92,52.57,134.37,107.87
2026-02-01_07-45-45,emt-dlfr,"<Storage{'need_task_scheduling': False, 'is_tune': False, 'train_mode': 'regression', 'modelName': 'emt-dlfr', 'datasetName': 'mosi', 'num_workers': 4, 'model_save_dir': 'results/mosi/emt-dlfr/run_once/models', 'res_save_dir': 'results/mosi/emt-dlfr/run_once/results', 'gpu_ids': [2], 'missing_rates': array([0. , 0.1, 0.2, 0.3, 0.4, 0.5, 0.6, 0.7, 0.8, 0.9, 1. ]), 'seed': 11111, 'num_seeds': 3, 'exp_name': 'moe-uncertainty', 'diff_missing': None, 'KeyEval': 'Loss', 'save_model': True, 'unified_missing': False, 'use_normalized_data': False, 'seeds': [111, 1111, 11111], 'missing_rate': (0.4, 0.4, 0.4), 'dataPath': '/mnt/HDD2/teng/Master-23/sjc/work2/EMT-DLFR-master-based/MMSA/Datasets/MOSI/Processed/unaligned_50.pkl', 'seq_lens': (50, 375, 500), 'feature_dims': (768, 5, 20), 'train_samples': 1284, 'num_classes': 3, 'language': 'en', 'missing_seed': (111, 1111, 11111), 'data_missing': True, 'deal_missing': False, 'need_data_aligned': False, 'need_model_aligned': False, 'need_normalized': False, 'use_bert': True, 'use_finetune': True, 'save_labels': False, 'early_stop': 8, 'update_epochs': 4, 'batch_size': 32, 'learning_rate_bert': 5e-05, 'learning_rate_audio': 0.001, 'learning_rate_video': 0.0001, 'learning_rate_other': 0.001, 'weight_decay_bert': 0.001, 'weight_decay_audio': 0.01, 'weight_decay_video': 0.001, 'weight_decay_other': 0.001, 'a_lstm_hidden_size': 32, 'v_lstm_hidden_size': 64, 'a_lstm_layers': 1, 'v_lstm_layers': 1, 'text_out': 768, 'audio_out': 16, 'video_out': 32, 'a_lstm_dropout': 0.0, 'v_lstm_dropout': 0.0, 't_bert_dropout': 0.1, 'd_model': 128, 'fusion_layers': 3, 'heads': 4, 'learnable_pos_emb': False, 'emb_dropout': 0.0, 'attn_dropout': 0.2, 'ff_dropout': 0.1, 'ff_expansion': 4, 'mpu_share': True, 'modality_share': True, 'layer_share': True, 'attn_act_fn': 'tanh', 'gmc_tokens_pred_dim': 128, 'text_pred_dim': 256, 'audio_pred_dim': 8, 'video_pred_dim': 16, 'recon_loss': 'SmoothL1Loss', 'loss_attra_weight': 1, 'loss_recon_weight': 1, 'uncertainty_reg_weight': 0.3, 'uncertainty_reg_margin': 1e-05, 'uncertainty_before_weight': 0.3, 'post_fusion_dim': 256, 'post_fusion_dropout': 0.3, 'H': 3.0, 'cur_time': 3, 'model_save_path': 'results/mosi/emt-dlfr/run_once/models/emt-dlfr-mosi-regression-mr0.4-11111.pth', 'device': device(type='cuda', index=2), 'tasks': 'M'}>",<mean/std>,"(72.26, 1.03)","(72.14, 0.83)","(73.02, 1.49)","(72.99, 1.3)","(36.34, 1.19)","(32.21, 1.17)","(106.83, 2.8)","(54.41, 1.44)","(133.43, 2.16)","(107.07, 2.92)"
2026-02-01_07-45-45,emt-dlfr,"<Storage{'need_task_scheduling': False, 'is_tune': False, 'train_mode': 'regression', 'modelName': 'emt-dlfr', 'datasetName': 'mosi', 'num_workers': 4, 'model_save_dir': 'results/mosi/emt-dlfr/run_once/models', 'res_save_dir': 'results/mosi/emt-dlfr/run_once/results', 'gpu_ids': [2], 'missing_rates': array([0. , 0.1, 0.2, 0.3, 0.4, 0.5, 0.6, 0.7, 0.8, 0.9, 1. ]), 'seed': 11111, 'num_seeds': 3, 'exp_name': 'moe-uncertainty', 'diff_missing': None, 'KeyEval': 'Loss', 'save_model': True, 'unified_missing': False, 'use_normalized_data': False, 'seeds': [111, 1111, 11111], 'missing_rate': (0.4, 0.4, 0.4), 'dataPath': '/mnt/HDD2/teng/Master-23/sjc/work2/EMT-DLFR-master-based/MMSA/Datasets/MOSI/Processed/unaligned_50.pkl', 'seq_lens': (50, 375, 500), 'feature_dims': (768, 5, 20), 'train_samples': 1284, 'num_classes': 3, 'language': 'en', 'missing_seed': (111, 1111, 11111), 'data_missing': True, 'deal_missing': False, 'need_data_aligned': False, 'need_model_aligned': False, 'need_normalized': False, 'use_bert': True, 'use_finetune': True, 'save_labels': False, 'early_stop': 8, 'update_epochs': 4, 'batch_size': 32, 'learning_rate_bert': 5e-05, 'learning_rate_audio': 0.001, 'learning_rate_video': 0.0001, 'learning_rate_other': 0.001, 'weight_decay_bert': 0.001, 'weight_decay_audio': 0.01, 'weight_decay_video': 0.001, 'weight_decay_other': 0.001, 'a_lstm_hidden_size': 32, 'v_lstm_hidden_size': 64, 'a_lstm_layers': 1, 'v_lstm_layers': 1, 'text_out': 768, 'audio_out': 16, 'video_out': 32, 'a_lstm_dropout': 0.0, 'v_lstm_dropout': 0.0, 't_bert_dropout': 0.1, 'd_model': 128, 'fusion_layers': 3, 'heads': 4, 'learnable_pos_emb': False, 'emb_dropout': 0.0, 'attn_dropout': 0.2, 'ff_dropout': 0.1, 'ff_expansion': 4, 'mpu_share': True, 'modality_share': True, 'layer_share': True, 'attn_act_fn': 'tanh', 'gmc_tokens_pred_dim': 128, 'text_pred_dim': 256, 'audio_pred_dim': 8, 'video_pred_dim': 16, 'recon_loss': 'SmoothL1Loss', 'loss_attra_weight': 1, 'loss_recon_weight': 1, 'uncertainty_reg_weight': 0.3, 'uncertainty_reg_margin': 1e-05, 'uncertainty_before_weight': 0.3, 'post_fusion_dim': 256, 'post_fusion_dropout': 0.3, 'H': 3.0, 'cur_time': 3, 'model_save_path': 'results/mosi/emt-dlfr/run_once/models/emt-dlfr-mosi-regression-mr0.4-11111.pth', 'device': device(type='cuda', index=2), 'tasks': 'M'}>",<max/seed>,"(73.62, 1111)","(73.21, 1111)","(74.85, 1111)","(74.51, 1111)","(37.46, 11111)","(33.38, 1111)","(109.58, 111)","(56.1, 1111)","(135.48, 111)","(110.17, 111)"
2026-02-01_07-45-45,emt-dlfr,"<Storage{'need_task_scheduling': False, 'is_tune': False, 'train_mode': 'regression', 'modelName': 'emt-dlfr', 'datasetName': 'mosi', 'num_workers': 4, 'model_save_dir': 'results/mosi/emt-dlfr/run_once/models', 'res_save_dir': 'results/mosi/emt-dlfr/run_once/results', 'gpu_ids': [2], 'missing_rates': array([0. , 0.1, 0.2, 0.3, 0.4, 0.5, 0.6, 0.7, 0.8, 0.9, 1. ]), 'seed': 11111, 'num_seeds': 3, 'exp_name': 'moe-uncertainty', 'diff_missing': None, 'KeyEval': 'Loss', 'save_model': True, 'unified_missing': False, 'use_normalized_data': False, 'seeds': [111, 1111, 11111], 'missing_rate': (0.4, 0.4, 0.4), 'dataPath': '/mnt/HDD2/teng/Master-23/sjc/work2/EMT-DLFR-master-based/MMSA/Datasets/MOSI/Processed/unaligned_50.pkl', 'seq_lens': (50, 375, 500), 'feature_dims': (768, 5, 20), 'train_samples': 1284, 'num_classes': 3, 'language': 'en', 'missing_seed': (111, 1111, 11111), 'data_missing': True, 'deal_missing': False, 'need_data_aligned': False, 'need_model_aligned': False, 'need_normalized': False, 'use_bert': True, 'use_finetune': True, 'save_labels': False, 'early_stop': 8, 'update_epochs': 4, 'batch_size': 32, 'learning_rate_bert': 5e-05, 'learning_rate_audio': 0.001, 'learning_rate_video': 0.0001, 'learning_rate_other': 0.001, 'weight_decay_bert': 0.001, 'weight_decay_audio': 0.01, 'weight_decay_video': 0.001, 'weight_decay_other': 0.001, 'a_lstm_hidden_size': 32, 'v_lstm_hidden_size': 64, 'a_lstm_layers': 1, 'v_lstm_layers': 1, 'text_out': 768, 'audio_out': 16, 'video_out': 32, 'a_lstm_dropout': 0.0, 'v_lstm_dropout': 0.0, 't_bert_dropout': 0.1, 'd_model': 128, 'fusion_layers': 3, 'heads': 4, 'learnable_pos_emb': False, 'emb_dropout': 0.0, 'attn_dropout': 0.2, 'ff_dropout': 0.1, 'ff_expansion': 4, 'mpu_share': True, 'modality_share': True, 'layer_share': True, 'attn_act_fn': 'tanh', 'gmc_tokens_pred_dim': 128, 'text_pred_dim': 256, 'audio_pred_dim': 8, 'video_pred_dim': 16, 'recon_loss': 'SmoothL1Loss', 'loss_attra_weight': 1, 'loss_recon_weight': 1, 'uncertainty_reg_weight': 0.3, 'uncertainty_reg_margin': 1e-05, 'uncertainty_before_weight': 0.3, 'post_fusion_dim': 256, 'post_fusion_dropout': 0.3, 'H': 3.0, 'cur_time': 3, 'model_save_path': 'results/mosi/emt-dlfr/run_once/models/emt-dlfr-mosi-regression-mr0.4-11111.pth', 'device': device(type='cuda', index=2), 'tasks': 'M'}>",<min/seed>,"(71.14, 111)","(71.18, 111)","(71.19, 111)","(71.34, 111)","(34.69, 111)","(30.61, 111)","(102.98, 1111)","(52.57, 11111)","(130.45, 1111)","(103.16, 1111)"
2026-02-01_11-39-46,emt-dlfr,"<Storage{'need_task_scheduling': False, 'is_tune': False, 'train_mode': 'regression', 'modelName': 'emt-dlfr', 'datasetName': 'mosi', 'num_workers': 4, 'model_save_dir': 'results/mosi/emt-dlfr/run_once/models', 'res_save_dir': 'results/mosi/emt-dlfr/run_once/results', 'gpu_ids': [2], 'missing_rates': array([0. , 0.1, 0.2, 0.3, 0.4, 0.5, 0.6, 0.7, 0.8, 0.9, 1. ]), 'seed': 11111, 'num_seeds': 3, 'exp_name': 'moe-uncertainty', 'diff_missing': None, 'KeyEval': 'Loss', 'save_model': True, 'unified_missing': False, 'use_normalized_data': False, 'seeds': [111, 1111, 11111], 'missing_rate': (0.4, 0.4, 0.4), 'dataPath': '/mnt/HDD2/teng/Master-23/sjc/work2/EMT-DLFR-master-based/MMSA/Datasets/MOSI/Processed/unaligned_50.pkl', 'seq_lens': (50, 375, 500), 'feature_dims': (768, 5, 20), 'train_samples': 1284, 'num_classes': 3, 'language': 'en', 'missing_seed': (111, 1111, 11111), 'data_missing': True, 'deal_missing': False, 'need_data_aligned': False, 'need_model_aligned': False, 'need_normalized': False, 'use_bert': True, 'use_finetune': True, 'save_labels': False, 'early_stop': 8, 'update_epochs': 4, 'batch_size': 32, 'learning_rate_bert': 5e-05, 'learning_rate_audio': 0.001, 'learning_rate_video': 0.0001, 'learning_rate_other': 0.001, 'weight_decay_bert': 0.001, 'weight_decay_audio': 0.01, 'weight_decay_video': 0.001, 'weight_decay_other': 0.001, 'a_lstm_hidden_size': 32, 'v_lstm_hidden_size': 64, 'a_lstm_layers': 1, 'v_lstm_layers': 1, 'text_out': 768, 'audio_out': 16, 'video_out': 32, 'a_lstm_dropout': 0.0, 'v_lstm_dropout': 0.0, 't_bert_dropout': 0.1, 'd_model': 128, 'fusion_layers': 3, 'heads': 4, 'learnable_pos_emb': False, 'emb_dropout': 0.0, 'attn_dropout': 0.2, 'ff_dropout': 0.1, 'ff_expansion': 4, 'mpu_share': True, 'modality_share': True, 'layer_share': True, 'attn_act_fn': 'tanh', 'gmc_tokens_pred_dim': 128, 'text_pred_dim': 256, 'audio_pred_dim': 8, 'video_pred_dim': 16, 'recon_loss': 'SmoothL1Loss', 'loss_attra_weight': 1, 'loss_recon_weight': 1, 'uncertainty_reg_weight': 0.3, 'uncertainty_reg_margin': 5e-05, 'uncertainty_before_weight': 0.3, 'post_fusion_dim': 256, 'post_fusion_dropout': 0.3, 'H': 3.0, 'cur_time': 3, 'model_save_path': 'results/mosi/emt-dlfr/run_once/models/emt-dlfr-mosi-regression-mr0.4-11111.pth', 'device': device(type='cuda', index=2), 'tasks': 'M'}>",111,71.28,71.26,72.26,72.32,36.88,32.65,105.24,55.53,131.09,105.99
2026-02-01_11-39-46,emt-dlfr,"<Storage{'need_task_scheduling': False, 'is_tune': False, 'train_mode': 'regression', 'modelName': 'emt-dlfr', 'datasetName': 'mosi', 'num_workers': 4, 'model_save_dir': 'results/mosi/emt-dlfr/run_once/models', 'res_save_dir': 'results/mosi/emt-dlfr/run_once/results', 'gpu_ids': [2], 'missing_rates': array([0. , 0.1, 0.2, 0.3, 0.4, 0.5, 0.6, 0.7, 0.8, 0.9, 1. ]), 'seed': 11111, 'num_seeds': 3, 'exp_name': 'moe-uncertainty', 'diff_missing': None, 'KeyEval': 'Loss', 'save_model': True, 'unified_missing': False, 'use_normalized_data': False, 'seeds': [111, 1111, 11111], 'missing_rate': (0.4, 0.4, 0.4), 'dataPath': '/mnt/HDD2/teng/Master-23/sjc/work2/EMT-DLFR-master-based/MMSA/Datasets/MOSI/Processed/unaligned_50.pkl', 'seq_lens': (50, 375, 500), 'feature_dims': (768, 5, 20), 'train_samples': 1284, 'num_classes': 3, 'language': 'en', 'missing_seed': (111, 1111, 11111), 'data_missing': True, 'deal_missing': False, 'need_data_aligned': False, 'need_model_aligned': False, 'need_normalized': False, 'use_bert': True, 'use_finetune': True, 'save_labels': False, 'early_stop': 8, 'update_epochs': 4, 'batch_size': 32, 'learning_rate_bert': 5e-05, 'learning_rate_audio': 0.001, 'learning_rate_video': 0.0001, 'learning_rate_other': 0.001, 'weight_decay_bert': 0.001, 'weight_decay_audio': 0.01, 'weight_decay_video': 0.001, 'weight_decay_other': 0.001, 'a_lstm_hidden_size': 32, 'v_lstm_hidden_size': 64, 'a_lstm_layers': 1, 'v_lstm_layers': 1, 'text_out': 768, 'audio_out': 16, 'video_out': 32, 'a_lstm_dropout': 0.0, 'v_lstm_dropout': 0.0, 't_bert_dropout': 0.1, 'd_model': 128, 'fusion_layers': 3, 'heads': 4, 'learnable_pos_emb': False, 'emb_dropout': 0.0, 'attn_dropout': 0.2, 'ff_dropout': 0.1, 'ff_expansion': 4, 'mpu_share': True, 'modality_share': True, 'layer_share': True, 'attn_act_fn': 'tanh', 'gmc_tokens_pred_dim': 128, 'text_pred_dim': 256, 'audio_pred_dim': 8, 'video_pred_dim': 16, 'recon_loss': 'SmoothL1Loss', 'loss_attra_weight': 1, 'loss_recon_weight': 1, 'uncertainty_reg_weight': 0.3, 'uncertainty_reg_margin': 5e-05, 'uncertainty_before_weight': 0.3, 'post_fusion_dim': 256, 'post_fusion_dropout': 0.3, 'H': 3.0, 'cur_time': 3, 'model_save_path': 'results/mosi/emt-dlfr/run_once/models/emt-dlfr-mosi-regression-mr0.4-11111.pth', 'device': device(type='cuda', index=2), 'tasks': 'M'}>",1111,71.72,71.4,73.17,72.96,38.34,33.24,101.99,56.05,127.57,102.06
2026-02-01_11-39-46,emt-dlfr,"<Storage{'need_task_scheduling': False, 'is_tune': False, 'train_mode': 'regression', 'modelName': 'emt-dlfr', 'datasetName': 'mosi', 'num_workers': 4, 'model_save_dir': 'results/mosi/emt-dlfr/run_once/models', 'res_save_dir': 'results/mosi/emt-dlfr/run_once/results', 'gpu_ids': [2], 'missing_rates': array([0. , 0.1, 0.2, 0.3, 0.4, 0.5, 0.6, 0.7, 0.8, 0.9, 1. ]), 'seed': 11111, 'num_seeds': 3, 'exp_name': 'moe-uncertainty', 'diff_missing': None, 'KeyEval': 'Loss', 'save_model': True, 'unified_missing': False, 'use_normalized_data': False, 'seeds': [111, 1111, 11111], 'missing_rate': (0.4, 0.4, 0.4), 'dataPath': '/mnt/HDD2/teng/Master-23/sjc/work2/EMT-DLFR-master-based/MMSA/Datasets/MOSI/Processed/unaligned_50.pkl', 'seq_lens': (50, 375, 500), 'feature_dims': (768, 5, 20), 'train_samples': 1284, 'num_classes': 3, 'language': 'en', 'missing_seed': (111, 1111, 11111), 'data_missing': True, 'deal_missing': False, 'need_data_aligned': False, 'need_model_aligned': False, 'need_normalized': False, 'use_bert': True, 'use_finetune': True, 'save_labels': False, 'early_stop': 8, 'update_epochs': 4, 'batch_size': 32, 'learning_rate_bert': 5e-05, 'learning_rate_audio': 0.001, 'learning_rate_video': 0.0001, 'learning_rate_other': 0.001, 'weight_decay_bert': 0.001, 'weight_decay_audio': 0.01, 'weight_decay_video': 0.001, 'weight_decay_other': 0.001, 'a_lstm_hidden_size': 32, 'v_lstm_hidden_size': 64, 'a_lstm_layers': 1, 'v_lstm_layers': 1, 'text_out': 768, 'audio_out': 16, 'video_out': 32, 'a_lstm_dropout': 0.0, 'v_lstm_dropout': 0.0, 't_bert_dropout': 0.1, 'd_model': 128, 'fusion_layers': 3, 'heads': 4, 'learnable_pos_emb': False, 'emb_dropout': 0.0, 'attn_dropout': 0.2, 'ff_dropout': 0.1, 'ff_expansion': 4, 'mpu_share': True, 'modality_share': True, 'layer_share': True, 'attn_act_fn': 'tanh', 'gmc_tokens_pred_dim': 128, 'text_pred_dim': 256, 'audio_pred_dim': 8, 'video_pred_dim': 16, 'recon_loss': 'SmoothL1Loss', 'loss_attra_weight': 1, 'loss_recon_weight': 1, 'uncertainty_reg_weight': 0.3, 'uncertainty_reg_margin': 5e-05, 'uncertainty_before_weight': 0.3, 'post_fusion_dim': 256, 'post_fusion_dropout': 0.3, 'H': 3.0, 'cur_time': 3, 'model_save_path': 'results/mosi/emt-dlfr/run_once/models/emt-dlfr-mosi-regression-mr0.4-11111.pth', 'device': device(type='cuda', index=2), 'tasks': 'M'}>",11111,72.74,72.77,73.63,73.73,36.3,32.51,103.5,55.72,129.68,103.7
2026-02-01_11-39-46,emt-dlfr,"<Storage{'need_task_scheduling': False, 'is_tune': False, 'train_mode': 'regression', 'modelName': 'emt-dlfr', 'datasetName': 'mosi', 'num_workers': 4, 'model_save_dir': 'results/mosi/emt-dlfr/run_once/models', 'res_save_dir': 'results/mosi/emt-dlfr/run_once/results', 'gpu_ids': [2], 'missing_rates': array([0. , 0.1, 0.2, 0.3, 0.4, 0.5, 0.6, 0.7, 0.8, 0.9, 1. ]), 'seed': 11111, 'num_seeds': 3, 'exp_name': 'moe-uncertainty', 'diff_missing': None, 'KeyEval': 'Loss', 'save_model': True, 'unified_missing': False, 'use_normalized_data': False, 'seeds': [111, 1111, 11111], 'missing_rate': (0.4, 0.4, 0.4), 'dataPath': '/mnt/HDD2/teng/Master-23/sjc/work2/EMT-DLFR-master-based/MMSA/Datasets/MOSI/Processed/unaligned_50.pkl', 'seq_lens': (50, 375, 500), 'feature_dims': (768, 5, 20), 'train_samples': 1284, 'num_classes': 3, 'language': 'en', 'missing_seed': (111, 1111, 11111), 'data_missing': True, 'deal_missing': False, 'need_data_aligned': False, 'need_model_aligned': False, 'need_normalized': False, 'use_bert': True, 'use_finetune': True, 'save_labels': False, 'early_stop': 8, 'update_epochs': 4, 'batch_size': 32, 'learning_rate_bert': 5e-05, 'learning_rate_audio': 0.001, 'learning_rate_video': 0.0001, 'learning_rate_other': 0.001, 'weight_decay_bert': 0.001, 'weight_decay_audio': 0.01, 'weight_decay_video': 0.001, 'weight_decay_other': 0.001, 'a_lstm_hidden_size': 32, 'v_lstm_hidden_size': 64, 'a_lstm_layers': 1, 'v_lstm_layers': 1, 'text_out': 768, 'audio_out': 16, 'video_out': 32, 'a_lstm_dropout': 0.0, 'v_lstm_dropout': 0.0, 't_bert_dropout': 0.1, 'd_model': 128, 'fusion_layers': 3, 'heads': 4, 'learnable_pos_emb': False, 'emb_dropout': 0.0, 'attn_dropout': 0.2, 'ff_dropout': 0.1, 'ff_expansion': 4, 'mpu_share': True, 'modality_share': True, 'layer_share': True, 'attn_act_fn': 'tanh', 'gmc_tokens_pred_dim': 128, 'text_pred_dim': 256, 'audio_pred_dim': 8, 'video_pred_dim': 16, 'recon_loss': 'SmoothL1Loss', 'loss_attra_weight': 1, 'loss_recon_weight': 1, 'uncertainty_reg_weight': 0.3, 'uncertainty_reg_margin': 5e-05, 'uncertainty_before_weight': 0.3, 'post_fusion_dim': 256, 'post_fusion_dropout': 0.3, 'H': 3.0, 'cur_time': 3, 'model_save_path': 'results/mosi/emt-dlfr/run_once/models/emt-dlfr-mosi-regression-mr0.4-11111.pth', 'device': device(type='cuda', index=2), 'tasks': 'M'}>",<mean/std>,"(71.91, 0.61)","(71.81, 0.68)","(73.02, 0.57)","(73.0, 0.58)","(37.17, 0.86)","(32.8, 0.32)","(103.58, 1.33)","(55.77, 0.21)","(129.45, 1.45)","(103.92, 1.61)"
2026-02-01_11-39-46,emt-dlfr,"<Storage{'need_task_scheduling': False, 'is_tune': False, 'train_mode': 'regression', 'modelName': 'emt-dlfr', 'datasetName': 'mosi', 'num_workers': 4, 'model_save_dir': 'results/mosi/emt-dlfr/run_once/models', 'res_save_dir': 'results/mosi/emt-dlfr/run_once/results', 'gpu_ids': [2], 'missing_rates': array([0. , 0.1, 0.2, 0.3, 0.4, 0.5, 0.6, 0.7, 0.8, 0.9, 1. ]), 'seed': 11111, 'num_seeds': 3, 'exp_name': 'moe-uncertainty', 'diff_missing': None, 'KeyEval': 'Loss', 'save_model': True, 'unified_missing': False, 'use_normalized_data': False, 'seeds': [111, 1111, 11111], 'missing_rate': (0.4, 0.4, 0.4), 'dataPath': '/mnt/HDD2/teng/Master-23/sjc/work2/EMT-DLFR-master-based/MMSA/Datasets/MOSI/Processed/unaligned_50.pkl', 'seq_lens': (50, 375, 500), 'feature_dims': (768, 5, 20), 'train_samples': 1284, 'num_classes': 3, 'language': 'en', 'missing_seed': (111, 1111, 11111), 'data_missing': True, 'deal_missing': False, 'need_data_aligned': False, 'need_model_aligned': False, 'need_normalized': False, 'use_bert': True, 'use_finetune': True, 'save_labels': False, 'early_stop': 8, 'update_epochs': 4, 'batch_size': 32, 'learning_rate_bert': 5e-05, 'learning_rate_audio': 0.001, 'learning_rate_video': 0.0001, 'learning_rate_other': 0.001, 'weight_decay_bert': 0.001, 'weight_decay_audio': 0.01, 'weight_decay_video': 0.001, 'weight_decay_other': 0.001, 'a_lstm_hidden_size': 32, 'v_lstm_hidden_size': 64, 'a_lstm_layers': 1, 'v_lstm_layers': 1, 'text_out': 768, 'audio_out': 16, 'video_out': 32, 'a_lstm_dropout': 0.0, 'v_lstm_dropout': 0.0, 't_bert_dropout': 0.1, 'd_model': 128, 'fusion_layers': 3, 'heads': 4, 'learnable_pos_emb': False, 'emb_dropout': 0.0, 'attn_dropout': 0.2, 'ff_dropout': 0.1, 'ff_expansion': 4, 'mpu_share': True, 'modality_share': True, 'layer_share': True, 'attn_act_fn': 'tanh', 'gmc_tokens_pred_dim': 128, 'text_pred_dim': 256, 'audio_pred_dim': 8, 'video_pred_dim': 16, 'recon_loss': 'SmoothL1Loss', 'loss_attra_weight': 1, 'loss_recon_weight': 1, 'uncertainty_reg_weight': 0.3, 'uncertainty_reg_margin': 5e-05, 'uncertainty_before_weight': 0.3, 'post_fusion_dim': 256, 'post_fusion_dropout': 0.3, 'H': 3.0, 'cur_time': 3, 'model_save_path': 'results/mosi/emt-dlfr/run_once/models/emt-dlfr-mosi-regression-mr0.4-11111.pth', 'device': device(type='cuda', index=2), 'tasks': 'M'}>",<max/seed>,"(72.74, 11111)","(72.77, 11111)","(73.63, 11111)","(73.73, 11111)","(38.34, 1111)","(33.24, 1111)","(105.24, 111)","(56.05, 1111)","(131.09, 111)","(105.99, 111)"
2026-02-01_11-39-46,emt-dlfr,"<Storage{'need_task_scheduling': False, 'is_tune': False, 'train_mode': 'regression', 'modelName': 'emt-dlfr', 'datasetName': 'mosi', 'num_workers': 4, 'model_save_dir': 'results/mosi/emt-dlfr/run_once/models', 'res_save_dir': 'results/mosi/emt-dlfr/run_once/results', 'gpu_ids': [2], 'missing_rates': array([0. , 0.1, 0.2, 0.3, 0.4, 0.5, 0.6, 0.7, 0.8, 0.9, 1. ]), 'seed': 11111, 'num_seeds': 3, 'exp_name': 'moe-uncertainty', 'diff_missing': None, 'KeyEval': 'Loss', 'save_model': True, 'unified_missing': False, 'use_normalized_data': False, 'seeds': [111, 1111, 11111], 'missing_rate': (0.4, 0.4, 0.4), 'dataPath': '/mnt/HDD2/teng/Master-23/sjc/work2/EMT-DLFR-master-based/MMSA/Datasets/MOSI/Processed/unaligned_50.pkl', 'seq_lens': (50, 375, 500), 'feature_dims': (768, 5, 20), 'train_samples': 1284, 'num_classes': 3, 'language': 'en', 'missing_seed': (111, 1111, 11111), 'data_missing': True, 'deal_missing': False, 'need_data_aligned': False, 'need_model_aligned': False, 'need_normalized': False, 'use_bert': True, 'use_finetune': True, 'save_labels': False, 'early_stop': 8, 'update_epochs': 4, 'batch_size': 32, 'learning_rate_bert': 5e-05, 'learning_rate_audio': 0.001, 'learning_rate_video': 0.0001, 'learning_rate_other': 0.001, 'weight_decay_bert': 0.001, 'weight_decay_audio': 0.01, 'weight_decay_video': 0.001, 'weight_decay_other': 0.001, 'a_lstm_hidden_size': 32, 'v_lstm_hidden_size': 64, 'a_lstm_layers': 1, 'v_lstm_layers': 1, 'text_out': 768, 'audio_out': 16, 'video_out': 32, 'a_lstm_dropout': 0.0, 'v_lstm_dropout': 0.0, 't_bert_dropout': 0.1, 'd_model': 128, 'fusion_layers': 3, 'heads': 4, 'learnable_pos_emb': False, 'emb_dropout': 0.0, 'attn_dropout': 0.2, 'ff_dropout': 0.1, 'ff_expansion': 4, 'mpu_share': True, 'modality_share': True, 'layer_share': True, 'attn_act_fn': 'tanh', 'gmc_tokens_pred_dim': 128, 'text_pred_dim': 256, 'audio_pred_dim': 8, 'video_pred_dim': 16, 'recon_loss': 'SmoothL1Loss', 'loss_attra_weight': 1, 'loss_recon_weight': 1, 'uncertainty_reg_weight': 0.3, 'uncertainty_reg_margin': 5e-05, 'uncertainty_before_weight': 0.3, 'post_fusion_dim': 256, 'post_fusion_dropout': 0.3, 'H': 3.0, 'cur_time': 3, 'model_save_path': 'results/mosi/emt-dlfr/run_once/models/emt-dlfr-mosi-regression-mr0.4-11111.pth', 'device': device(type='cuda', index=2), 'tasks': 'M'}>",<min/seed>,"(71.28, 111)","(71.26, 111)","(72.26, 111)","(72.32, 111)","(36.3, 11111)","(32.51, 11111)","(101.99, 1111)","(55.53, 111)","(127.57, 1111)","(102.06, 1111)"
2026-02-01_17-15-29,emt-dlfr,"<Storage{'need_task_scheduling': False, 'is_tune': False, 'train_mode': 'regression', 'modelName': 'emt-dlfr', 'datasetName': 'mosi', 'num_workers': 4, 'model_save_dir': 'results/mosi/emt-dlfr/run_once/models', 'res_save_dir': 'results/mosi/emt-dlfr/run_once/results', 'gpu_ids': [2], 'missing_rates': array([0. , 0.1, 0.2, 0.3, 0.4, 0.5, 0.6, 0.7, 0.8, 0.9, 1. ]), 'seed': 11111, 'num_seeds': 3, 'exp_name': 'moe-uncertainty', 'diff_missing': None, 'KeyEval': 'Loss', 'save_model': True, 'unified_missing': False, 'use_normalized_data': False, 'seeds': [111, 1111, 11111], 'missing_rate': (0.4, 0.4, 0.4), 'dataPath': '/mnt/HDD2/teng/Master-23/sjc/work2/EMT-DLFR-master-based/MMSA/Datasets/MOSI/Processed/unaligned_50.pkl', 'seq_lens': (50, 375, 500), 'feature_dims': (768, 5, 20), 'train_samples': 1284, 'num_classes': 3, 'language': 'en', 'missing_seed': (111, 1111, 11111), 'data_missing': True, 'deal_missing': False, 'need_data_aligned': False, 'need_model_aligned': False, 'need_normalized': False, 'use_bert': True, 'use_finetune': True, 'save_labels': False, 'early_stop': 8, 'update_epochs': 4, 'batch_size': 32, 'learning_rate_bert': 5e-05, 'learning_rate_audio': 0.001, 'learning_rate_video': 0.0001, 'learning_rate_other': 0.001, 'weight_decay_bert': 0.001, 'weight_decay_audio': 0.01, 'weight_decay_video': 0.001, 'weight_decay_other': 0.001, 'a_lstm_hidden_size': 32, 'v_lstm_hidden_size': 64, 'a_lstm_layers': 1, 'v_lstm_layers': 1, 'text_out': 768, 'audio_out': 16, 'video_out': 32, 'a_lstm_dropout': 0.0, 'v_lstm_dropout': 0.0, 't_bert_dropout': 0.1, 'd_model': 128, 'fusion_layers': 3, 'heads': 4, 'learnable_pos_emb': False, 'emb_dropout': 0.0, 'attn_dropout': 0.2, 'ff_dropout': 0.1, 'ff_expansion': 4, 'mpu_share': True, 'modality_share': True, 'layer_share': True, 'attn_act_fn': 'tanh', 'gmc_tokens_pred_dim': 128, 'text_pred_dim': 256, 'audio_pred_dim': 8, 'video_pred_dim': 16, 'recon_loss': 'SmoothL1Loss', 'loss_attra_weight': 1, 'loss_recon_weight': 1, 'uncertainty_reg_weight': 0.3, 'uncertainty_reg_margin': 5e-05, 'uncertainty_before_weight': 0.3, 'post_fusion_dim': 256, 'post_fusion_dropout': 0.3, 'H': 3.0, 'cur_time': 3, 'model_save_path': 'results/mosi/emt-dlfr/run_once/models/emt-dlfr-mosi-regression-mr0.4-11111.pth', 'device': device(type='cuda', index=2), 'tasks': 'M'}>",111,70.55,70.64,71.34,71.52,34.84,31.05,110.45,53.67,136.9,111.5
2026-02-01_17-15-29,emt-dlfr,"<Storage{'need_task_scheduling': False, 'is_tune': False, 'train_mode': 'regression', 'modelName': 'emt-dlfr', 'datasetName': 'mosi', 'num_workers': 4, 'model_save_dir': 'results/mosi/emt-dlfr/run_once/models', 'res_save_dir': 'results/mosi/emt-dlfr/run_once/results', 'gpu_ids': [2], 'missing_rates': array([0. , 0.1, 0.2, 0.3, 0.4, 0.5, 0.6, 0.7, 0.8, 0.9, 1. ]), 'seed': 11111, 'num_seeds': 3, 'exp_name': 'moe-uncertainty', 'diff_missing': None, 'KeyEval': 'Loss', 'save_model': True, 'unified_missing': False, 'use_normalized_data': False, 'seeds': [111, 1111, 11111], 'missing_rate': (0.4, 0.4, 0.4), 'dataPath': '/mnt/HDD2/teng/Master-23/sjc/work2/EMT-DLFR-master-based/MMSA/Datasets/MOSI/Processed/unaligned_50.pkl', 'seq_lens': (50, 375, 500), 'feature_dims': (768, 5, 20), 'train_samples': 1284, 'num_classes': 3, 'language': 'en', 'missing_seed': (111, 1111, 11111), 'data_missing': True, 'deal_missing': False, 'need_data_aligned': False, 'need_model_aligned': False, 'need_normalized': False, 'use_bert': True, 'use_finetune': True, 'save_labels': False, 'early_stop': 8, 'update_epochs': 4, 'batch_size': 32, 'learning_rate_bert': 5e-05, 'learning_rate_audio': 0.001, 'learning_rate_video': 0.0001, 'learning_rate_other': 0.001, 'weight_decay_bert': 0.001, 'weight_decay_audio': 0.01, 'weight_decay_video': 0.001, 'weight_decay_other': 0.001, 'a_lstm_hidden_size': 32, 'v_lstm_hidden_size': 64, 'a_lstm_layers': 1, 'v_lstm_layers': 1, 'text_out': 768, 'audio_out': 16, 'video_out': 32, 'a_lstm_dropout': 0.0, 'v_lstm_dropout': 0.0, 't_bert_dropout': 0.1, 'd_model': 128, 'fusion_layers': 3, 'heads': 4, 'learnable_pos_emb': False, 'emb_dropout': 0.0, 'attn_dropout': 0.2, 'ff_dropout': 0.1, 'ff_expansion': 4, 'mpu_share': True, 'modality_share': True, 'layer_share': True, 'attn_act_fn': 'tanh', 'gmc_tokens_pred_dim': 128, 'text_pred_dim': 256, 'audio_pred_dim': 8, 'video_pred_dim': 16, 'recon_loss': 'SmoothL1Loss', 'loss_attra_weight': 1, 'loss_recon_weight': 1, 'uncertainty_reg_weight': 0.3, 'uncertainty_reg_margin': 5e-05, 'uncertainty_before_weight': 0.3, 'post_fusion_dim': 256, 'post_fusion_dropout': 0.3, 'H': 3.0, 'cur_time': 3, 'model_save_path': 'results/mosi/emt-dlfr/run_once/models/emt-dlfr-mosi-regression-mr0.4-11111.pth', 'device': device(type='cuda', index=2), 'tasks': 'M'}>",1111,71.14,71.15,71.95,72.05,37.61,33.53,104.75,55.07,130.26,104.89
2026-02-01_17-15-29,emt-dlfr,"<Storage{'need_task_scheduling': False, 'is_tune': False, 'train_mode': 'regression', 'modelName': 'emt-dlfr', 'datasetName': 'mosi', 'num_workers': 4, 'model_save_dir': 'results/mosi/emt-dlfr/run_once/models', 'res_save_dir': 'results/mosi/emt-dlfr/run_once/results', 'gpu_ids': [2], 'missing_rates': array([0. , 0.1, 0.2, 0.3, 0.4, 0.5, 0.6, 0.7, 0.8, 0.9, 1. ]), 'seed': 11111, 'num_seeds': 3, 'exp_name': 'moe-uncertainty', 'diff_missing': None, 'KeyEval': 'Loss', 'save_model': True, 'unified_missing': False, 'use_normalized_data': False, 'seeds': [111, 1111, 11111], 'missing_rate': (0.4, 0.4, 0.4), 'dataPath': '/mnt/HDD2/teng/Master-23/sjc/work2/EMT-DLFR-master-based/MMSA/Datasets/MOSI/Processed/unaligned_50.pkl', 'seq_lens': (50, 375, 500), 'feature_dims': (768, 5, 20), 'train_samples': 1284, 'num_classes': 3, 'language': 'en', 'missing_seed': (111, 1111, 11111), 'data_missing': True, 'deal_missing': False, 'need_data_aligned': False, 'need_model_aligned': False, 'need_normalized': False, 'use_bert': True, 'use_finetune': True, 'save_labels': False, 'early_stop': 8, 'update_epochs': 4, 'batch_size': 32, 'learning_rate_bert': 5e-05, 'learning_rate_audio': 0.001, 'learning_rate_video': 0.0001, 'learning_rate_other': 0.001, 'weight_decay_bert': 0.001, 'weight_decay_audio': 0.01, 'weight_decay_video': 0.001, 'weight_decay_other': 0.001, 'a_lstm_hidden_size': 32, 'v_lstm_hidden_size': 64, 'a_lstm_layers': 1, 'v_lstm_layers': 1, 'text_out': 768, 'audio_out': 16, 'video_out': 32, 'a_lstm_dropout': 0.0, 'v_lstm_dropout': 0.0, 't_bert_dropout': 0.1, 'd_model': 128, 'fusion_layers': 3, 'heads': 4, 'learnable_pos_emb': False, 'emb_dropout': 0.0, 'attn_dropout': 0.2, 'ff_dropout': 0.1, 'ff_expansion': 4, 'mpu_share': True, 'modality_share': True, 'layer_share': True, 'attn_act_fn': 'tanh', 'gmc_tokens_pred_dim': 128, 'text_pred_dim': 256, 'audio_pred_dim': 8, 'video_pred_dim': 16, 'recon_loss': 'SmoothL1Loss', 'loss_attra_weight': 1, 'loss_recon_weight': 1, 'uncertainty_reg_weight': 0.3, 'uncertainty_reg_margin': 5e-05, 'uncertainty_before_weight': 0.3, 'post_fusion_dim': 256, 'post_fusion_dropout': 0.3, 'H': 3.0, 'cur_time': 3, 'model_save_path': 'results/mosi/emt-dlfr/run_once/models/emt-dlfr-mosi-regression-mr0.4-11111.pth', 'device': device(type='cuda', index=2), 'tasks': 'M'}>",11111,73.03,73.09,73.93,74.07,31.92,28.57,108.69,54.04,133.58,108.29
2026-02-01_17-15-29,emt-dlfr,"<Storage{'need_task_scheduling': False, 'is_tune': False, 'train_mode': 'regression', 'modelName': 'emt-dlfr', 'datasetName': 'mosi', 'num_workers': 4, 'model_save_dir': 'results/mosi/emt-dlfr/run_once/models', 'res_save_dir': 'results/mosi/emt-dlfr/run_once/results', 'gpu_ids': [2], 'missing_rates': array([0. , 0.1, 0.2, 0.3, 0.4, 0.5, 0.6, 0.7, 0.8, 0.9, 1. ]), 'seed': 11111, 'num_seeds': 3, 'exp_name': 'moe-uncertainty', 'diff_missing': None, 'KeyEval': 'Loss', 'save_model': True, 'unified_missing': False, 'use_normalized_data': False, 'seeds': [111, 1111, 11111], 'missing_rate': (0.4, 0.4, 0.4), 'dataPath': '/mnt/HDD2/teng/Master-23/sjc/work2/EMT-DLFR-master-based/MMSA/Datasets/MOSI/Processed/unaligned_50.pkl', 'seq_lens': (50, 375, 500), 'feature_dims': (768, 5, 20), 'train_samples': 1284, 'num_classes': 3, 'language': 'en', 'missing_seed': (111, 1111, 11111), 'data_missing': True, 'deal_missing': False, 'need_data_aligned': False, 'need_model_aligned': False, 'need_normalized': False, 'use_bert': True, 'use_finetune': True, 'save_labels': False, 'early_stop': 8, 'update_epochs': 4, 'batch_size': 32, 'learning_rate_bert': 5e-05, 'learning_rate_audio': 0.001, 'learning_rate_video': 0.0001, 'learning_rate_other': 0.001, 'weight_decay_bert': 0.001, 'weight_decay_audio': 0.01, 'weight_decay_video': 0.001, 'weight_decay_other': 0.001, 'a_lstm_hidden_size': 32, 'v_lstm_hidden_size': 64, 'a_lstm_layers': 1, 'v_lstm_layers': 1, 'text_out': 768, 'audio_out': 16, 'video_out': 32, 'a_lstm_dropout': 0.0, 'v_lstm_dropout': 0.0, 't_bert_dropout': 0.1, 'd_model': 128, 'fusion_layers': 3, 'heads': 4, 'learnable_pos_emb': False, 'emb_dropout': 0.0, 'attn_dropout': 0.2, 'ff_dropout': 0.1, 'ff_expansion': 4, 'mpu_share': True, 'modality_share': True, 'layer_share': True, 'attn_act_fn': 'tanh', 'gmc_tokens_pred_dim': 128, 'text_pred_dim': 256, 'audio_pred_dim': 8, 'video_pred_dim': 16, 'recon_loss': 'SmoothL1Loss', 'loss_attra_weight': 1, 'loss_recon_weight': 1, 'uncertainty_reg_weight': 0.3, 'uncertainty_reg_margin': 5e-05, 'uncertainty_before_weight': 0.3, 'post_fusion_dim': 256, 'post_fusion_dropout': 0.3, 'H': 3.0, 'cur_time': 3, 'model_save_path': 'results/mosi/emt-dlfr/run_once/models/emt-dlfr-mosi-regression-mr0.4-11111.pth', 'device': device(type='cuda', index=2), 'tasks': 'M'}>",<mean/std>,"(71.57, 1.06)","(71.63, 1.06)","(72.41, 1.11)","(72.55, 1.1)","(34.79, 2.32)","(31.05, 2.02)","(107.96, 2.38)","(54.26, 0.59)","(133.58, 2.71)","(108.23, 2.7)"
2026-02-01_17-15-29,emt-dlfr,"<Storage{'need_task_scheduling': False, 'is_tune': False, 'train_mode': 'regression', 'modelName': 'emt-dlfr', 'datasetName': 'mosi', 'num_workers': 4, 'model_save_dir': 'results/mosi/emt-dlfr/run_once/models', 'res_save_dir': 'results/mosi/emt-dlfr/run_once/results', 'gpu_ids': [2], 'missing_rates': array([0. , 0.1, 0.2, 0.3, 0.4, 0.5, 0.6, 0.7, 0.8, 0.9, 1. ]), 'seed': 11111, 'num_seeds': 3, 'exp_name': 'moe-uncertainty', 'diff_missing': None, 'KeyEval': 'Loss', 'save_model': True, 'unified_missing': False, 'use_normalized_data': False, 'seeds': [111, 1111, 11111], 'missing_rate': (0.4, 0.4, 0.4), 'dataPath': '/mnt/HDD2/teng/Master-23/sjc/work2/EMT-DLFR-master-based/MMSA/Datasets/MOSI/Processed/unaligned_50.pkl', 'seq_lens': (50, 375, 500), 'feature_dims': (768, 5, 20), 'train_samples': 1284, 'num_classes': 3, 'language': 'en', 'missing_seed': (111, 1111, 11111), 'data_missing': True, 'deal_missing': False, 'need_data_aligned': False, 'need_model_aligned': False, 'need_normalized': False, 'use_bert': True, 'use_finetune': True, 'save_labels': False, 'early_stop': 8, 'update_epochs': 4, 'batch_size': 32, 'learning_rate_bert': 5e-05, 'learning_rate_audio': 0.001, 'learning_rate_video': 0.0001, 'learning_rate_other': 0.001, 'weight_decay_bert': 0.001, 'weight_decay_audio': 0.01, 'weight_decay_video': 0.001, 'weight_decay_other': 0.001, 'a_lstm_hidden_size': 32, 'v_lstm_hidden_size': 64, 'a_lstm_layers': 1, 'v_lstm_layers': 1, 'text_out': 768, 'audio_out': 16, 'video_out': 32, 'a_lstm_dropout': 0.0, 'v_lstm_dropout': 0.0, 't_bert_dropout': 0.1, 'd_model': 128, 'fusion_layers': 3, 'heads': 4, 'learnable_pos_emb': False, 'emb_dropout': 0.0, 'attn_dropout': 0.2, 'ff_dropout': 0.1, 'ff_expansion': 4, 'mpu_share': True, 'modality_share': True, 'layer_share': True, 'attn_act_fn': 'tanh', 'gmc_tokens_pred_dim': 128, 'text_pred_dim': 256, 'audio_pred_dim': 8, 'video_pred_dim': 16, 'recon_loss': 'SmoothL1Loss', 'loss_attra_weight': 1, 'loss_recon_weight': 1, 'uncertainty_reg_weight': 0.3, 'uncertainty_reg_margin': 5e-05, 'uncertainty_before_weight': 0.3, 'post_fusion_dim': 256, 'post_fusion_dropout': 0.3, 'H': 3.0, 'cur_time': 3, 'model_save_path': 'results/mosi/emt-dlfr/run_once/models/emt-dlfr-mosi-regression-mr0.4-11111.pth', 'device': device(type='cuda', index=2), 'tasks': 'M'}>",<max/seed>,"(73.03, 11111)","(73.09, 11111)","(73.93, 11111)","(74.07, 11111)","(37.61, 1111)","(33.53, 1111)","(110.45, 111)","(55.07, 1111)","(136.9, 111)","(111.5, 111)"
2026-02-01_17-15-29,emt-dlfr,"<Storage{'need_task_scheduling': False, 'is_tune': False, 'train_mode': 'regression', 'modelName': 'emt-dlfr', 'datasetName': 'mosi', 'num_workers': 4, 'model_save_dir': 'results/mosi/emt-dlfr/run_once/models', 'res_save_dir': 'results/mosi/emt-dlfr/run_once/results', 'gpu_ids': [2], 'missing_rates': array([0. , 0.1, 0.2, 0.3, 0.4, 0.5, 0.6, 0.7, 0.8, 0.9, 1. ]), 'seed': 11111, 'num_seeds': 3, 'exp_name': 'moe-uncertainty', 'diff_missing': None, 'KeyEval': 'Loss', 'save_model': True, 'unified_missing': False, 'use_normalized_data': False, 'seeds': [111, 1111, 11111], 'missing_rate': (0.4, 0.4, 0.4), 'dataPath': '/mnt/HDD2/teng/Master-23/sjc/work2/EMT-DLFR-master-based/MMSA/Datasets/MOSI/Processed/unaligned_50.pkl', 'seq_lens': (50, 375, 500), 'feature_dims': (768, 5, 20), 'train_samples': 1284, 'num_classes': 3, 'language': 'en', 'missing_seed': (111, 1111, 11111), 'data_missing': True, 'deal_missing': False, 'need_data_aligned': False, 'need_model_aligned': False, 'need_normalized': False, 'use_bert': True, 'use_finetune': True, 'save_labels': False, 'early_stop': 8, 'update_epochs': 4, 'batch_size': 32, 'learning_rate_bert': 5e-05, 'learning_rate_audio': 0.001, 'learning_rate_video': 0.0001, 'learning_rate_other': 0.001, 'weight_decay_bert': 0.001, 'weight_decay_audio': 0.01, 'weight_decay_video': 0.001, 'weight_decay_other': 0.001, 'a_lstm_hidden_size': 32, 'v_lstm_hidden_size': 64, 'a_lstm_layers': 1, 'v_lstm_layers': 1, 'text_out': 768, 'audio_out': 16, 'video_out': 32, 'a_lstm_dropout': 0.0, 'v_lstm_dropout': 0.0, 't_bert_dropout': 0.1, 'd_model': 128, 'fusion_layers': 3, 'heads': 4, 'learnable_pos_emb': False, 'emb_dropout': 0.0, 'attn_dropout': 0.2, 'ff_dropout': 0.1, 'ff_expansion': 4, 'mpu_share': True, 'modality_share': True, 'layer_share': True, 'attn_act_fn': 'tanh', 'gmc_tokens_pred_dim': 128, 'text_pred_dim': 256, 'audio_pred_dim': 8, 'video_pred_dim': 16, 'recon_loss': 'SmoothL1Loss', 'loss_attra_weight': 1, 'loss_recon_weight': 1, 'uncertainty_reg_weight': 0.3, 'uncertainty_reg_margin': 5e-05, 'uncertainty_before_weight': 0.3, 'post_fusion_dim': 256, 'post_fusion_dropout': 0.3, 'H': 3.0, 'cur_time': 3, 'model_save_path': 'results/mosi/emt-dlfr/run_once/models/emt-dlfr-mosi-regression-mr0.4-11111.pth', 'device': device(type='cuda', index=2), 'tasks': 'M'}>",<min/seed>,"(70.55, 111)","(70.64, 111)","(71.34, 111)","(71.52, 111)","(31.92, 11111)","(28.57, 11111)","(104.75, 1111)","(53.67, 111)","(130.26, 1111)","(104.89, 1111)"
2026-02-02_02-13-57,emt-dlfr,"<Storage{'need_task_scheduling': False, 'is_tune': False, 'train_mode': 'regression', 'modelName': 'emt-dlfr', 'datasetName': 'mosi', 'num_workers': 4, 'model_save_dir': 'results/mosi/emt-dlfr/run_once/models', 'res_save_dir': 'results/mosi/emt-dlfr/run_once/results', 'gpu_ids': [2], 'missing_rates': array([0. , 0.1, 0.2, 0.3, 0.4, 0.5, 0.6, 0.7, 0.8, 0.9, 1. ]), 'seed': 11111, 'num_seeds': 3, 'exp_name': 'moe-uncertainty', 'diff_missing': None, 'KeyEval': 'Loss', 'save_model': True, 'unified_missing': False, 'use_normalized_data': False, 'seeds': [111, 1111, 11111], 'missing_rate': (0.4, 0.4, 0.4), 'dataPath': '/mnt/HDD2/teng/Master-23/sjc/work2/EMT-DLFR-master-based/MMSA/Datasets/MOSI/Processed/unaligned_50.pkl', 'seq_lens': (50, 375, 500), 'feature_dims': (768, 5, 20), 'train_samples': 1284, 'num_classes': 3, 'language': 'en', 'missing_seed': (111, 1111, 11111), 'data_missing': True, 'deal_missing': False, 'need_data_aligned': False, 'need_model_aligned': False, 'need_normalized': False, 'use_bert': True, 'use_finetune': True, 'save_labels': False, 'early_stop': 8, 'update_epochs': 4, 'batch_size': 32, 'learning_rate_bert': 5e-05, 'learning_rate_audio': 0.001, 'learning_rate_video': 0.0001, 'learning_rate_other': 0.001, 'weight_decay_bert': 0.001, 'weight_decay_audio': 0.01, 'weight_decay_video': 0.001, 'weight_decay_other': 0.001, 'a_lstm_hidden_size': 32, 'v_lstm_hidden_size': 64, 'a_lstm_layers': 1, 'v_lstm_layers': 1, 'text_out': 768, 'audio_out': 16, 'video_out': 32, 'a_lstm_dropout': 0.0, 'v_lstm_dropout': 0.0, 't_bert_dropout': 0.1, 'd_model': 128, 'fusion_layers': 3, 'heads': 4, 'learnable_pos_emb': False, 'emb_dropout': 0.0, 'attn_dropout': 0.2, 'ff_dropout': 0.1, 'ff_expansion': 4, 'mpu_share': True, 'modality_share': True, 'layer_share': True, 'attn_act_fn': 'tanh', 'gmc_tokens_pred_dim': 128, 'text_pred_dim': 256, 'audio_pred_dim': 8, 'video_pred_dim': 16, 'recon_loss': 'SmoothL1Loss', 'loss_attra_weight': 1, 'loss_recon_weight': 1, 'uncertainty_reg_weight': 0, 'uncertainty_reg_margin': 5e-05, 'uncertainty_before_weight': 0.3, 'post_fusion_dim': 256, 'post_fusion_dropout': 0.3, 'H': 3.0, 'cur_time': 3, 'model_save_path': 'results/mosi/emt-dlfr/run_once/models/emt-dlfr-mosi-regression-mr0.4-11111.pth', 'device': device(type='cuda', index=2), 'tasks': 'M'}>",111,73.18,73.25,73.63,73.79,35.86,32.36,105.81,55.8,130.65,105.56
2026-02-02_02-13-57,emt-dlfr,"<Storage{'need_task_scheduling': False, 'is_tune': False, 'train_mode': 'regression', 'modelName': 'emt-dlfr', 'datasetName': 'mosi', 'num_workers': 4, 'model_save_dir': 'results/mosi/emt-dlfr/run_once/models', 'res_save_dir': 'results/mosi/emt-dlfr/run_once/results', 'gpu_ids': [2], 'missing_rates': array([0. , 0.1, 0.2, 0.3, 0.4, 0.5, 0.6, 0.7, 0.8, 0.9, 1. ]), 'seed': 11111, 'num_seeds': 3, 'exp_name': 'moe-uncertainty', 'diff_missing': None, 'KeyEval': 'Loss', 'save_model': True, 'unified_missing': False, 'use_normalized_data': False, 'seeds': [111, 1111, 11111], 'missing_rate': (0.4, 0.4, 0.4), 'dataPath': '/mnt/HDD2/teng/Master-23/sjc/work2/EMT-DLFR-master-based/MMSA/Datasets/MOSI/Processed/unaligned_50.pkl', 'seq_lens': (50, 375, 500), 'feature_dims': (768, 5, 20), 'train_samples': 1284, 'num_classes': 3, 'language': 'en', 'missing_seed': (111, 1111, 11111), 'data_missing': True, 'deal_missing': False, 'need_data_aligned': False, 'need_model_aligned': False, 'need_normalized': False, 'use_bert': True, 'use_finetune': True, 'save_labels': False, 'early_stop': 8, 'update_epochs': 4, 'batch_size': 32, 'learning_rate_bert': 5e-05, 'learning_rate_audio': 0.001, 'learning_rate_video': 0.0001, 'learning_rate_other': 0.001, 'weight_decay_bert': 0.001, 'weight_decay_audio': 0.01, 'weight_decay_video': 0.001, 'weight_decay_other': 0.001, 'a_lstm_hidden_size': 32, 'v_lstm_hidden_size': 64, 'a_lstm_layers': 1, 'v_lstm_layers': 1, 'text_out': 768, 'audio_out': 16, 'video_out': 32, 'a_lstm_dropout': 0.0, 'v_lstm_dropout': 0.0, 't_bert_dropout': 0.1, 'd_model': 128, 'fusion_layers': 3, 'heads': 4, 'learnable_pos_emb': False, 'emb_dropout': 0.0, 'attn_dropout': 0.2, 'ff_dropout': 0.1, 'ff_expansion': 4, 'mpu_share': True, 'modality_share': True, 'layer_share': True, 'attn_act_fn': 'tanh', 'gmc_tokens_pred_dim': 128, 'text_pred_dim': 256, 'audio_pred_dim': 8, 'video_pred_dim': 16, 'recon_loss': 'SmoothL1Loss', 'loss_attra_weight': 1, 'loss_recon_weight': 1, 'uncertainty_reg_weight': 0, 'uncertainty_reg_margin': 5e-05, 'uncertainty_before_weight': 0.3, 'post_fusion_dim': 256, 'post_fusion_dropout': 0.3, 'H': 3.0, 'cur_time': 3, 'model_save_path': 'results/mosi/emt-dlfr/run_once/models/emt-dlfr-mosi-regression-mr0.4-11111.pth', 'device': device(type='cuda', index=2), 'tasks': 'M'}>",1111,71.14,71.2,71.95,72.11,38.19,33.82,105.84,54.06,131.53,106.04
2026-02-02_02-13-57,emt-dlfr,"<Storage{'need_task_scheduling': False, 'is_tune': False, 'train_mode': 'regression', 'modelName': 'emt-dlfr', 'datasetName': 'mosi', 'num_workers': 4, 'model_save_dir': 'results/mosi/emt-dlfr/run_once/models', 'res_save_dir': 'results/mosi/emt-dlfr/run_once/results', 'gpu_ids': [2], 'missing_rates': array([0. , 0.1, 0.2, 0.3, 0.4, 0.5, 0.6, 0.7, 0.8, 0.9, 1. ]), 'seed': 11111, 'num_seeds': 3, 'exp_name': 'moe-uncertainty', 'diff_missing': None, 'KeyEval': 'Loss', 'save_model': True, 'unified_missing': False, 'use_normalized_data': False, 'seeds': [111, 1111, 11111], 'missing_rate': (0.4, 0.4, 0.4), 'dataPath': '/mnt/HDD2/teng/Master-23/sjc/work2/EMT-DLFR-master-based/MMSA/Datasets/MOSI/Processed/unaligned_50.pkl', 'seq_lens': (50, 375, 500), 'feature_dims': (768, 5, 20), 'train_samples': 1284, 'num_classes': 3, 'language': 'en', 'missing_seed': (111, 1111, 11111), 'data_missing': True, 'deal_missing': False, 'need_data_aligned': False, 'need_model_aligned': False, 'need_normalized': False, 'use_bert': True, 'use_finetune': True, 'save_labels': False, 'early_stop': 8, 'update_epochs': 4, 'batch_size': 32, 'learning_rate_bert': 5e-05, 'learning_rate_audio': 0.001, 'learning_rate_video': 0.0001, 'learning_rate_other': 0.001, 'weight_decay_bert': 0.001, 'weight_decay_audio': 0.01, 'weight_decay_video': 0.001, 'weight_decay_other': 0.001, 'a_lstm_hidden_size': 32, 'v_lstm_hidden_size': 64, 'a_lstm_layers': 1, 'v_lstm_layers': 1, 'text_out': 768, 'audio_out': 16, 'video_out': 32, 'a_lstm_dropout': 0.0, 'v_lstm_dropout': 0.0, 't_bert_dropout': 0.1, 'd_model': 128, 'fusion_layers': 3, 'heads': 4, 'learnable_pos_emb': False, 'emb_dropout': 0.0, 'attn_dropout': 0.2, 'ff_dropout': 0.1, 'ff_expansion': 4, 'mpu_share': True, 'modality_share': True, 'layer_share': True, 'attn_act_fn': 'tanh', 'gmc_tokens_pred_dim': 128, 'text_pred_dim': 256, 'audio_pred_dim': 8, 'video_pred_dim': 16, 'recon_loss': 'SmoothL1Loss', 'loss_attra_weight': 1, 'loss_recon_weight': 1, 'uncertainty_reg_weight': 0, 'uncertainty_reg_margin': 5e-05, 'uncertainty_before_weight': 0.3, 'post_fusion_dim': 256, 'post_fusion_dropout': 0.3, 'H': 3.0, 'cur_time': 3, 'model_save_path': 'results/mosi/emt-dlfr/run_once/models/emt-dlfr-mosi-regression-mr0.4-11111.pth', 'device': device(type='cuda', index=2), 'tasks': 'M'}>",11111,71.57,71.65,71.49,71.67,32.36,29.45,110.93,52.51,137.08,110.85
2026-02-02_02-13-57,emt-dlfr,"<Storage{'need_task_scheduling': False, 'is_tune': False, 'train_mode': 'regression', 'modelName': 'emt-dlfr', 'datasetName': 'mosi', 'num_workers': 4, 'model_save_dir': 'results/mosi/emt-dlfr/run_once/models', 'res_save_dir': 'results/mosi/emt-dlfr/run_once/results', 'gpu_ids': [2], 'missing_rates': array([0. , 0.1, 0.2, 0.3, 0.4, 0.5, 0.6, 0.7, 0.8, 0.9, 1. ]), 'seed': 11111, 'num_seeds': 3, 'exp_name': 'moe-uncertainty', 'diff_missing': None, 'KeyEval': 'Loss', 'save_model': True, 'unified_missing': False, 'use_normalized_data': False, 'seeds': [111, 1111, 11111], 'missing_rate': (0.4, 0.4, 0.4), 'dataPath': '/mnt/HDD2/teng/Master-23/sjc/work2/EMT-DLFR-master-based/MMSA/Datasets/MOSI/Processed/unaligned_50.pkl', 'seq_lens': (50, 375, 500), 'feature_dims': (768, 5, 20), 'train_samples': 1284, 'num_classes': 3, 'language': 'en', 'missing_seed': (111, 1111, 11111), 'data_missing': True, 'deal_missing': False, 'need_data_aligned': False, 'need_model_aligned': False, 'need_normalized': False, 'use_bert': True, 'use_finetune': True, 'save_labels': False, 'early_stop': 8, 'update_epochs': 4, 'batch_size': 32, 'learning_rate_bert': 5e-05, 'learning_rate_audio': 0.001, 'learning_rate_video': 0.0001, 'learning_rate_other': 0.001, 'weight_decay_bert': 0.001, 'weight_decay_audio': 0.01, 'weight_decay_video': 0.001, 'weight_decay_other': 0.001, 'a_lstm_hidden_size': 32, 'v_lstm_hidden_size': 64, 'a_lstm_layers': 1, 'v_lstm_layers': 1, 'text_out': 768, 'audio_out': 16, 'video_out': 32, 'a_lstm_dropout': 0.0, 'v_lstm_dropout': 0.0, 't_bert_dropout': 0.1, 'd_model': 128, 'fusion_layers': 3, 'heads': 4, 'learnable_pos_emb': False, 'emb_dropout': 0.0, 'attn_dropout': 0.2, 'ff_dropout': 0.1, 'ff_expansion': 4, 'mpu_share': True, 'modality_share': True, 'layer_share': True, 'attn_act_fn': 'tanh', 'gmc_tokens_pred_dim': 128, 'text_pred_dim': 256, 'audio_pred_dim': 8, 'video_pred_dim': 16, 'recon_loss': 'SmoothL1Loss', 'loss_attra_weight': 1, 'loss_recon_weight': 1, 'uncertainty_reg_weight': 0, 'uncertainty_reg_margin': 5e-05, 'uncertainty_before_weight': 0.3, 'post_fusion_dim': 256, 'post_fusion_dropout': 0.3, 'H': 3.0, 'cur_time': 3, 'model_save_path': 'results/mosi/emt-dlfr/run_once/models/emt-dlfr-mosi-regression-mr0.4-11111.pth', 'device': device(type='cuda', index=2), 'tasks': 'M'}>",<mean/std>,"(71.96, 0.88)","(72.03, 0.88)","(72.36, 0.92)","(72.52, 0.91)","(35.47, 2.4)","(31.88, 1.82)","(107.53, 2.41)","(54.12, 1.34)","(133.09, 2.85)","(107.49, 2.39)"
2026-02-02_02-13-57,emt-dlfr,"<Storage{'need_task_scheduling': False, 'is_tune': False, 'train_mode': 'regression', 'modelName': 'emt-dlfr', 'datasetName': 'mosi', 'num_workers': 4, 'model_save_dir': 'results/mosi/emt-dlfr/run_once/models', 'res_save_dir': 'results/mosi/emt-dlfr/run_once/results', 'gpu_ids': [2], 'missing_rates': array([0. , 0.1, 0.2, 0.3, 0.4, 0.5, 0.6, 0.7, 0.8, 0.9, 1. ]), 'seed': 11111, 'num_seeds': 3, 'exp_name': 'moe-uncertainty', 'diff_missing': None, 'KeyEval': 'Loss', 'save_model': True, 'unified_missing': False, 'use_normalized_data': False, 'seeds': [111, 1111, 11111], 'missing_rate': (0.4, 0.4, 0.4), 'dataPath': '/mnt/HDD2/teng/Master-23/sjc/work2/EMT-DLFR-master-based/MMSA/Datasets/MOSI/Processed/unaligned_50.pkl', 'seq_lens': (50, 375, 500), 'feature_dims': (768, 5, 20), 'train_samples': 1284, 'num_classes': 3, 'language': 'en', 'missing_seed': (111, 1111, 11111), 'data_missing': True, 'deal_missing': False, 'need_data_aligned': False, 'need_model_aligned': False, 'need_normalized': False, 'use_bert': True, 'use_finetune': True, 'save_labels': False, 'early_stop': 8, 'update_epochs': 4, 'batch_size': 32, 'learning_rate_bert': 5e-05, 'learning_rate_audio': 0.001, 'learning_rate_video': 0.0001, 'learning_rate_other': 0.001, 'weight_decay_bert': 0.001, 'weight_decay_audio': 0.01, 'weight_decay_video': 0.001, 'weight_decay_other': 0.001, 'a_lstm_hidden_size': 32, 'v_lstm_hidden_size': 64, 'a_lstm_layers': 1, 'v_lstm_layers': 1, 'text_out': 768, 'audio_out': 16, 'video_out': 32, 'a_lstm_dropout': 0.0, 'v_lstm_dropout': 0.0, 't_bert_dropout': 0.1, 'd_model': 128, 'fusion_layers': 3, 'heads': 4, 'learnable_pos_emb': False, 'emb_dropout': 0.0, 'attn_dropout': 0.2, 'ff_dropout': 0.1, 'ff_expansion': 4, 'mpu_share': True, 'modality_share': True, 'layer_share': True, 'attn_act_fn': 'tanh', 'gmc_tokens_pred_dim': 128, 'text_pred_dim': 256, 'audio_pred_dim': 8, 'video_pred_dim': 16, 'recon_loss': 'SmoothL1Loss', 'loss_attra_weight': 1, 'loss_recon_weight': 1, 'uncertainty_reg_weight': 0, 'uncertainty_reg_margin': 5e-05, 'uncertainty_before_weight': 0.3, 'post_fusion_dim': 256, 'post_fusion_dropout': 0.3, 'H': 3.0, 'cur_time': 3, 'model_save_path': 'results/mosi/emt-dlfr/run_once/models/emt-dlfr-mosi-regression-mr0.4-11111.pth', 'device': device(type='cuda', index=2), 'tasks': 'M'}>",<max/seed>,"(73.18, 111)","(73.25, 111)","(73.63, 111)","(73.79, 111)","(38.19, 1111)","(33.82, 1111)","(110.93, 11111)","(55.8, 111)","(137.08, 11111)","(110.85, 11111)"
2026-02-02_02-13-57,emt-dlfr,"<Storage{'need_task_scheduling': False, 'is_tune': False, 'train_mode': 'regression', 'modelName': 'emt-dlfr', 'datasetName': 'mosi', 'num_workers': 4, 'model_save_dir': 'results/mosi/emt-dlfr/run_once/models', 'res_save_dir': 'results/mosi/emt-dlfr/run_once/results', 'gpu_ids': [2], 'missing_rates': array([0. , 0.1, 0.2, 0.3, 0.4, 0.5, 0.6, 0.7, 0.8, 0.9, 1. ]), 'seed': 11111, 'num_seeds': 3, 'exp_name': 'moe-uncertainty', 'diff_missing': None, 'KeyEval': 'Loss', 'save_model': True, 'unified_missing': False, 'use_normalized_data': False, 'seeds': [111, 1111, 11111], 'missing_rate': (0.4, 0.4, 0.4), 'dataPath': '/mnt/HDD2/teng/Master-23/sjc/work2/EMT-DLFR-master-based/MMSA/Datasets/MOSI/Processed/unaligned_50.pkl', 'seq_lens': (50, 375, 500), 'feature_dims': (768, 5, 20), 'train_samples': 1284, 'num_classes': 3, 'language': 'en', 'missing_seed': (111, 1111, 11111), 'data_missing': True, 'deal_missing': False, 'need_data_aligned': False, 'need_model_aligned': False, 'need_normalized': False, 'use_bert': True, 'use_finetune': True, 'save_labels': False, 'early_stop': 8, 'update_epochs': 4, 'batch_size': 32, 'learning_rate_bert': 5e-05, 'learning_rate_audio': 0.001, 'learning_rate_video': 0.0001, 'learning_rate_other': 0.001, 'weight_decay_bert': 0.001, 'weight_decay_audio': 0.01, 'weight_decay_video': 0.001, 'weight_decay_other': 0.001, 'a_lstm_hidden_size': 32, 'v_lstm_hidden_size': 64, 'a_lstm_layers': 1, 'v_lstm_layers': 1, 'text_out': 768, 'audio_out': 16, 'video_out': 32, 'a_lstm_dropout': 0.0, 'v_lstm_dropout': 0.0, 't_bert_dropout': 0.1, 'd_model': 128, 'fusion_layers': 3, 'heads': 4, 'learnable_pos_emb': False, 'emb_dropout': 0.0, 'attn_dropout': 0.2, 'ff_dropout': 0.1, 'ff_expansion': 4, 'mpu_share': True, 'modality_share': True, 'layer_share': True, 'attn_act_fn': 'tanh', 'gmc_tokens_pred_dim': 128, 'text_pred_dim': 256, 'audio_pred_dim': 8, 'video_pred_dim': 16, 'recon_loss': 'SmoothL1Loss', 'loss_attra_weight': 1, 'loss_recon_weight': 1, 'uncertainty_reg_weight': 0, 'uncertainty_reg_margin': 5e-05, 'uncertainty_before_weight': 0.3, 'post_fusion_dim': 256, 'post_fusion_dropout': 0.3, 'H': 3.0, 'cur_time': 3, 'model_save_path': 'results/mosi/emt-dlfr/run_once/models/emt-dlfr-mosi-regression-mr0.4-11111.pth', 'device': device(type='cuda', index=2), 'tasks': 'M'}>",<min/seed>,"(71.14, 1111)","(71.2, 1111)","(71.49, 11111)","(71.67, 11111)","(32.36, 11111)","(29.45, 11111)","(105.81, 111)","(52.51, 11111)","(130.65, 111)","(105.56, 111)"
2026-02-02_06-13-24,emt-dlfr,"<Storage{'need_task_scheduling': False, 'is_tune': False, 'train_mode': 'regression', 'modelName': 'emt-dlfr', 'datasetName': 'mosi', 'num_workers': 4, 'model_save_dir': 'results/mosi/emt-dlfr/run_once/models', 'res_save_dir': 'results/mosi/emt-dlfr/run_once/results', 'gpu_ids': [2], 'missing_rates': array([0. , 0.1, 0.2, 0.3, 0.4, 0.5, 0.6, 0.7, 0.8, 0.9, 1. ]), 'seed': 11111, 'num_seeds': 3, 'exp_name': 'moe-uncertainty', 'diff_missing': None, 'KeyEval': 'Loss', 'save_model': True, 'unified_missing': False, 'use_normalized_data': False, 'seeds': [111, 1111, 11111], 'missing_rate': (0.4, 0.4, 0.4), 'dataPath': '/mnt/HDD2/teng/Master-23/sjc/work2/EMT-DLFR-master-based/MMSA/Datasets/MOSI/Processed/unaligned_50.pkl', 'seq_lens': (50, 375, 500), 'feature_dims': (768, 5, 20), 'train_samples': 1284, 'num_classes': 3, 'language': 'en', 'missing_seed': (111, 1111, 11111), 'data_missing': True, 'deal_missing': False, 'need_data_aligned': False, 'need_model_aligned': False, 'need_normalized': False, 'use_bert': True, 'use_finetune': True, 'save_labels': False, 'early_stop': 8, 'update_epochs': 4, 'batch_size': 32, 'learning_rate_bert': 5e-05, 'learning_rate_audio': 0.001, 'learning_rate_video': 0.0001, 'learning_rate_other': 0.001, 'weight_decay_bert': 0.001, 'weight_decay_audio': 0.01, 'weight_decay_video': 0.001, 'weight_decay_other': 0.001, 'a_lstm_hidden_size': 32, 'v_lstm_hidden_size': 64, 'a_lstm_layers': 1, 'v_lstm_layers': 1, 'text_out': 768, 'audio_out': 16, 'video_out': 32, 'a_lstm_dropout': 0.0, 'v_lstm_dropout': 0.0, 't_bert_dropout': 0.1, 'd_model': 128, 'fusion_layers': 3, 'heads': 4, 'learnable_pos_emb': False, 'emb_dropout': 0.0, 'attn_dropout': 0.2, 'ff_dropout': 0.1, 'ff_expansion': 4, 'mpu_share': True, 'modality_share': True, 'layer_share': True, 'attn_act_fn': 'tanh', 'gmc_tokens_pred_dim': 128, 'text_pred_dim': 256, 'audio_pred_dim': 8, 'video_pred_dim': 16, 'recon_loss': 'SmoothL1Loss', 'loss_attra_weight': 1, 'loss_recon_weight': 1, 'uncertainty_reg_weight': 0.3, 'uncertainty_reg_margin': 5e-05, 'uncertainty_before_weight': 0, 'post_fusion_dim': 256, 'post_fusion_dropout': 0.3, 'H': 3.0, 'cur_time': 3, 'model_save_path': 'results/mosi/emt-dlfr/run_once/models/emt-dlfr-mosi-regression-mr0.4-11111.pth', 'device': device(type='cuda', index=2), 'tasks': 'M'}>",111,71.14,71.21,71.34,71.52,36.01,31.2,108.04,53.88,132.4,107.0
2026-02-02_06-13-24,emt-dlfr,"<Storage{'need_task_scheduling': False, 'is_tune': False, 'train_mode': 'regression', 'modelName': 'emt-dlfr', 'datasetName': 'mosi', 'num_workers': 4, 'model_save_dir': 'results/mosi/emt-dlfr/run_once/models', 'res_save_dir': 'results/mosi/emt-dlfr/run_once/results', 'gpu_ids': [2], 'missing_rates': array([0. , 0.1, 0.2, 0.3, 0.4, 0.5, 0.6, 0.7, 0.8, 0.9, 1. ]), 'seed': 11111, 'num_seeds': 3, 'exp_name': 'moe-uncertainty', 'diff_missing': None, 'KeyEval': 'Loss', 'save_model': True, 'unified_missing': False, 'use_normalized_data': False, 'seeds': [111, 1111, 11111], 'missing_rate': (0.4, 0.4, 0.4), 'dataPath': '/mnt/HDD2/teng/Master-23/sjc/work2/EMT-DLFR-master-based/MMSA/Datasets/MOSI/Processed/unaligned_50.pkl', 'seq_lens': (50, 375, 500), 'feature_dims': (768, 5, 20), 'train_samples': 1284, 'num_classes': 3, 'language': 'en', 'missing_seed': (111, 1111, 11111), 'data_missing': True, 'deal_missing': False, 'need_data_aligned': False, 'need_model_aligned': False, 'need_normalized': False, 'use_bert': True, 'use_finetune': True, 'save_labels': False, 'early_stop': 8, 'update_epochs': 4, 'batch_size': 32, 'learning_rate_bert': 5e-05, 'learning_rate_audio': 0.001, 'learning_rate_video': 0.0001, 'learning_rate_other': 0.001, 'weight_decay_bert': 0.001, 'weight_decay_audio': 0.01, 'weight_decay_video': 0.001, 'weight_decay_other': 0.001, 'a_lstm_hidden_size': 32, 'v_lstm_hidden_size': 64, 'a_lstm_layers': 1, 'v_lstm_layers': 1, 'text_out': 768, 'audio_out': 16, 'video_out': 32, 'a_lstm_dropout': 0.0, 'v_lstm_dropout': 0.0, 't_bert_dropout': 0.1, 'd_model': 128, 'fusion_layers': 3, 'heads': 4, 'learnable_pos_emb': False, 'emb_dropout': 0.0, 'attn_dropout': 0.2, 'ff_dropout': 0.1, 'ff_expansion': 4, 'mpu_share': True, 'modality_share': True, 'layer_share': True, 'attn_act_fn': 'tanh', 'gmc_tokens_pred_dim': 128, 'text_pred_dim': 256, 'audio_pred_dim': 8, 'video_pred_dim': 16, 'recon_loss': 'SmoothL1Loss', 'loss_attra_weight': 1, 'loss_recon_weight': 1, 'uncertainty_reg_weight': 0.3, 'uncertainty_reg_margin': 5e-05, 'uncertainty_before_weight': 0, 'post_fusion_dim': 256, 'post_fusion_dropout': 0.3, 'H': 3.0, 'cur_time': 3, 'model_save_path': 'results/mosi/emt-dlfr/run_once/models/emt-dlfr-mosi-regression-mr0.4-11111.pth', 'device': device(type='cuda', index=2), 'tasks': 'M'}>",1111,71.14,71.13,72.26,72.34,34.55,30.17,106.02,53.63,131.21,105.69
2026-02-02_06-13-24,emt-dlfr,"<Storage{'need_task_scheduling': False, 'is_tune': False, 'train_mode': 'regression', 'modelName': 'emt-dlfr', 'datasetName': 'mosi', 'num_workers': 4, 'model_save_dir': 'results/mosi/emt-dlfr/run_once/models', 'res_save_dir': 'results/mosi/emt-dlfr/run_once/results', 'gpu_ids': [2], 'missing_rates': array([0. , 0.1, 0.2, 0.3, 0.4, 0.5, 0.6, 0.7, 0.8, 0.9, 1. ]), 'seed': 11111, 'num_seeds': 3, 'exp_name': 'moe-uncertainty', 'diff_missing': None, 'KeyEval': 'Loss', 'save_model': True, 'unified_missing': False, 'use_normalized_data': False, 'seeds': [111, 1111, 11111], 'missing_rate': (0.4, 0.4, 0.4), 'dataPath': '/mnt/HDD2/teng/Master-23/sjc/work2/EMT-DLFR-master-based/MMSA/Datasets/MOSI/Processed/unaligned_50.pkl', 'seq_lens': (50, 375, 500), 'feature_dims': (768, 5, 20), 'train_samples': 1284, 'num_classes': 3, 'language': 'en', 'missing_seed': (111, 1111, 11111), 'data_missing': True, 'deal_missing': False, 'need_data_aligned': False, 'need_model_aligned': False, 'need_normalized': False, 'use_bert': True, 'use_finetune': True, 'save_labels': False, 'early_stop': 8, 'update_epochs': 4, 'batch_size': 32, 'learning_rate_bert': 5e-05, 'learning_rate_audio': 0.001, 'learning_rate_video': 0.0001, 'learning_rate_other': 0.001, 'weight_decay_bert': 0.001, 'weight_decay_audio': 0.01, 'weight_decay_video': 0.001, 'weight_decay_other': 0.001, 'a_lstm_hidden_size': 32, 'v_lstm_hidden_size': 64, 'a_lstm_layers': 1, 'v_lstm_layers': 1, 'text_out': 768, 'audio_out': 16, 'video_out': 32, 'a_lstm_dropout': 0.0, 'v_lstm_dropout': 0.0, 't_bert_dropout': 0.1, 'd_model': 128, 'fusion_layers': 3, 'heads': 4, 'learnable_pos_emb': False, 'emb_dropout': 0.0, 'attn_dropout': 0.2, 'ff_dropout': 0.1, 'ff_expansion': 4, 'mpu_share': True, 'modality_share': True, 'layer_share': True, 'attn_act_fn': 'tanh', 'gmc_tokens_pred_dim': 128, 'text_pred_dim': 256, 'audio_pred_dim': 8, 'video_pred_dim': 16, 'recon_loss': 'SmoothL1Loss', 'loss_attra_weight': 1, 'loss_recon_weight': 1, 'uncertainty_reg_weight': 0.3, 'uncertainty_reg_margin': 5e-05, 'uncertainty_before_weight': 0, 'post_fusion_dim': 256, 'post_fusion_dropout': 0.3, 'H': 3.0, 'cur_time': 3, 'model_save_path': 'results/mosi/emt-dlfr/run_once/models/emt-dlfr-mosi-regression-mr0.4-11111.pth', 'device': device(type='cuda', index=2), 'tasks': 'M'}>",11111,72.01,71.9,73.63,73.62,31.49,28.28,107.25,52.69,134.14,107.71
2026-02-02_06-13-24,emt-dlfr,"<Storage{'need_task_scheduling': False, 'is_tune': False, 'train_mode': 'regression', 'modelName': 'emt-dlfr', 'datasetName': 'mosi', 'num_workers': 4, 'model_save_dir': 'results/mosi/emt-dlfr/run_once/models', 'res_save_dir': 'results/mosi/emt-dlfr/run_once/results', 'gpu_ids': [2], 'missing_rates': array([0. , 0.1, 0.2, 0.3, 0.4, 0.5, 0.6, 0.7, 0.8, 0.9, 1. ]), 'seed': 11111, 'num_seeds': 3, 'exp_name': 'moe-uncertainty', 'diff_missing': None, 'KeyEval': 'Loss', 'save_model': True, 'unified_missing': False, 'use_normalized_data': False, 'seeds': [111, 1111, 11111], 'missing_rate': (0.4, 0.4, 0.4), 'dataPath': '/mnt/HDD2/teng/Master-23/sjc/work2/EMT-DLFR-master-based/MMSA/Datasets/MOSI/Processed/unaligned_50.pkl', 'seq_lens': (50, 375, 500), 'feature_dims': (768, 5, 20), 'train_samples': 1284, 'num_classes': 3, 'language': 'en', 'missing_seed': (111, 1111, 11111), 'data_missing': True, 'deal_missing': False, 'need_data_aligned': False, 'need_model_aligned': False, 'need_normalized': False, 'use_bert': True, 'use_finetune': True, 'save_labels': False, 'early_stop': 8, 'update_epochs': 4, 'batch_size': 32, 'learning_rate_bert': 5e-05, 'learning_rate_audio': 0.001, 'learning_rate_video': 0.0001, 'learning_rate_other': 0.001, 'weight_decay_bert': 0.001, 'weight_decay_audio': 0.01, 'weight_decay_video': 0.001, 'weight_decay_other': 0.001, 'a_lstm_hidden_size': 32, 'v_lstm_hidden_size': 64, 'a_lstm_layers': 1, 'v_lstm_layers': 1, 'text_out': 768, 'audio_out': 16, 'video_out': 32, 'a_lstm_dropout': 0.0, 'v_lstm_dropout': 0.0, 't_bert_dropout': 0.1, 'd_model': 128, 'fusion_layers': 3, 'heads': 4, 'learnable_pos_emb': False, 'emb_dropout': 0.0, 'attn_dropout': 0.2, 'ff_dropout': 0.1, 'ff_expansion': 4, 'mpu_share': True, 'modality_share': True, 'layer_share': True, 'attn_act_fn': 'tanh', 'gmc_tokens_pred_dim': 128, 'text_pred_dim': 256, 'audio_pred_dim': 8, 'video_pred_dim': 16, 'recon_loss': 'SmoothL1Loss', 'loss_attra_weight': 1, 'loss_recon_weight': 1, 'uncertainty_reg_weight': 0.3, 'uncertainty_reg_margin': 5e-05, 'uncertainty_before_weight': 0, 'post_fusion_dim': 256, 'post_fusion_dropout': 0.3, 'H': 3.0, 'cur_time': 3, 'model_save_path': 'results/mosi/emt-dlfr/run_once/models/emt-dlfr-mosi-regression-mr0.4-11111.pth', 'device': device(type='cuda', index=2), 'tasks': 'M'}>",<mean/std>,"(71.43, 0.41)","(71.41, 0.35)","(72.41, 0.94)","(72.49, 0.86)","(34.02, 1.88)","(29.88, 1.21)","(107.1, 0.83)","(53.4, 0.51)","(132.58, 1.2)","(106.8, 0.84)"
2026-02-02_06-13-24,emt-dlfr,"<Storage{'need_task_scheduling': False, 'is_tune': False, 'train_mode': 'regression', 'modelName': 'emt-dlfr', 'datasetName': 'mosi', 'num_workers': 4, 'model_save_dir': 'results/mosi/emt-dlfr/run_once/models', 'res_save_dir': 'results/mosi/emt-dlfr/run_once/results', 'gpu_ids': [2], 'missing_rates': array([0. , 0.1, 0.2, 0.3, 0.4, 0.5, 0.6, 0.7, 0.8, 0.9, 1. ]), 'seed': 11111, 'num_seeds': 3, 'exp_name': 'moe-uncertainty', 'diff_missing': None, 'KeyEval': 'Loss', 'save_model': True, 'unified_missing': False, 'use_normalized_data': False, 'seeds': [111, 1111, 11111], 'missing_rate': (0.4, 0.4, 0.4), 'dataPath': '/mnt/HDD2/teng/Master-23/sjc/work2/EMT-DLFR-master-based/MMSA/Datasets/MOSI/Processed/unaligned_50.pkl', 'seq_lens': (50, 375, 500), 'feature_dims': (768, 5, 20), 'train_samples': 1284, 'num_classes': 3, 'language': 'en', 'missing_seed': (111, 1111, 11111), 'data_missing': True, 'deal_missing': False, 'need_data_aligned': False, 'need_model_aligned': False, 'need_normalized': False, 'use_bert': True, 'use_finetune': True, 'save_labels': False, 'early_stop': 8, 'update_epochs': 4, 'batch_size': 32, 'learning_rate_bert': 5e-05, 'learning_rate_audio': 0.001, 'learning_rate_video': 0.0001, 'learning_rate_other': 0.001, 'weight_decay_bert': 0.001, 'weight_decay_audio': 0.01, 'weight_decay_video': 0.001, 'weight_decay_other': 0.001, 'a_lstm_hidden_size': 32, 'v_lstm_hidden_size': 64, 'a_lstm_layers': 1, 'v_lstm_layers': 1, 'text_out': 768, 'audio_out': 16, 'video_out': 32, 'a_lstm_dropout': 0.0, 'v_lstm_dropout': 0.0, 't_bert_dropout': 0.1, 'd_model': 128, 'fusion_layers': 3, 'heads': 4, 'learnable_pos_emb': False, 'emb_dropout': 0.0, 'attn_dropout': 0.2, 'ff_dropout': 0.1, 'ff_expansion': 4, 'mpu_share': True, 'modality_share': True, 'layer_share': True, 'attn_act_fn': 'tanh', 'gmc_tokens_pred_dim': 128, 'text_pred_dim': 256, 'audio_pred_dim': 8, 'video_pred_dim': 16, 'recon_loss': 'SmoothL1Loss', 'loss_attra_weight': 1, 'loss_recon_weight': 1, 'uncertainty_reg_weight': 0.3, 'uncertainty_reg_margin': 5e-05, 'uncertainty_before_weight': 0, 'post_fusion_dim': 256, 'post_fusion_dropout': 0.3, 'H': 3.0, 'cur_time': 3, 'model_save_path': 'results/mosi/emt-dlfr/run_once/models/emt-dlfr-mosi-regression-mr0.4-11111.pth', 'device': device(type='cuda', index=2), 'tasks': 'M'}>",<max/seed>,"(72.01, 11111)","(71.9, 11111)","(73.63, 11111)","(73.62, 11111)","(36.01, 111)","(31.2, 111)","(108.04, 111)","(53.88, 111)","(134.14, 11111)","(107.71, 11111)"
2026-02-02_06-13-24,emt-dlfr,"<Storage{'need_task_scheduling': False, 'is_tune': False, 'train_mode': 'regression', 'modelName': 'emt-dlfr', 'datasetName': 'mosi', 'num_workers': 4, 'model_save_dir': 'results/mosi/emt-dlfr/run_once/models', 'res_save_dir': 'results/mosi/emt-dlfr/run_once/results', 'gpu_ids': [2], 'missing_rates': array([0. , 0.1, 0.2, 0.3, 0.4, 0.5, 0.6, 0.7, 0.8, 0.9, 1. ]), 'seed': 11111, 'num_seeds': 3, 'exp_name': 'moe-uncertainty', 'diff_missing': None, 'KeyEval': 'Loss', 'save_model': True, 'unified_missing': False, 'use_normalized_data': False, 'seeds': [111, 1111, 11111], 'missing_rate': (0.4, 0.4, 0.4), 'dataPath': '/mnt/HDD2/teng/Master-23/sjc/work2/EMT-DLFR-master-based/MMSA/Datasets/MOSI/Processed/unaligned_50.pkl', 'seq_lens': (50, 375, 500), 'feature_dims': (768, 5, 20), 'train_samples': 1284, 'num_classes': 3, 'language': 'en', 'missing_seed': (111, 1111, 11111), 'data_missing': True, 'deal_missing': False, 'need_data_aligned': False, 'need_model_aligned': False, 'need_normalized': False, 'use_bert': True, 'use_finetune': True, 'save_labels': False, 'early_stop': 8, 'update_epochs': 4, 'batch_size': 32, 'learning_rate_bert': 5e-05, 'learning_rate_audio': 0.001, 'learning_rate_video': 0.0001, 'learning_rate_other': 0.001, 'weight_decay_bert': 0.001, 'weight_decay_audio': 0.01, 'weight_decay_video': 0.001, 'weight_decay_other': 0.001, 'a_lstm_hidden_size': 32, 'v_lstm_hidden_size': 64, 'a_lstm_layers': 1, 'v_lstm_layers': 1, 'text_out': 768, 'audio_out': 16, 'video_out': 32, 'a_lstm_dropout': 0.0, 'v_lstm_dropout': 0.0, 't_bert_dropout': 0.1, 'd_model': 128, 'fusion_layers': 3, 'heads': 4, 'learnable_pos_emb': False, 'emb_dropout': 0.0, 'attn_dropout': 0.2, 'ff_dropout': 0.1, 'ff_expansion': 4, 'mpu_share': True, 'modality_share': True, 'layer_share': True, 'attn_act_fn': 'tanh', 'gmc_tokens_pred_dim': 128, 'text_pred_dim': 256, 'audio_pred_dim': 8, 'video_pred_dim': 16, 'recon_loss': 'SmoothL1Loss', 'loss_attra_weight': 1, 'loss_recon_weight': 1, 'uncertainty_reg_weight': 0.3, 'uncertainty_reg_margin': 5e-05, 'uncertainty_before_weight': 0, 'post_fusion_dim': 256, 'post_fusion_dropout': 0.3, 'H': 3.0, 'cur_time': 3, 'model_save_path': 'results/mosi/emt-dlfr/run_once/models/emt-dlfr-mosi-regression-mr0.4-11111.pth', 'device': device(type='cuda', index=2), 'tasks': 'M'}>",<min/seed>,"(71.14, 111)","(71.13, 1111)","(71.34, 111)","(71.52, 111)","(31.49, 11111)","(28.28, 11111)","(106.02, 1111)","(52.69, 11111)","(131.21, 1111)","(105.69, 1111)"
2026-02-02_10-07-19,emt-dlfr,"<Storage{'need_task_scheduling': False, 'is_tune': False, 'train_mode': 'regression', 'modelName': 'emt-dlfr', 'datasetName': 'mosi', 'num_workers': 4, 'model_save_dir': 'results/mosi/emt-dlfr/run_once/models', 'res_save_dir': 'results/mosi/emt-dlfr/run_once/results', 'gpu_ids': [2], 'missing_rates': array([0. , 0.1, 0.2, 0.3, 0.4, 0.5, 0.6, 0.7, 0.8, 0.9, 1. ]), 'seed': 11111, 'num_seeds': 3, 'exp_name': 'moe-uncertainty', 'diff_missing': None, 'KeyEval': 'Loss', 'save_model': True, 'unified_missing': False, 'use_normalized_data': False, 'seeds': [111, 1111, 11111], 'missing_rate': (0.4, 0.4, 0.4), 'dataPath': '/mnt/HDD2/teng/Master-23/sjc/work2/EMT-DLFR-master-based/MMSA/Datasets/MOSI/Processed/unaligned_50.pkl', 'seq_lens': (50, 375, 500), 'feature_dims': (768, 5, 20), 'train_samples': 1284, 'num_classes': 3, 'language': 'en', 'missing_seed': (111, 1111, 11111), 'data_missing': True, 'deal_missing': False, 'need_data_aligned': False, 'need_model_aligned': False, 'need_normalized': False, 'use_bert': True, 'use_finetune': True, 'save_labels': False, 'early_stop': 8, 'update_epochs': 4, 'batch_size': 32, 'learning_rate_bert': 5e-05, 'learning_rate_audio': 0.001, 'learning_rate_video': 0.0001, 'learning_rate_other': 0.001, 'weight_decay_bert': 0.001, 'weight_decay_audio': 0.01, 'weight_decay_video': 0.001, 'weight_decay_other': 0.001, 'a_lstm_hidden_size': 32, 'v_lstm_hidden_size': 64, 'a_lstm_layers': 1, 'v_lstm_layers': 1, 'text_out': 768, 'audio_out': 16, 'video_out': 32, 'a_lstm_dropout': 0.0, 'v_lstm_dropout': 0.0, 't_bert_dropout': 0.1, 'd_model': 128, 'fusion_layers': 3, 'heads': 4, 'learnable_pos_emb': False, 'emb_dropout': 0.0, 'attn_dropout': 0.2, 'ff_dropout': 0.1, 'ff_expansion': 4, 'mpu_share': True, 'modality_share': True, 'layer_share': True, 'attn_act_fn': 'tanh', 'gmc_tokens_pred_dim': 128, 'text_pred_dim': 256, 'audio_pred_dim': 8, 'video_pred_dim': 16, 'recon_loss': 'SmoothL1Loss', 'loss_attra_weight': 1, 'loss_recon_weight': 1, 'uncertainty_reg_weight': 0.3, 'uncertainty_reg_margin': 5e-05, 'uncertainty_before_weight': 1, 'post_fusion_dim': 256, 'post_fusion_dropout': 0.3, 'H': 3.0, 'cur_time': 3, 'model_save_path': 'results/mosi/emt-dlfr/run_once/models/emt-dlfr-mosi-regression-mr0.4-11111.pth', 'device': device(type='cuda', index=2), 'tasks': 'M'}>",111,74.05,74.02,74.09,74.16,27.84,26.38,114.67,54.93,140.39,116.04
2026-02-02_10-07-19,emt-dlfr,"<Storage{'need_task_scheduling': False, 'is_tune': False, 'train_mode': 'regression', 'modelName': 'emt-dlfr', 'datasetName': 'mosi', 'num_workers': 4, 'model_save_dir': 'results/mosi/emt-dlfr/run_once/models', 'res_save_dir': 'results/mosi/emt-dlfr/run_once/results', 'gpu_ids': [2], 'missing_rates': array([0. , 0.1, 0.2, 0.3, 0.4, 0.5, 0.6, 0.7, 0.8, 0.9, 1. ]), 'seed': 11111, 'num_seeds': 3, 'exp_name': 'moe-uncertainty', 'diff_missing': None, 'KeyEval': 'Loss', 'save_model': True, 'unified_missing': False, 'use_normalized_data': False, 'seeds': [111, 1111, 11111], 'missing_rate': (0.4, 0.4, 0.4), 'dataPath': '/mnt/HDD2/teng/Master-23/sjc/work2/EMT-DLFR-master-based/MMSA/Datasets/MOSI/Processed/unaligned_50.pkl', 'seq_lens': (50, 375, 500), 'feature_dims': (768, 5, 20), 'train_samples': 1284, 'num_classes': 3, 'language': 'en', 'missing_seed': (111, 1111, 11111), 'data_missing': True, 'deal_missing': False, 'need_data_aligned': False, 'need_model_aligned': False, 'need_normalized': False, 'use_bert': True, 'use_finetune': True, 'save_labels': False, 'early_stop': 8, 'update_epochs': 4, 'batch_size': 32, 'learning_rate_bert': 5e-05, 'learning_rate_audio': 0.001, 'learning_rate_video': 0.0001, 'learning_rate_other': 0.001, 'weight_decay_bert': 0.001, 'weight_decay_audio': 0.01, 'weight_decay_video': 0.001, 'weight_decay_other': 0.001, 'a_lstm_hidden_size': 32, 'v_lstm_hidden_size': 64, 'a_lstm_layers': 1, 'v_lstm_layers': 1, 'text_out': 768, 'audio_out': 16, 'video_out': 32, 'a_lstm_dropout': 0.0, 'v_lstm_dropout': 0.0, 't_bert_dropout': 0.1, 'd_model': 128, 'fusion_layers': 3, 'heads': 4, 'learnable_pos_emb': False, 'emb_dropout': 0.0, 'attn_dropout': 0.2, 'ff_dropout': 0.1, 'ff_expansion': 4, 'mpu_share': True, 'modality_share': True, 'layer_share': True, 'attn_act_fn': 'tanh', 'gmc_tokens_pred_dim': 128, 'text_pred_dim': 256, 'audio_pred_dim': 8, 'video_pred_dim': 16, 'recon_loss': 'SmoothL1Loss', 'loss_attra_weight': 1, 'loss_recon_weight': 1, 'uncertainty_reg_weight': 0.3, 'uncertainty_reg_margin': 5e-05, 'uncertainty_before_weight': 1, 'post_fusion_dim': 256, 'post_fusion_dropout': 0.3, 'H': 3.0, 'cur_time': 3, 'model_save_path': 'results/mosi/emt-dlfr/run_once/models/emt-dlfr-mosi-regression-mr0.4-11111.pth', 'device': device(type='cuda', index=2), 'tasks': 'M'}>",1111,70.7,70.76,71.49,71.64,35.57,31.49,106.17,55.21,130.65,105.27
2026-02-02_10-07-19,emt-dlfr,"<Storage{'need_task_scheduling': False, 'is_tune': False, 'train_mode': 'regression', 'modelName': 'emt-dlfr', 'datasetName': 'mosi', 'num_workers': 4, 'model_save_dir': 'results/mosi/emt-dlfr/run_once/models', 'res_save_dir': 'results/mosi/emt-dlfr/run_once/results', 'gpu_ids': [2], 'missing_rates': array([0. , 0.1, 0.2, 0.3, 0.4, 0.5, 0.6, 0.7, 0.8, 0.9, 1. ]), 'seed': 11111, 'num_seeds': 3, 'exp_name': 'moe-uncertainty', 'diff_missing': None, 'KeyEval': 'Loss', 'save_model': True, 'unified_missing': False, 'use_normalized_data': False, 'seeds': [111, 1111, 11111], 'missing_rate': (0.4, 0.4, 0.4), 'dataPath': '/mnt/HDD2/teng/Master-23/sjc/work2/EMT-DLFR-master-based/MMSA/Datasets/MOSI/Processed/unaligned_50.pkl', 'seq_lens': (50, 375, 500), 'feature_dims': (768, 5, 20), 'train_samples': 1284, 'num_classes': 3, 'language': 'en', 'missing_seed': (111, 1111, 11111), 'data_missing': True, 'deal_missing': False, 'need_data_aligned': False, 'need_model_aligned': False, 'need_normalized': False, 'use_bert': True, 'use_finetune': True, 'save_labels': False, 'early_stop': 8, 'update_epochs': 4, 'batch_size': 32, 'learning_rate_bert': 5e-05, 'learning_rate_audio': 0.001, 'learning_rate_video': 0.0001, 'learning_rate_other': 0.001, 'weight_decay_bert': 0.001, 'weight_decay_audio': 0.01, 'weight_decay_video': 0.001, 'weight_decay_other': 0.001, 'a_lstm_hidden_size': 32, 'v_lstm_hidden_size': 64, 'a_lstm_layers': 1, 'v_lstm_layers': 1, 'text_out': 768, 'audio_out': 16, 'video_out': 32, 'a_lstm_dropout': 0.0, 'v_lstm_dropout': 0.0, 't_bert_dropout': 0.1, 'd_model': 128, 'fusion_layers': 3, 'heads': 4, 'learnable_pos_emb': False, 'emb_dropout': 0.0, 'attn_dropout': 0.2, 'ff_dropout': 0.1, 'ff_expansion': 4, 'mpu_share': True, 'modality_share': True, 'layer_share': True, 'attn_act_fn': 'tanh', 'gmc_tokens_pred_dim': 128, 'text_pred_dim': 256, 'audio_pred_dim': 8, 'video_pred_dim': 16, 'recon_loss': 'SmoothL1Loss', 'loss_attra_weight': 1, 'loss_recon_weight': 1, 'uncertainty_reg_weight': 0.3, 'uncertainty_reg_margin': 5e-05, 'uncertainty_before_weight': 1, 'post_fusion_dim': 256, 'post_fusion_dropout': 0.3, 'H': 3.0, 'cur_time': 3, 'model_save_path': 'results/mosi/emt-dlfr/run_once/models/emt-dlfr-mosi-regression-mr0.4-11111.pth', 'device': device(type='cuda', index=2), 'tasks': 'M'}>",11111,70.12,70.18,70.73,70.88,34.11,31.34,110.35,53.63,136.64,110.97
2026-02-02_10-07-19,emt-dlfr,"<Storage{'need_task_scheduling': False, 'is_tune': False, 'train_mode': 'regression', 'modelName': 'emt-dlfr', 'datasetName': 'mosi', 'num_workers': 4, 'model_save_dir': 'results/mosi/emt-dlfr/run_once/models', 'res_save_dir': 'results/mosi/emt-dlfr/run_once/results', 'gpu_ids': [2], 'missing_rates': array([0. , 0.1, 0.2, 0.3, 0.4, 0.5, 0.6, 0.7, 0.8, 0.9, 1. ]), 'seed': 11111, 'num_seeds': 3, 'exp_name': 'moe-uncertainty', 'diff_missing': None, 'KeyEval': 'Loss', 'save_model': True, 'unified_missing': False, 'use_normalized_data': False, 'seeds': [111, 1111, 11111], 'missing_rate': (0.4, 0.4, 0.4), 'dataPath': '/mnt/HDD2/teng/Master-23/sjc/work2/EMT-DLFR-master-based/MMSA/Datasets/MOSI/Processed/unaligned_50.pkl', 'seq_lens': (50, 375, 500), 'feature_dims': (768, 5, 20), 'train_samples': 1284, 'num_classes': 3, 'language': 'en', 'missing_seed': (111, 1111, 11111), 'data_missing': True, 'deal_missing': False, 'need_data_aligned': False, 'need_model_aligned': False, 'need_normalized': False, 'use_bert': True, 'use_finetune': True, 'save_labels': False, 'early_stop': 8, 'update_epochs': 4, 'batch_size': 32, 'learning_rate_bert': 5e-05, 'learning_rate_audio': 0.001, 'learning_rate_video': 0.0001, 'learning_rate_other': 0.001, 'weight_decay_bert': 0.001, 'weight_decay_audio': 0.01, 'weight_decay_video': 0.001, 'weight_decay_other': 0.001, 'a_lstm_hidden_size': 32, 'v_lstm_hidden_size': 64, 'a_lstm_layers': 1, 'v_lstm_layers': 1, 'text_out': 768, 'audio_out': 16, 'video_out': 32, 'a_lstm_dropout': 0.0, 'v_lstm_dropout': 0.0, 't_bert_dropout': 0.1, 'd_model': 128, 'fusion_layers': 3, 'heads': 4, 'learnable_pos_emb': False, 'emb_dropout': 0.0, 'attn_dropout': 0.2, 'ff_dropout': 0.1, 'ff_expansion': 4, 'mpu_share': True, 'modality_share': True, 'layer_share': True, 'attn_act_fn': 'tanh', 'gmc_tokens_pred_dim': 128, 'text_pred_dim': 256, 'audio_pred_dim': 8, 'video_pred_dim': 16, 'recon_loss': 'SmoothL1Loss', 'loss_attra_weight': 1, 'loss_recon_weight': 1, 'uncertainty_reg_weight': 0.3, 'uncertainty_reg_margin': 5e-05, 'uncertainty_before_weight': 1, 'post_fusion_dim': 256, 'post_fusion_dropout': 0.3, 'H': 3.0, 'cur_time': 3, 'model_save_path': 'results/mosi/emt-dlfr/run_once/models/emt-dlfr-mosi-regression-mr0.4-11111.pth', 'device': device(type='cuda', index=2), 'tasks': 'M'}>",<mean/std>,"(71.62, 1.73)","(71.65, 1.69)","(72.1, 1.44)","(72.23, 1.4)","(32.51, 3.35)","(29.74, 2.37)","(110.4, 3.47)","(54.59, 0.69)","(135.89, 4.01)","(110.76, 4.4)"
2026-02-02_10-07-19,emt-dlfr,"<Storage{'need_task_scheduling': False, 'is_tune': False, 'train_mode': 'regression', 'modelName': 'emt-dlfr', 'datasetName': 'mosi', 'num_workers': 4, 'model_save_dir': 'results/mosi/emt-dlfr/run_once/models', 'res_save_dir': 'results/mosi/emt-dlfr/run_once/results', 'gpu_ids': [2], 'missing_rates': array([0. , 0.1, 0.2, 0.3, 0.4, 0.5, 0.6, 0.7, 0.8, 0.9, 1. ]), 'seed': 11111, 'num_seeds': 3, 'exp_name': 'moe-uncertainty', 'diff_missing': None, 'KeyEval': 'Loss', 'save_model': True, 'unified_missing': False, 'use_normalized_data': False, 'seeds': [111, 1111, 11111], 'missing_rate': (0.4, 0.4, 0.4), 'dataPath': '/mnt/HDD2/teng/Master-23/sjc/work2/EMT-DLFR-master-based/MMSA/Datasets/MOSI/Processed/unaligned_50.pkl', 'seq_lens': (50, 375, 500), 'feature_dims': (768, 5, 20), 'train_samples': 1284, 'num_classes': 3, 'language': 'en', 'missing_seed': (111, 1111, 11111), 'data_missing': True, 'deal_missing': False, 'need_data_aligned': False, 'need_model_aligned': False, 'need_normalized': False, 'use_bert': True, 'use_finetune': True, 'save_labels': False, 'early_stop': 8, 'update_epochs': 4, 'batch_size': 32, 'learning_rate_bert': 5e-05, 'learning_rate_audio': 0.001, 'learning_rate_video': 0.0001, 'learning_rate_other': 0.001, 'weight_decay_bert': 0.001, 'weight_decay_audio': 0.01, 'weight_decay_video': 0.001, 'weight_decay_other': 0.001, 'a_lstm_hidden_size': 32, 'v_lstm_hidden_size': 64, 'a_lstm_layers': 1, 'v_lstm_layers': 1, 'text_out': 768, 'audio_out': 16, 'video_out': 32, 'a_lstm_dropout': 0.0, 'v_lstm_dropout': 0.0, 't_bert_dropout': 0.1, 'd_model': 128, 'fusion_layers': 3, 'heads': 4, 'learnable_pos_emb': False, 'emb_dropout': 0.0, 'attn_dropout': 0.2, 'ff_dropout': 0.1, 'ff_expansion': 4, 'mpu_share': True, 'modality_share': True, 'layer_share': True, 'attn_act_fn': 'tanh', 'gmc_tokens_pred_dim': 128, 'text_pred_dim': 256, 'audio_pred_dim': 8, 'video_pred_dim': 16, 'recon_loss': 'SmoothL1Loss', 'loss_attra_weight': 1, 'loss_recon_weight': 1, 'uncertainty_reg_weight': 0.3, 'uncertainty_reg_margin': 5e-05, 'uncertainty_before_weight': 1, 'post_fusion_dim': 256, 'post_fusion_dropout': 0.3, 'H': 3.0, 'cur_time': 3, 'model_save_path': 'results/mosi/emt-dlfr/run_once/models/emt-dlfr-mosi-regression-mr0.4-11111.pth', 'device': device(type='cuda', index=2), 'tasks': 'M'}>",<max/seed>,"(74.05, 111)","(74.02, 111)","(74.09, 111)","(74.16, 111)","(35.57, 1111)","(31.49, 1111)","(114.67, 111)","(55.21, 1111)","(140.39, 111)","(116.04, 111)"
2026-02-02_10-07-19,emt-dlfr,"<Storage{'need_task_scheduling': False, 'is_tune': False, 'train_mode': 'regression', 'modelName': 'emt-dlfr', 'datasetName': 'mosi', 'num_workers': 4, 'model_save_dir': 'results/mosi/emt-dlfr/run_once/models', 'res_save_dir': 'results/mosi/emt-dlfr/run_once/results', 'gpu_ids': [2], 'missing_rates': array([0. , 0.1, 0.2, 0.3, 0.4, 0.5, 0.6, 0.7, 0.8, 0.9, 1. ]), 'seed': 11111, 'num_seeds': 3, 'exp_name': 'moe-uncertainty', 'diff_missing': None, 'KeyEval': 'Loss', 'save_model': True, 'unified_missing': False, 'use_normalized_data': False, 'seeds': [111, 1111, 11111], 'missing_rate': (0.4, 0.4, 0.4), 'dataPath': '/mnt/HDD2/teng/Master-23/sjc/work2/EMT-DLFR-master-based/MMSA/Datasets/MOSI/Processed/unaligned_50.pkl', 'seq_lens': (50, 375, 500), 'feature_dims': (768, 5, 20), 'train_samples': 1284, 'num_classes': 3, 'language': 'en', 'missing_seed': (111, 1111, 11111), 'data_missing': True, 'deal_missing': False, 'need_data_aligned': False, 'need_model_aligned': False, 'need_normalized': False, 'use_bert': True, 'use_finetune': True, 'save_labels': False, 'early_stop': 8, 'update_epochs': 4, 'batch_size': 32, 'learning_rate_bert': 5e-05, 'learning_rate_audio': 0.001, 'learning_rate_video': 0.0001, 'learning_rate_other': 0.001, 'weight_decay_bert': 0.001, 'weight_decay_audio': 0.01, 'weight_decay_video': 0.001, 'weight_decay_other': 0.001, 'a_lstm_hidden_size': 32, 'v_lstm_hidden_size': 64, 'a_lstm_layers': 1, 'v_lstm_layers': 1, 'text_out': 768, 'audio_out': 16, 'video_out': 32, 'a_lstm_dropout': 0.0, 'v_lstm_dropout': 0.0, 't_bert_dropout': 0.1, 'd_model': 128, 'fusion_layers': 3, 'heads': 4, 'learnable_pos_emb': False, 'emb_dropout': 0.0, 'attn_dropout': 0.2, 'ff_dropout': 0.1, 'ff_expansion': 4, 'mpu_share': True, 'modality_share': True, 'layer_share': True, 'attn_act_fn': 'tanh', 'gmc_tokens_pred_dim': 128, 'text_pred_dim': 256, 'audio_pred_dim': 8, 'video_pred_dim': 16, 'recon_loss': 'SmoothL1Loss', 'loss_attra_weight': 1, 'loss_recon_weight': 1, 'uncertainty_reg_weight': 0.3, 'uncertainty_reg_margin': 5e-05, 'uncertainty_before_weight': 1, 'post_fusion_dim': 256, 'post_fusion_dropout': 0.3, 'H': 3.0, 'cur_time': 3, 'model_save_path': 'results/mosi/emt-dlfr/run_once/models/emt-dlfr-mosi-regression-mr0.4-11111.pth', 'device': device(type='cuda', index=2), 'tasks': 'M'}>",<min/seed>,"(70.12, 11111)","(70.18, 11111)","(70.73, 11111)","(70.88, 11111)","(27.84, 111)","(26.38, 111)","(106.17, 1111)","(53.63, 11111)","(130.65, 1111)","(105.27, 1111)"
2026-02-03_13-11-06,emt-dlfr,"<Storage{'need_task_scheduling': False, 'is_tune': False, 'train_mode': 'regression', 'modelName': 'emt-dlfr', 'datasetName': 'mosi', 'num_workers': 4, 'model_save_dir': 'results/mosi/emt-dlfr/run_once/models', 'res_save_dir': 'results/mosi/emt-dlfr/run_once/results', 'gpu_ids': [2], 'missing_rates': array([0. , 0.1, 0.2, 0.3, 0.4, 0.5, 0.6, 0.7, 0.8, 0.9, 1. ]), 'seed': 11111, 'num_seeds': 3, 'exp_name': 'moe-uncertainty', 'diff_missing': None, 'KeyEval': 'Loss', 'save_model': True, 'unified_missing': False, 'use_normalized_data': False, 'seeds': [111, 1111, 11111], 'missing_rate': (0.4, 0.4, 0.4), 'dataPath': '/mnt/HDD2/teng/Master-23/sjc/work2/EMT-DLFR-master-based/MMSA/Datasets/MOSI/Processed/unaligned_50.pkl', 'seq_lens': (50, 375, 500), 'feature_dims': (768, 5, 20), 'train_samples': 1284, 'num_classes': 3, 'language': 'en', 'missing_seed': (111, 1111, 11111), 'data_missing': True, 'deal_missing': False, 'need_data_aligned': False, 'need_model_aligned': False, 'need_normalized': False, 'use_bert': True, 'use_finetune': True, 'save_labels': False, 'early_stop': 8, 'update_epochs': 4, 'batch_size': 32, 'learning_rate_bert': 5e-05, 'learning_rate_audio': 0.001, 'learning_rate_video': 0.0001, 'learning_rate_other': 0.001, 'weight_decay_bert': 0.001, 'weight_decay_audio': 0.01, 'weight_decay_video': 0.001, 'weight_decay_other': 0.001, 'a_lstm_hidden_size': 32, 'v_lstm_hidden_size': 64, 'a_lstm_layers': 1, 'v_lstm_layers': 1, 'text_out': 768, 'audio_out': 16, 'video_out': 32, 'a_lstm_dropout': 0.0, 'v_lstm_dropout': 0.0, 't_bert_dropout': 0.1, 'd_model': 128, 'fusion_layers': 3, 'heads': 4, 'learnable_pos_emb': False, 'emb_dropout': 0.0, 'attn_dropout': 0.2, 'ff_dropout': 0.1, 'ff_expansion': 4, 'mpu_share': True, 'modality_share': True, 'layer_share': True, 'attn_act_fn': 'tanh', 'gmc_tokens_pred_dim': 128, 'text_pred_dim': 256, 'audio_pred_dim': 8, 'video_pred_dim': 16, 'recon_loss': 'SmoothL1Loss', 'loss_attra_weight': 1, 'loss_recon_weight': 1, 'uncertainty_reg_weight': 0.3, 'uncertainty_reg_margin': 5e-05, 'uncertainty_before_weight': 0.1, 'use_explicit_missing_mask': False, 'post_fusion_dim': 256, 'post_fusion_dropout': 0.3, 'H': 3.0, 'cur_time': 3, 'model_save_path': 'results/mosi/emt-dlfr/run_once/models/emt-dlfr-mosi-regression-mr0.4-11111.pth', 'device': device(type='cuda', index=2), 'tasks': 'M'}>",111,72.3,72.36,73.32,73.47,34.11,30.76,107.0,55.5,133.86,106.89
2026-02-03_13-11-06,emt-dlfr,"<Storage{'need_task_scheduling': False, 'is_tune': False, 'train_mode': 'regression', 'modelName': 'emt-dlfr', 'datasetName': 'mosi', 'num_workers': 4, 'model_save_dir': 'results/mosi/emt-dlfr/run_once/models', 'res_save_dir': 'results/mosi/emt-dlfr/run_once/results', 'gpu_ids': [2], 'missing_rates': array([0. , 0.1, 0.2, 0.3, 0.4, 0.5, 0.6, 0.7, 0.8, 0.9, 1. ]), 'seed': 11111, 'num_seeds': 3, 'exp_name': 'moe-uncertainty', 'diff_missing': None, 'KeyEval': 'Loss', 'save_model': True, 'unified_missing': False, 'use_normalized_data': False, 'seeds': [111, 1111, 11111], 'missing_rate': (0.4, 0.4, 0.4), 'dataPath': '/mnt/HDD2/teng/Master-23/sjc/work2/EMT-DLFR-master-based/MMSA/Datasets/MOSI/Processed/unaligned_50.pkl', 'seq_lens': (50, 375, 500), 'feature_dims': (768, 5, 20), 'train_samples': 1284, 'num_classes': 3, 'language': 'en', 'missing_seed': (111, 1111, 11111), 'data_missing': True, 'deal_missing': False, 'need_data_aligned': False, 'need_model_aligned': False, 'need_normalized': False, 'use_bert': True, 'use_finetune': True, 'save_labels': False, 'early_stop': 8, 'update_epochs': 4, 'batch_size': 32, 'learning_rate_bert': 5e-05, 'learning_rate_audio': 0.001, 'learning_rate_video': 0.0001, 'learning_rate_other': 0.001, 'weight_decay_bert': 0.001, 'weight_decay_audio': 0.01, 'weight_decay_video': 0.001, 'weight_decay_other': 0.001, 'a_lstm_hidden_size': 32, 'v_lstm_hidden_size': 64, 'a_lstm_layers': 1, 'v_lstm_layers': 1, 'text_out': 768, 'audio_out': 16, 'video_out': 32, 'a_lstm_dropout': 0.0, 'v_lstm_dropout': 0.0, 't_bert_dropout': 0.1, 'd_model': 128, 'fusion_layers': 3, 'heads': 4, 'learnable_pos_emb': False, 'emb_dropout': 0.0, 'attn_dropout': 0.2, 'ff_dropout': 0.1, 'ff_expansion': 4, 'mpu_share': True, 'modality_share': True, 'layer_share': True, 'attn_act_fn': 'tanh', 'gmc_tokens_pred_dim': 128, 'text_pred_dim': 256, 'audio_pred_dim': 8, 'video_pred_dim': 16, 'recon_loss': 'SmoothL1Loss', 'loss_attra_weight': 1, 'loss_recon_weight': 1, 'uncertainty_reg_weight': 0.3, 'uncertainty_reg_margin': 5e-05, 'uncertainty_before_weight': 0.1, 'use_explicit_missing_mask': False, 'post_fusion_dim': 256, 'post_fusion_dropout': 0.3, 'H': 3.0, 'cur_time': 3, 'model_save_path': 'results/mosi/emt-dlfr/run_once/models/emt-dlfr-mosi-regression-mr0.4-11111.pth', 'device': device(type='cuda', index=2), 'tasks': 'M'}>",1111,72.74,72.78,72.56,72.71,33.38,30.17,109.31,55.34,134.13,108.95
2026-02-03_13-11-06,emt-dlfr,"<Storage{'need_task_scheduling': False, 'is_tune': False, 'train_mode': 'regression', 'modelName': 'emt-dlfr', 'datasetName': 'mosi', 'num_workers': 4, 'model_save_dir': 'results/mosi/emt-dlfr/run_once/models', 'res_save_dir': 'results/mosi/emt-dlfr/run_once/results', 'gpu_ids': [2], 'missing_rates': array([0. , 0.1, 0.2, 0.3, 0.4, 0.5, 0.6, 0.7, 0.8, 0.9, 1. ]), 'seed': 11111, 'num_seeds': 3, 'exp_name': 'moe-uncertainty', 'diff_missing': None, 'KeyEval': 'Loss', 'save_model': True, 'unified_missing': False, 'use_normalized_data': False, 'seeds': [111, 1111, 11111], 'missing_rate': (0.4, 0.4, 0.4), 'dataPath': '/mnt/HDD2/teng/Master-23/sjc/work2/EMT-DLFR-master-based/MMSA/Datasets/MOSI/Processed/unaligned_50.pkl', 'seq_lens': (50, 375, 500), 'feature_dims': (768, 5, 20), 'train_samples': 1284, 'num_classes': 3, 'language': 'en', 'missing_seed': (111, 1111, 11111), 'data_missing': True, 'deal_missing': False, 'need_data_aligned': False, 'need_model_aligned': False, 'need_normalized': False, 'use_bert': True, 'use_finetune': True, 'save_labels': False, 'early_stop': 8, 'update_epochs': 4, 'batch_size': 32, 'learning_rate_bert': 5e-05, 'learning_rate_audio': 0.001, 'learning_rate_video': 0.0001, 'learning_rate_other': 0.001, 'weight_decay_bert': 0.001, 'weight_decay_audio': 0.01, 'weight_decay_video': 0.001, 'weight_decay_other': 0.001, 'a_lstm_hidden_size': 32, 'v_lstm_hidden_size': 64, 'a_lstm_layers': 1, 'v_lstm_layers': 1, 'text_out': 768, 'audio_out': 16, 'video_out': 32, 'a_lstm_dropout': 0.0, 'v_lstm_dropout': 0.0, 't_bert_dropout': 0.1, 'd_model': 128, 'fusion_layers': 3, 'heads': 4, 'learnable_pos_emb': False, 'emb_dropout': 0.0, 'attn_dropout': 0.2, 'ff_dropout': 0.1, 'ff_expansion': 4, 'mpu_share': True, 'modality_share': True, 'layer_share': True, 'attn_act_fn': 'tanh', 'gmc_tokens_pred_dim': 128, 'text_pred_dim': 256, 'audio_pred_dim': 8, 'video_pred_dim': 16, 'recon_loss': 'SmoothL1Loss', 'loss_attra_weight': 1, 'loss_recon_weight': 1, 'uncertainty_reg_weight': 0.3, 'uncertainty_reg_margin': 5e-05, 'uncertainty_before_weight': 0.1, 'use_explicit_missing_mask': False, 'post_fusion_dim': 256, 'post_fusion_dropout': 0.3, 'H': 3.0, 'cur_time': 3, 'model_save_path': 'results/mosi/emt-dlfr/run_once/models/emt-dlfr-mosi-regression-mr0.4-11111.pth', 'device': device(type='cuda', index=2), 'tasks': 'M'}>",11111,72.45,72.47,73.32,73.42,34.69,30.61,104.46,55.11,129.05,103.76
2026-02-03_13-11-06,emt-dlfr,"<Storage{'need_task_scheduling': False, 'is_tune': False, 'train_mode': 'regression', 'modelName': 'emt-dlfr', 'datasetName': 'mosi', 'num_workers': 4, 'model_save_dir': 'results/mosi/emt-dlfr/run_once/models', 'res_save_dir': 'results/mosi/emt-dlfr/run_once/results', 'gpu_ids': [2], 'missing_rates': array([0. , 0.1, 0.2, 0.3, 0.4, 0.5, 0.6, 0.7, 0.8, 0.9, 1. ]), 'seed': 11111, 'num_seeds': 3, 'exp_name': 'moe-uncertainty', 'diff_missing': None, 'KeyEval': 'Loss', 'save_model': True, 'unified_missing': False, 'use_normalized_data': False, 'seeds': [111, 1111, 11111], 'missing_rate': (0.4, 0.4, 0.4), 'dataPath': '/mnt/HDD2/teng/Master-23/sjc/work2/EMT-DLFR-master-based/MMSA/Datasets/MOSI/Processed/unaligned_50.pkl', 'seq_lens': (50, 375, 500), 'feature_dims': (768, 5, 20), 'train_samples': 1284, 'num_classes': 3, 'language': 'en', 'missing_seed': (111, 1111, 11111), 'data_missing': True, 'deal_missing': False, 'need_data_aligned': False, 'need_model_aligned': False, 'need_normalized': False, 'use_bert': True, 'use_finetune': True, 'save_labels': False, 'early_stop': 8, 'update_epochs': 4, 'batch_size': 32, 'learning_rate_bert': 5e-05, 'learning_rate_audio': 0.001, 'learning_rate_video': 0.0001, 'learning_rate_other': 0.001, 'weight_decay_bert': 0.001, 'weight_decay_audio': 0.01, 'weight_decay_video': 0.001, 'weight_decay_other': 0.001, 'a_lstm_hidden_size': 32, 'v_lstm_hidden_size': 64, 'a_lstm_layers': 1, 'v_lstm_layers': 1, 'text_out': 768, 'audio_out': 16, 'video_out': 32, 'a_lstm_dropout': 0.0, 'v_lstm_dropout': 0.0, 't_bert_dropout': 0.1, 'd_model': 128, 'fusion_layers': 3, 'heads': 4, 'learnable_pos_emb': False, 'emb_dropout': 0.0, 'attn_dropout': 0.2, 'ff_dropout': 0.1, 'ff_expansion': 4, 'mpu_share': True, 'modality_share': True, 'layer_share': True, 'attn_act_fn': 'tanh', 'gmc_tokens_pred_dim': 128, 'text_pred_dim': 256, 'audio_pred_dim': 8, 'video_pred_dim': 16, 'recon_loss': 'SmoothL1Loss', 'loss_attra_weight': 1, 'loss_recon_weight': 1, 'uncertainty_reg_weight': 0.3, 'uncertainty_reg_margin': 5e-05, 'uncertainty_before_weight': 0.1, 'use_explicit_missing_mask': False, 'post_fusion_dim': 256, 'post_fusion_dropout': 0.3, 'H': 3.0, 'cur_time': 3, 'model_save_path': 'results/mosi/emt-dlfr/run_once/models/emt-dlfr-mosi-regression-mr0.4-11111.pth', 'device': device(type='cuda', index=2), 'tasks': 'M'}>",<mean/std>,"(72.5, 0.18)","(72.54, 0.18)","(73.07, 0.36)","(73.2, 0.35)","(34.06, 0.54)","(30.51, 0.25)","(106.92, 1.98)","(55.32, 0.16)","(132.35, 2.33)","(106.53, 2.13)"
2026-02-03_13-11-06,emt-dlfr,"<Storage{'need_task_scheduling': False, 'is_tune': False, 'train_mode': 'regression', 'modelName': 'emt-dlfr', 'datasetName': 'mosi', 'num_workers': 4, 'model_save_dir': 'results/mosi/emt-dlfr/run_once/models', 'res_save_dir': 'results/mosi/emt-dlfr/run_once/results', 'gpu_ids': [2], 'missing_rates': array([0. , 0.1, 0.2, 0.3, 0.4, 0.5, 0.6, 0.7, 0.8, 0.9, 1. ]), 'seed': 11111, 'num_seeds': 3, 'exp_name': 'moe-uncertainty', 'diff_missing': None, 'KeyEval': 'Loss', 'save_model': True, 'unified_missing': False, 'use_normalized_data': False, 'seeds': [111, 1111, 11111], 'missing_rate': (0.4, 0.4, 0.4), 'dataPath': '/mnt/HDD2/teng/Master-23/sjc/work2/EMT-DLFR-master-based/MMSA/Datasets/MOSI/Processed/unaligned_50.pkl', 'seq_lens': (50, 375, 500), 'feature_dims': (768, 5, 20), 'train_samples': 1284, 'num_classes': 3, 'language': 'en', 'missing_seed': (111, 1111, 11111), 'data_missing': True, 'deal_missing': False, 'need_data_aligned': False, 'need_model_aligned': False, 'need_normalized': False, 'use_bert': True, 'use_finetune': True, 'save_labels': False, 'early_stop': 8, 'update_epochs': 4, 'batch_size': 32, 'learning_rate_bert': 5e-05, 'learning_rate_audio': 0.001, 'learning_rate_video': 0.0001, 'learning_rate_other': 0.001, 'weight_decay_bert': 0.001, 'weight_decay_audio': 0.01, 'weight_decay_video': 0.001, 'weight_decay_other': 0.001, 'a_lstm_hidden_size': 32, 'v_lstm_hidden_size': 64, 'a_lstm_layers': 1, 'v_lstm_layers': 1, 'text_out': 768, 'audio_out': 16, 'video_out': 32, 'a_lstm_dropout': 0.0, 'v_lstm_dropout': 0.0, 't_bert_dropout': 0.1, 'd_model': 128, 'fusion_layers': 3, 'heads': 4, 'learnable_pos_emb': False, 'emb_dropout': 0.0, 'attn_dropout': 0.2, 'ff_dropout': 0.1, 'ff_expansion': 4, 'mpu_share': True, 'modality_share': True, 'layer_share': True, 'attn_act_fn': 'tanh', 'gmc_tokens_pred_dim': 128, 'text_pred_dim': 256, 'audio_pred_dim': 8, 'video_pred_dim': 16, 'recon_loss': 'SmoothL1Loss', 'loss_attra_weight': 1, 'loss_recon_weight': 1, 'uncertainty_reg_weight': 0.3, 'uncertainty_reg_margin': 5e-05, 'uncertainty_before_weight': 0.1, 'use_explicit_missing_mask': False, 'post_fusion_dim': 256, 'post_fusion_dropout': 0.3, 'H': 3.0, 'cur_time': 3, 'model_save_path': 'results/mosi/emt-dlfr/run_once/models/emt-dlfr-mosi-regression-mr0.4-11111.pth', 'device': device(type='cuda', index=2), 'tasks': 'M'}>",<max/seed>,"(72.74, 1111)","(72.78, 1111)","(73.32, 111)","(73.47, 111)","(34.69, 11111)","(30.76, 111)","(109.31, 1111)","(55.5, 111)","(134.13, 1111)","(108.95, 1111)"
2026-02-03_13-11-06,emt-dlfr,"<Storage{'need_task_scheduling': False, 'is_tune': False, 'train_mode': 'regression', 'modelName': 'emt-dlfr', 'datasetName': 'mosi', 'num_workers': 4, 'model_save_dir': 'results/mosi/emt-dlfr/run_once/models', 'res_save_dir': 'results/mosi/emt-dlfr/run_once/results', 'gpu_ids': [2], 'missing_rates': array([0. , 0.1, 0.2, 0.3, 0.4, 0.5, 0.6, 0.7, 0.8, 0.9, 1. ]), 'seed': 11111, 'num_seeds': 3, 'exp_name': 'moe-uncertainty', 'diff_missing': None, 'KeyEval': 'Loss', 'save_model': True, 'unified_missing': False, 'use_normalized_data': False, 'seeds': [111, 1111, 11111], 'missing_rate': (0.4, 0.4, 0.4), 'dataPath': '/mnt/HDD2/teng/Master-23/sjc/work2/EMT-DLFR-master-based/MMSA/Datasets/MOSI/Processed/unaligned_50.pkl', 'seq_lens': (50, 375, 500), 'feature_dims': (768, 5, 20), 'train_samples': 1284, 'num_classes': 3, 'language': 'en', 'missing_seed': (111, 1111, 11111), 'data_missing': True, 'deal_missing': False, 'need_data_aligned': False, 'need_model_aligned': False, 'need_normalized': False, 'use_bert': True, 'use_finetune': True, 'save_labels': False, 'early_stop': 8, 'update_epochs': 4, 'batch_size': 32, 'learning_rate_bert': 5e-05, 'learning_rate_audio': 0.001, 'learning_rate_video': 0.0001, 'learning_rate_other': 0.001, 'weight_decay_bert': 0.001, 'weight_decay_audio': 0.01, 'weight_decay_video': 0.001, 'weight_decay_other': 0.001, 'a_lstm_hidden_size': 32, 'v_lstm_hidden_size': 64, 'a_lstm_layers': 1, 'v_lstm_layers': 1, 'text_out': 768, 'audio_out': 16, 'video_out': 32, 'a_lstm_dropout': 0.0, 'v_lstm_dropout': 0.0, 't_bert_dropout': 0.1, 'd_model': 128, 'fusion_layers': 3, 'heads': 4, 'learnable_pos_emb': False, 'emb_dropout': 0.0, 'attn_dropout': 0.2, 'ff_dropout': 0.1, 'ff_expansion': 4, 'mpu_share': True, 'modality_share': True, 'layer_share': True, 'attn_act_fn': 'tanh', 'gmc_tokens_pred_dim': 128, 'text_pred_dim': 256, 'audio_pred_dim': 8, 'video_pred_dim': 16, 'recon_loss': 'SmoothL1Loss', 'loss_attra_weight': 1, 'loss_recon_weight': 1, 'uncertainty_reg_weight': 0.3, 'uncertainty_reg_margin': 5e-05, 'uncertainty_before_weight': 0.1, 'use_explicit_missing_mask': False, 'post_fusion_dim': 256, 'post_fusion_dropout': 0.3, 'H': 3.0, 'cur_time': 3, 'model_save_path': 'results/mosi/emt-dlfr/run_once/models/emt-dlfr-mosi-regression-mr0.4-11111.pth', 'device': device(type='cuda', index=2), 'tasks': 'M'}>",<min/seed>,"(72.3, 111)","(72.36, 111)","(72.56, 1111)","(72.71, 1111)","(33.38, 1111)","(30.17, 1111)","(104.46, 11111)","(55.11, 11111)","(129.05, 11111)","(103.76, 11111)"
2026-02-03_16-09-29,emt-dlfr,"<Storage{'need_task_scheduling': False, 'is_tune': False, 'train_mode': 'regression', 'modelName': 'emt-dlfr', 'datasetName': 'mosi', 'num_workers': 4, 'model_save_dir': 'results/mosi/emt-dlfr/run_once/models', 'res_save_dir': 'results/mosi/emt-dlfr/run_once/results', 'gpu_ids': [2], 'missing_rates': array([0. , 0.1, 0.2, 0.3, 0.4, 0.5, 0.6, 0.7, 0.8, 0.9, 1. ]), 'seed': 11111, 'num_seeds': 3, 'exp_name': 'moe-uncertainty', 'diff_missing': None, 'KeyEval': 'Loss', 'save_model': True, 'unified_missing': False, 'use_normalized_data': False, 'seeds': [111, 1111, 11111], 'missing_rate': (0.4, 0.4, 0.4), 'dataPath': '/mnt/HDD2/teng/Master-23/sjc/work2/EMT-DLFR-master-based/MMSA/Datasets/MOSI/Processed/unaligned_50.pkl', 'seq_lens': (50, 375, 500), 'feature_dims': (768, 5, 20), 'train_samples': 1284, 'num_classes': 3, 'language': 'en', 'missing_seed': (111, 1111, 11111), 'data_missing': True, 'deal_missing': False, 'need_data_aligned': False, 'need_model_aligned': False, 'need_normalized': False, 'use_bert': True, 'use_finetune': True, 'save_labels': False, 'early_stop': 8, 'update_epochs': 4, 'batch_size': 32, 'learning_rate_bert': 5e-05, 'learning_rate_audio': 0.001, 'learning_rate_video': 0.0001, 'learning_rate_other': 0.001, 'weight_decay_bert': 0.001, 'weight_decay_audio': 0.01, 'weight_decay_video': 0.001, 'weight_decay_other': 0.001, 'a_lstm_hidden_size': 32, 'v_lstm_hidden_size': 64, 'a_lstm_layers': 1, 'v_lstm_layers': 1, 'text_out': 768, 'audio_out': 16, 'video_out': 32, 'a_lstm_dropout': 0.0, 'v_lstm_dropout': 0.0, 't_bert_dropout': 0.1, 'd_model': 128, 'fusion_layers': 3, 'heads': 4, 'learnable_pos_emb': False, 'emb_dropout': 0.0, 'attn_dropout': 0.2, 'ff_dropout': 0.1, 'ff_expansion': 4, 'mpu_share': True, 'modality_share': True, 'layer_share': True, 'attn_act_fn': 'tanh', 'gmc_tokens_pred_dim': 128, 'text_pred_dim': 256, 'audio_pred_dim': 8, 'video_pred_dim': 16, 'recon_loss': 'SmoothL1Loss', 'loss_attra_weight': 1, 'loss_recon_weight': 1, 'uncertainty_reg_weight': 0.3, 'uncertainty_reg_margin': 5e-05, 'uncertainty_before_weight': 0.2, 'use_explicit_missing_mask': False, 'post_fusion_dim': 256, 'post_fusion_dropout': 0.3, 'H': 3.0, 'cur_time': 3, 'model_save_path': 'results/mosi/emt-dlfr/run_once/models/emt-dlfr-mosi-regression-mr0.4-11111.pth', 'device': device(type='cuda', index=2), 'tasks': 'M'}>",111,70.85,70.92,71.49,71.66,35.86,32.22,109.43,53.25,135.15,110.03
2026-02-03_16-09-29,emt-dlfr,"<Storage{'need_task_scheduling': False, 'is_tune': False, 'train_mode': 'regression', 'modelName': 'emt-dlfr', 'datasetName': 'mosi', 'num_workers': 4, 'model_save_dir': 'results/mosi/emt-dlfr/run_once/models', 'res_save_dir': 'results/mosi/emt-dlfr/run_once/results', 'gpu_ids': [2], 'missing_rates': array([0. , 0.1, 0.2, 0.3, 0.4, 0.5, 0.6, 0.7, 0.8, 0.9, 1. ]), 'seed': 11111, 'num_seeds': 3, 'exp_name': 'moe-uncertainty', 'diff_missing': None, 'KeyEval': 'Loss', 'save_model': True, 'unified_missing': False, 'use_normalized_data': False, 'seeds': [111, 1111, 11111], 'missing_rate': (0.4, 0.4, 0.4), 'dataPath': '/mnt/HDD2/teng/Master-23/sjc/work2/EMT-DLFR-master-based/MMSA/Datasets/MOSI/Processed/unaligned_50.pkl', 'seq_lens': (50, 375, 500), 'feature_dims': (768, 5, 20), 'train_samples': 1284, 'num_classes': 3, 'language': 'en', 'missing_seed': (111, 1111, 11111), 'data_missing': True, 'deal_missing': False, 'need_data_aligned': False, 'need_model_aligned': False, 'need_normalized': False, 'use_bert': True, 'use_finetune': True, 'save_labels': False, 'early_stop': 8, 'update_epochs': 4, 'batch_size': 32, 'learning_rate_bert': 5e-05, 'learning_rate_audio': 0.001, 'learning_rate_video': 0.0001, 'learning_rate_other': 0.001, 'weight_decay_bert': 0.001, 'weight_decay_audio': 0.01, 'weight_decay_video': 0.001, 'weight_decay_other': 0.001, 'a_lstm_hidden_size': 32, 'v_lstm_hidden_size': 64, 'a_lstm_layers': 1, 'v_lstm_layers': 1, 'text_out': 768, 'audio_out': 16, 'video_out': 32, 'a_lstm_dropout': 0.0, 'v_lstm_dropout': 0.0, 't_bert_dropout': 0.1, 'd_model': 128, 'fusion_layers': 3, 'heads': 4, 'learnable_pos_emb': False, 'emb_dropout': 0.0, 'attn_dropout': 0.2, 'ff_dropout': 0.1, 'ff_expansion': 4, 'mpu_share': True, 'modality_share': True, 'layer_share': True, 'attn_act_fn': 'tanh', 'gmc_tokens_pred_dim': 128, 'text_pred_dim': 256, 'audio_pred_dim': 8, 'video_pred_dim': 16, 'recon_loss': 'SmoothL1Loss', 'loss_attra_weight': 1, 'loss_recon_weight': 1, 'uncertainty_reg_weight': 0.3, 'uncertainty_reg_margin': 5e-05, 'uncertainty_before_weight': 0.2, 'use_explicit_missing_mask': False, 'post_fusion_dim': 256, 'post_fusion_dropout': 0.3, 'H': 3.0, 'cur_time': 3, 'model_save_path': 'results/mosi/emt-dlfr/run_once/models/emt-dlfr-mosi-regression-mr0.4-11111.pth', 'device': device(type='cuda', index=2), 'tasks': 'M'}>",1111,71.87,71.93,72.26,72.4,34.55,30.17,104.16,55.76,128.86,103.75
2026-02-03_16-09-29,emt-dlfr,"<Storage{'need_task_scheduling': False, 'is_tune': False, 'train_mode': 'regression', 'modelName': 'emt-dlfr', 'datasetName': 'mosi', 'num_workers': 4, 'model_save_dir': 'results/mosi/emt-dlfr/run_once/models', 'res_save_dir': 'results/mosi/emt-dlfr/run_once/results', 'gpu_ids': [2], 'missing_rates': array([0. , 0.1, 0.2, 0.3, 0.4, 0.5, 0.6, 0.7, 0.8, 0.9, 1. ]), 'seed': 11111, 'num_seeds': 3, 'exp_name': 'moe-uncertainty', 'diff_missing': None, 'KeyEval': 'Loss', 'save_model': True, 'unified_missing': False, 'use_normalized_data': False, 'seeds': [111, 1111, 11111], 'missing_rate': (0.4, 0.4, 0.4), 'dataPath': '/mnt/HDD2/teng/Master-23/sjc/work2/EMT-DLFR-master-based/MMSA/Datasets/MOSI/Processed/unaligned_50.pkl', 'seq_lens': (50, 375, 500), 'feature_dims': (768, 5, 20), 'train_samples': 1284, 'num_classes': 3, 'language': 'en', 'missing_seed': (111, 1111, 11111), 'data_missing': True, 'deal_missing': False, 'need_data_aligned': False, 'need_model_aligned': False, 'need_normalized': False, 'use_bert': True, 'use_finetune': True, 'save_labels': False, 'early_stop': 8, 'update_epochs': 4, 'batch_size': 32, 'learning_rate_bert': 5e-05, 'learning_rate_audio': 0.001, 'learning_rate_video': 0.0001, 'learning_rate_other': 0.001, 'weight_decay_bert': 0.001, 'weight_decay_audio': 0.01, 'weight_decay_video': 0.001, 'weight_decay_other': 0.001, 'a_lstm_hidden_size': 32, 'v_lstm_hidden_size': 64, 'a_lstm_layers': 1, 'v_lstm_layers': 1, 'text_out': 768, 'audio_out': 16, 'video_out': 32, 'a_lstm_dropout': 0.0, 'v_lstm_dropout': 0.0, 't_bert_dropout': 0.1, 'd_model': 128, 'fusion_layers': 3, 'heads': 4, 'learnable_pos_emb': False, 'emb_dropout': 0.0, 'attn_dropout': 0.2, 'ff_dropout': 0.1, 'ff_expansion': 4, 'mpu_share': True, 'modality_share': True, 'layer_share': True, 'attn_act_fn': 'tanh', 'gmc_tokens_pred_dim': 128, 'text_pred_dim': 256, 'audio_pred_dim': 8, 'video_pred_dim': 16, 'recon_loss': 'SmoothL1Loss', 'loss_attra_weight': 1, 'loss_recon_weight': 1, 'uncertainty_reg_weight': 0.3, 'uncertainty_reg_margin': 5e-05, 'uncertainty_before_weight': 0.2, 'use_explicit_missing_mask': False, 'post_fusion_dim': 256, 'post_fusion_dropout': 0.3, 'H': 3.0, 'cur_time': 3, 'model_save_path': 'results/mosi/emt-dlfr/run_once/models/emt-dlfr-mosi-regression-mr0.4-11111.pth', 'device': device(type='cuda', index=2), 'tasks': 'M'}>",11111,70.85,70.92,71.65,71.82,33.09,29.88,108.65,55.35,135.51,109.37
2026-02-03_16-09-29,emt-dlfr,"<Storage{'need_task_scheduling': False, 'is_tune': False, 'train_mode': 'regression', 'modelName': 'emt-dlfr', 'datasetName': 'mosi', 'num_workers': 4, 'model_save_dir': 'results/mosi/emt-dlfr/run_once/models', 'res_save_dir': 'results/mosi/emt-dlfr/run_once/results', 'gpu_ids': [2], 'missing_rates': array([0. , 0.1, 0.2, 0.3, 0.4, 0.5, 0.6, 0.7, 0.8, 0.9, 1. ]), 'seed': 11111, 'num_seeds': 3, 'exp_name': 'moe-uncertainty', 'diff_missing': None, 'KeyEval': 'Loss', 'save_model': True, 'unified_missing': False, 'use_normalized_data': False, 'seeds': [111, 1111, 11111], 'missing_rate': (0.4, 0.4, 0.4), 'dataPath': '/mnt/HDD2/teng/Master-23/sjc/work2/EMT-DLFR-master-based/MMSA/Datasets/MOSI/Processed/unaligned_50.pkl', 'seq_lens': (50, 375, 500), 'feature_dims': (768, 5, 20), 'train_samples': 1284, 'num_classes': 3, 'language': 'en', 'missing_seed': (111, 1111, 11111), 'data_missing': True, 'deal_missing': False, 'need_data_aligned': False, 'need_model_aligned': False, 'need_normalized': False, 'use_bert': True, 'use_finetune': True, 'save_labels': False, 'early_stop': 8, 'update_epochs': 4, 'batch_size': 32, 'learning_rate_bert': 5e-05, 'learning_rate_audio': 0.001, 'learning_rate_video': 0.0001, 'learning_rate_other': 0.001, 'weight_decay_bert': 0.001, 'weight_decay_audio': 0.01, 'weight_decay_video': 0.001, 'weight_decay_other': 0.001, 'a_lstm_hidden_size': 32, 'v_lstm_hidden_size': 64, 'a_lstm_layers': 1, 'v_lstm_layers': 1, 'text_out': 768, 'audio_out': 16, 'video_out': 32, 'a_lstm_dropout': 0.0, 'v_lstm_dropout': 0.0, 't_bert_dropout': 0.1, 'd_model': 128, 'fusion_layers': 3, 'heads': 4, 'learnable_pos_emb': False, 'emb_dropout': 0.0, 'attn_dropout': 0.2, 'ff_dropout': 0.1, 'ff_expansion': 4, 'mpu_share': True, 'modality_share': True, 'layer_share': True, 'attn_act_fn': 'tanh', 'gmc_tokens_pred_dim': 128, 'text_pred_dim': 256, 'audio_pred_dim': 8, 'video_pred_dim': 16, 'recon_loss': 'SmoothL1Loss', 'loss_attra_weight': 1, 'loss_recon_weight': 1, 'uncertainty_reg_weight': 0.3, 'uncertainty_reg_margin': 5e-05, 'uncertainty_before_weight': 0.2, 'use_explicit_missing_mask': False, 'post_fusion_dim': 256, 'post_fusion_dropout': 0.3, 'H': 3.0, 'cur_time': 3, 'model_save_path': 'results/mosi/emt-dlfr/run_once/models/emt-dlfr-mosi-regression-mr0.4-11111.pth', 'device': device(type='cuda', index=2), 'tasks': 'M'}>",<mean/std>,"(71.19, 0.48)","(71.26, 0.48)","(71.8, 0.33)","(71.96, 0.32)","(34.5, 1.13)","(30.76, 1.04)","(107.41, 2.32)","(54.79, 1.1)","(133.17, 3.05)","(107.72, 2.82)"
2026-02-03_16-09-29,emt-dlfr,"<Storage{'need_task_scheduling': False, 'is_tune': False, 'train_mode': 'regression', 'modelName': 'emt-dlfr', 'datasetName': 'mosi', 'num_workers': 4, 'model_save_dir': 'results/mosi/emt-dlfr/run_once/models', 'res_save_dir': 'results/mosi/emt-dlfr/run_once/results', 'gpu_ids': [2], 'missing_rates': array([0. , 0.1, 0.2, 0.3, 0.4, 0.5, 0.6, 0.7, 0.8, 0.9, 1. ]), 'seed': 11111, 'num_seeds': 3, 'exp_name': 'moe-uncertainty', 'diff_missing': None, 'KeyEval': 'Loss', 'save_model': True, 'unified_missing': False, 'use_normalized_data': False, 'seeds': [111, 1111, 11111], 'missing_rate': (0.4, 0.4, 0.4), 'dataPath': '/mnt/HDD2/teng/Master-23/sjc/work2/EMT-DLFR-master-based/MMSA/Datasets/MOSI/Processed/unaligned_50.pkl', 'seq_lens': (50, 375, 500), 'feature_dims': (768, 5, 20), 'train_samples': 1284, 'num_classes': 3, 'language': 'en', 'missing_seed': (111, 1111, 11111), 'data_missing': True, 'deal_missing': False, 'need_data_aligned': False, 'need_model_aligned': False, 'need_normalized': False, 'use_bert': True, 'use_finetune': True, 'save_labels': False, 'early_stop': 8, 'update_epochs': 4, 'batch_size': 32, 'learning_rate_bert': 5e-05, 'learning_rate_audio': 0.001, 'learning_rate_video': 0.0001, 'learning_rate_other': 0.001, 'weight_decay_bert': 0.001, 'weight_decay_audio': 0.01, 'weight_decay_video': 0.001, 'weight_decay_other': 0.001, 'a_lstm_hidden_size': 32, 'v_lstm_hidden_size': 64, 'a_lstm_layers': 1, 'v_lstm_layers': 1, 'text_out': 768, 'audio_out': 16, 'video_out': 32, 'a_lstm_dropout': 0.0, 'v_lstm_dropout': 0.0, 't_bert_dropout': 0.1, 'd_model': 128, 'fusion_layers': 3, 'heads': 4, 'learnable_pos_emb': False, 'emb_dropout': 0.0, 'attn_dropout': 0.2, 'ff_dropout': 0.1, 'ff_expansion': 4, 'mpu_share': True, 'modality_share': True, 'layer_share': True, 'attn_act_fn': 'tanh', 'gmc_tokens_pred_dim': 128, 'text_pred_dim': 256, 'audio_pred_dim': 8, 'video_pred_dim': 16, 'recon_loss': 'SmoothL1Loss', 'loss_attra_weight': 1, 'loss_recon_weight': 1, 'uncertainty_reg_weight': 0.3, 'uncertainty_reg_margin': 5e-05, 'uncertainty_before_weight': 0.2, 'use_explicit_missing_mask': False, 'post_fusion_dim': 256, 'post_fusion_dropout': 0.3, 'H': 3.0, 'cur_time': 3, 'model_save_path': 'results/mosi/emt-dlfr/run_once/models/emt-dlfr-mosi-regression-mr0.4-11111.pth', 'device': device(type='cuda', index=2), 'tasks': 'M'}>",<max/seed>,"(71.87, 1111)","(71.93, 1111)","(72.26, 1111)","(72.4, 1111)","(35.86, 111)","(32.22, 111)","(109.43, 111)","(55.76, 1111)","(135.51, 11111)","(110.03, 111)"
2026-02-03_16-09-29,emt-dlfr,"<Storage{'need_task_scheduling': False, 'is_tune': False, 'train_mode': 'regression', 'modelName': 'emt-dlfr', 'datasetName': 'mosi', 'num_workers': 4, 'model_save_dir': 'results/mosi/emt-dlfr/run_once/models', 'res_save_dir': 'results/mosi/emt-dlfr/run_once/results', 'gpu_ids': [2], 'missing_rates': array([0. , 0.1, 0.2, 0.3, 0.4, 0.5, 0.6, 0.7, 0.8, 0.9, 1. ]), 'seed': 11111, 'num_seeds': 3, 'exp_name': 'moe-uncertainty', 'diff_missing': None, 'KeyEval': 'Loss', 'save_model': True, 'unified_missing': False, 'use_normalized_data': False, 'seeds': [111, 1111, 11111], 'missing_rate': (0.4, 0.4, 0.4), 'dataPath': '/mnt/HDD2/teng/Master-23/sjc/work2/EMT-DLFR-master-based/MMSA/Datasets/MOSI/Processed/unaligned_50.pkl', 'seq_lens': (50, 375, 500), 'feature_dims': (768, 5, 20), 'train_samples': 1284, 'num_classes': 3, 'language': 'en', 'missing_seed': (111, 1111, 11111), 'data_missing': True, 'deal_missing': False, 'need_data_aligned': False, 'need_model_aligned': False, 'need_normalized': False, 'use_bert': True, 'use_finetune': True, 'save_labels': False, 'early_stop': 8, 'update_epochs': 4, 'batch_size': 32, 'learning_rate_bert': 5e-05, 'learning_rate_audio': 0.001, 'learning_rate_video': 0.0001, 'learning_rate_other': 0.001, 'weight_decay_bert': 0.001, 'weight_decay_audio': 0.01, 'weight_decay_video': 0.001, 'weight_decay_other': 0.001, 'a_lstm_hidden_size': 32, 'v_lstm_hidden_size': 64, 'a_lstm_layers': 1, 'v_lstm_layers': 1, 'text_out': 768, 'audio_out': 16, 'video_out': 32, 'a_lstm_dropout': 0.0, 'v_lstm_dropout': 0.0, 't_bert_dropout': 0.1, 'd_model': 128, 'fusion_layers': 3, 'heads': 4, 'learnable_pos_emb': False, 'emb_dropout': 0.0, 'attn_dropout': 0.2, 'ff_dropout': 0.1, 'ff_expansion': 4, 'mpu_share': True, 'modality_share': True, 'layer_share': True, 'attn_act_fn': 'tanh', 'gmc_tokens_pred_dim': 128, 'text_pred_dim': 256, 'audio_pred_dim': 8, 'video_pred_dim': 16, 'recon_loss': 'SmoothL1Loss', 'loss_attra_weight': 1, 'loss_recon_weight': 1, 'uncertainty_reg_weight': 0.3, 'uncertainty_reg_margin': 5e-05, 'uncertainty_before_weight': 0.2, 'use_explicit_missing_mask': False, 'post_fusion_dim': 256, 'post_fusion_dropout': 0.3, 'H': 3.0, 'cur_time': 3, 'model_save_path': 'results/mosi/emt-dlfr/run_once/models/emt-dlfr-mosi-regression-mr0.4-11111.pth', 'device': device(type='cuda', index=2), 'tasks': 'M'}>",<min/seed>,"(70.85, 111)","(70.92, 111)","(71.49, 111)","(71.66, 111)","(33.09, 11111)","(29.88, 11111)","(104.16, 1111)","(53.25, 111)","(128.86, 1111)","(103.75, 1111)"
2026-02-04_02-51-21,emt-dlfr,"<Storage{'need_task_scheduling': False, 'is_tune': False, 'train_mode': 'regression', 'modelName': 'emt-dlfr', 'datasetName': 'mosi', 'num_workers': 4, 'model_save_dir': 'results/mosi/emt-dlfr/run_once/models', 'res_save_dir': 'results/mosi/emt-dlfr/run_once/results', 'gpu_ids': [2], 'missing_rates': array([0. , 0.1, 0.2, 0.3, 0.4, 0.5, 0.6, 0.7, 0.8, 0.9, 1. ]), 'seed': 11111, 'num_seeds': 3, 'exp_name': 'moe-uncertainty', 'diff_missing': None, 'KeyEval': 'Loss', 'save_model': True, 'unified_missing': False, 'use_normalized_data': False, 'seeds': [111, 1111, 11111], 'missing_rate': (0.4, 0.4, 0.4), 'dataPath': '/mnt/HDD2/teng/Master-23/sjc/work2/EMT-DLFR-master-based/MMSA/Datasets/MOSI/Processed/unaligned_50.pkl', 'seq_lens': (50, 375, 500), 'feature_dims': (768, 5, 20), 'train_samples': 1284, 'num_classes': 3, 'language': 'en', 'missing_seed': (111, 1111, 11111), 'data_missing': True, 'deal_missing': False, 'need_data_aligned': False, 'need_model_aligned': False, 'need_normalized': False, 'use_bert': True, 'use_finetune': True, 'save_labels': False, 'early_stop': 8, 'update_epochs': 4, 'batch_size': 32, 'learning_rate_bert': 5e-05, 'learning_rate_audio': 0.001, 'learning_rate_video': 0.0001, 'learning_rate_other': 0.001, 'weight_decay_bert': 0.001, 'weight_decay_audio': 0.01, 'weight_decay_video': 0.001, 'weight_decay_other': 0.001, 'a_lstm_hidden_size': 32, 'v_lstm_hidden_size': 64, 'a_lstm_layers': 1, 'v_lstm_layers': 1, 'text_out': 768, 'audio_out': 16, 'video_out': 32, 'a_lstm_dropout': 0.0, 'v_lstm_dropout': 0.0, 't_bert_dropout': 0.1, 'd_model': 128, 'fusion_layers': 3, 'heads': 4, 'learnable_pos_emb': False, 'emb_dropout': 0.0, 'attn_dropout': 0.2, 'ff_dropout': 0.1, 'ff_expansion': 4, 'mpu_share': True, 'modality_share': True, 'layer_share': True, 'attn_act_fn': 'tanh', 'gmc_tokens_pred_dim': 128, 'text_pred_dim': 256, 'audio_pred_dim': 8, 'video_pred_dim': 16, 'recon_loss': 'SmoothL1Loss', 'loss_attra_weight': 1, 'loss_recon_weight': 1, 'uncertainty_reg_weight': 0.3, 'uncertainty_reg_margin': 5e-05, 'uncertainty_before_weight': 0.1, 'use_explicit_missing_mask': True, 'use_missing_in_attention_mask': False, 'use_length_in_attention_mask': False, 'use_missing_position_embedding': True, 'post_fusion_dim': 256, 'post_fusion_dropout': 0.3, 'H': 3.0, 'cur_time': 3, 'model_save_path': 'results/mosi/emt-dlfr/run_once/models/emt-dlfr-mosi-regression-mr0.4-11111.pth', 'device': device(type='cuda', index=2), 'tasks': 'M'}>",111,72.59,72.67,73.02,73.18,33.82,31.2,106.54,56.64,132.28,107.28
2026-02-04_02-51-21,emt-dlfr,"<Storage{'need_task_scheduling': False, 'is_tune': False, 'train_mode': 'regression', 'modelName': 'emt-dlfr', 'datasetName': 'mosi', 'num_workers': 4, 'model_save_dir': 'results/mosi/emt-dlfr/run_once/models', 'res_save_dir': 'results/mosi/emt-dlfr/run_once/results', 'gpu_ids': [2], 'missing_rates': array([0. , 0.1, 0.2, 0.3, 0.4, 0.5, 0.6, 0.7, 0.8, 0.9, 1. ]), 'seed': 11111, 'num_seeds': 3, 'exp_name': 'moe-uncertainty', 'diff_missing': None, 'KeyEval': 'Loss', 'save_model': True, 'unified_missing': False, 'use_normalized_data': False, 'seeds': [111, 1111, 11111], 'missing_rate': (0.4, 0.4, 0.4), 'dataPath': '/mnt/HDD2/teng/Master-23/sjc/work2/EMT-DLFR-master-based/MMSA/Datasets/MOSI/Processed/unaligned_50.pkl', 'seq_lens': (50, 375, 500), 'feature_dims': (768, 5, 20), 'train_samples': 1284, 'num_classes': 3, 'language': 'en', 'missing_seed': (111, 1111, 11111), 'data_missing': True, 'deal_missing': False, 'need_data_aligned': False, 'need_model_aligned': False, 'need_normalized': False, 'use_bert': True, 'use_finetune': True, 'save_labels': False, 'early_stop': 8, 'update_epochs': 4, 'batch_size': 32, 'learning_rate_bert': 5e-05, 'learning_rate_audio': 0.001, 'learning_rate_video': 0.0001, 'learning_rate_other': 0.001, 'weight_decay_bert': 0.001, 'weight_decay_audio': 0.01, 'weight_decay_video': 0.001, 'weight_decay_other': 0.001, 'a_lstm_hidden_size': 32, 'v_lstm_hidden_size': 64, 'a_lstm_layers': 1, 'v_lstm_layers': 1, 'text_out': 768, 'audio_out': 16, 'video_out': 32, 'a_lstm_dropout': 0.0, 'v_lstm_dropout': 0.0, 't_bert_dropout': 0.1, 'd_model': 128, 'fusion_layers': 3, 'heads': 4, 'learnable_pos_emb': False, 'emb_dropout': 0.0, 'attn_dropout': 0.2, 'ff_dropout': 0.1, 'ff_expansion': 4, 'mpu_share': True, 'modality_share': True, 'layer_share': True, 'attn_act_fn': 'tanh', 'gmc_tokens_pred_dim': 128, 'text_pred_dim': 256, 'audio_pred_dim': 8, 'video_pred_dim': 16, 'recon_loss': 'SmoothL1Loss', 'loss_attra_weight': 1, 'loss_recon_weight': 1, 'uncertainty_reg_weight': 0.3, 'uncertainty_reg_margin': 5e-05, 'uncertainty_before_weight': 0.1, 'use_explicit_missing_mask': True, 'use_missing_in_attention_mask': False, 'use_length_in_attention_mask': False, 'use_missing_position_embedding': True, 'post_fusion_dim': 256, 'post_fusion_dropout': 0.3, 'H': 3.0, 'cur_time': 3, 'model_save_path': 'results/mosi/emt-dlfr/run_once/models/emt-dlfr-mosi-regression-mr0.4-11111.pth', 'device': device(type='cuda', index=2), 'tasks': 'M'}>",1111,73.76,73.82,74.39,74.53,32.22,28.43,108.3,54.55,139.17,110.01
2026-02-04_02-51-21,emt-dlfr,"<Storage{'need_task_scheduling': False, 'is_tune': False, 'train_mode': 'regression', 'modelName': 'emt-dlfr', 'datasetName': 'mosi', 'num_workers': 4, 'model_save_dir': 'results/mosi/emt-dlfr/run_once/models', 'res_save_dir': 'results/mosi/emt-dlfr/run_once/results', 'gpu_ids': [2], 'missing_rates': array([0. , 0.1, 0.2, 0.3, 0.4, 0.5, 0.6, 0.7, 0.8, 0.9, 1. ]), 'seed': 11111, 'num_seeds': 3, 'exp_name': 'moe-uncertainty', 'diff_missing': None, 'KeyEval': 'Loss', 'save_model': True, 'unified_missing': False, 'use_normalized_data': False, 'seeds': [111, 1111, 11111], 'missing_rate': (0.4, 0.4, 0.4), 'dataPath': '/mnt/HDD2/teng/Master-23/sjc/work2/EMT-DLFR-master-based/MMSA/Datasets/MOSI/Processed/unaligned_50.pkl', 'seq_lens': (50, 375, 500), 'feature_dims': (768, 5, 20), 'train_samples': 1284, 'num_classes': 3, 'language': 'en', 'missing_seed': (111, 1111, 11111), 'data_missing': True, 'deal_missing': False, 'need_data_aligned': False, 'need_model_aligned': False, 'need_normalized': False, 'use_bert': True, 'use_finetune': True, 'save_labels': False, 'early_stop': 8, 'update_epochs': 4, 'batch_size': 32, 'learning_rate_bert': 5e-05, 'learning_rate_audio': 0.001, 'learning_rate_video': 0.0001, 'learning_rate_other': 0.001, 'weight_decay_bert': 0.001, 'weight_decay_audio': 0.01, 'weight_decay_video': 0.001, 'weight_decay_other': 0.001, 'a_lstm_hidden_size': 32, 'v_lstm_hidden_size': 64, 'a_lstm_layers': 1, 'v_lstm_layers': 1, 'text_out': 768, 'audio_out': 16, 'video_out': 32, 'a_lstm_dropout': 0.0, 'v_lstm_dropout': 0.0, 't_bert_dropout': 0.1, 'd_model': 128, 'fusion_layers': 3, 'heads': 4, 'learnable_pos_emb': False, 'emb_dropout': 0.0, 'attn_dropout': 0.2, 'ff_dropout': 0.1, 'ff_expansion': 4, 'mpu_share': True, 'modality_share': True, 'layer_share': True, 'attn_act_fn': 'tanh', 'gmc_tokens_pred_dim': 128, 'text_pred_dim': 256, 'audio_pred_dim': 8, 'video_pred_dim': 16, 'recon_loss': 'SmoothL1Loss', 'loss_attra_weight': 1, 'loss_recon_weight': 1, 'uncertainty_reg_weight': 0.3, 'uncertainty_reg_margin': 5e-05, 'uncertainty_before_weight': 0.1, 'use_explicit_missing_mask': True, 'use_missing_in_attention_mask': False, 'use_length_in_attention_mask': False, 'use_missing_position_embedding': True, 'post_fusion_dim': 256, 'post_fusion_dropout': 0.3, 'H': 3.0, 'cur_time': 3, 'model_save_path': 'results/mosi/emt-dlfr/run_once/models/emt-dlfr-mosi-regression-mr0.4-11111.pth', 'device': device(type='cuda', index=2), 'tasks': 'M'}>",11111,72.01,72.05,72.56,72.67,34.69,31.63,107.22,53.03,130.63,107.18
2026-02-04_02-51-21,emt-dlfr,"<Storage{'need_task_scheduling': False, 'is_tune': False, 'train_mode': 'regression', 'modelName': 'emt-dlfr', 'datasetName': 'mosi', 'num_workers': 4, 'model_save_dir': 'results/mosi/emt-dlfr/run_once/models', 'res_save_dir': 'results/mosi/emt-dlfr/run_once/results', 'gpu_ids': [2], 'missing_rates': array([0. , 0.1, 0.2, 0.3, 0.4, 0.5, 0.6, 0.7, 0.8, 0.9, 1. ]), 'seed': 11111, 'num_seeds': 3, 'exp_name': 'moe-uncertainty', 'diff_missing': None, 'KeyEval': 'Loss', 'save_model': True, 'unified_missing': False, 'use_normalized_data': False, 'seeds': [111, 1111, 11111], 'missing_rate': (0.4, 0.4, 0.4), 'dataPath': '/mnt/HDD2/teng/Master-23/sjc/work2/EMT-DLFR-master-based/MMSA/Datasets/MOSI/Processed/unaligned_50.pkl', 'seq_lens': (50, 375, 500), 'feature_dims': (768, 5, 20), 'train_samples': 1284, 'num_classes': 3, 'language': 'en', 'missing_seed': (111, 1111, 11111), 'data_missing': True, 'deal_missing': False, 'need_data_aligned': False, 'need_model_aligned': False, 'need_normalized': False, 'use_bert': True, 'use_finetune': True, 'save_labels': False, 'early_stop': 8, 'update_epochs': 4, 'batch_size': 32, 'learning_rate_bert': 5e-05, 'learning_rate_audio': 0.001, 'learning_rate_video': 0.0001, 'learning_rate_other': 0.001, 'weight_decay_bert': 0.001, 'weight_decay_audio': 0.01, 'weight_decay_video': 0.001, 'weight_decay_other': 0.001, 'a_lstm_hidden_size': 32, 'v_lstm_hidden_size': 64, 'a_lstm_layers': 1, 'v_lstm_layers': 1, 'text_out': 768, 'audio_out': 16, 'video_out': 32, 'a_lstm_dropout': 0.0, 'v_lstm_dropout': 0.0, 't_bert_dropout': 0.1, 'd_model': 128, 'fusion_layers': 3, 'heads': 4, 'learnable_pos_emb': False, 'emb_dropout': 0.0, 'attn_dropout': 0.2, 'ff_dropout': 0.1, 'ff_expansion': 4, 'mpu_share': True, 'modality_share': True, 'layer_share': True, 'attn_act_fn': 'tanh', 'gmc_tokens_pred_dim': 128, 'text_pred_dim': 256, 'audio_pred_dim': 8, 'video_pred_dim': 16, 'recon_loss': 'SmoothL1Loss', 'loss_attra_weight': 1, 'loss_recon_weight': 1, 'uncertainty_reg_weight': 0.3, 'uncertainty_reg_margin': 5e-05, 'uncertainty_before_weight': 0.1, 'use_explicit_missing_mask': True, 'use_missing_in_attention_mask': False, 'use_length_in_attention_mask': False, 'use_missing_position_embedding': True, 'post_fusion_dim': 256, 'post_fusion_dropout': 0.3, 'H': 3.0, 'cur_time': 3, 'model_save_path': 'results/mosi/emt-dlfr/run_once/models/emt-dlfr-mosi-regression-mr0.4-11111.pth', 'device': device(type='cuda', index=2), 'tasks': 'M'}>",<mean/std>,"(72.79, 0.73)","(72.85, 0.73)","(73.32, 0.78)","(73.46, 0.78)","(33.58, 1.02)","(30.42, 1.42)","(107.35, 0.72)","(54.74, 1.48)","(134.03, 3.7)","(108.16, 1.31)"
2026-02-04_02-51-21,emt-dlfr,"<Storage{'need_task_scheduling': False, 'is_tune': False, 'train_mode': 'regression', 'modelName': 'emt-dlfr', 'datasetName': 'mosi', 'num_workers': 4, 'model_save_dir': 'results/mosi/emt-dlfr/run_once/models', 'res_save_dir': 'results/mosi/emt-dlfr/run_once/results', 'gpu_ids': [2], 'missing_rates': array([0. , 0.1, 0.2, 0.3, 0.4, 0.5, 0.6, 0.7, 0.8, 0.9, 1. ]), 'seed': 11111, 'num_seeds': 3, 'exp_name': 'moe-uncertainty', 'diff_missing': None, 'KeyEval': 'Loss', 'save_model': True, 'unified_missing': False, 'use_normalized_data': False, 'seeds': [111, 1111, 11111], 'missing_rate': (0.4, 0.4, 0.4), 'dataPath': '/mnt/HDD2/teng/Master-23/sjc/work2/EMT-DLFR-master-based/MMSA/Datasets/MOSI/Processed/unaligned_50.pkl', 'seq_lens': (50, 375, 500), 'feature_dims': (768, 5, 20), 'train_samples': 1284, 'num_classes': 3, 'language': 'en', 'missing_seed': (111, 1111, 11111), 'data_missing': True, 'deal_missing': False, 'need_data_aligned': False, 'need_model_aligned': False, 'need_normalized': False, 'use_bert': True, 'use_finetune': True, 'save_labels': False, 'early_stop': 8, 'update_epochs': 4, 'batch_size': 32, 'learning_rate_bert': 5e-05, 'learning_rate_audio': 0.001, 'learning_rate_video': 0.0001, 'learning_rate_other': 0.001, 'weight_decay_bert': 0.001, 'weight_decay_audio': 0.01, 'weight_decay_video': 0.001, 'weight_decay_other': 0.001, 'a_lstm_hidden_size': 32, 'v_lstm_hidden_size': 64, 'a_lstm_layers': 1, 'v_lstm_layers': 1, 'text_out': 768, 'audio_out': 16, 'video_out': 32, 'a_lstm_dropout': 0.0, 'v_lstm_dropout': 0.0, 't_bert_dropout': 0.1, 'd_model': 128, 'fusion_layers': 3, 'heads': 4, 'learnable_pos_emb': False, 'emb_dropout': 0.0, 'attn_dropout': 0.2, 'ff_dropout': 0.1, 'ff_expansion': 4, 'mpu_share': True, 'modality_share': True, 'layer_share': True, 'attn_act_fn': 'tanh', 'gmc_tokens_pred_dim': 128, 'text_pred_dim': 256, 'audio_pred_dim': 8, 'video_pred_dim': 16, 'recon_loss': 'SmoothL1Loss', 'loss_attra_weight': 1, 'loss_recon_weight': 1, 'uncertainty_reg_weight': 0.3, 'uncertainty_reg_margin': 5e-05, 'uncertainty_before_weight': 0.1, 'use_explicit_missing_mask': True, 'use_missing_in_attention_mask': False, 'use_length_in_attention_mask': False, 'use_missing_position_embedding': True, 'post_fusion_dim': 256, 'post_fusion_dropout': 0.3, 'H': 3.0, 'cur_time': 3, 'model_save_path': 'results/mosi/emt-dlfr/run_once/models/emt-dlfr-mosi-regression-mr0.4-11111.pth', 'device': device(type='cuda', index=2), 'tasks': 'M'}>",<max/seed>,"(73.76, 1111)","(73.82, 1111)","(74.39, 1111)","(74.53, 1111)","(34.69, 11111)","(31.63, 11111)","(108.3, 1111)","(56.64, 111)","(139.17, 1111)","(110.01, 1111)"
2026-02-04_02-51-21,emt-dlfr,"<Storage{'need_task_scheduling': False, 'is_tune': False, 'train_mode': 'regression', 'modelName': 'emt-dlfr', 'datasetName': 'mosi', 'num_workers': 4, 'model_save_dir': 'results/mosi/emt-dlfr/run_once/models', 'res_save_dir': 'results/mosi/emt-dlfr/run_once/results', 'gpu_ids': [2], 'missing_rates': array([0. , 0.1, 0.2, 0.3, 0.4, 0.5, 0.6, 0.7, 0.8, 0.9, 1. ]), 'seed': 11111, 'num_seeds': 3, 'exp_name': 'moe-uncertainty', 'diff_missing': None, 'KeyEval': 'Loss', 'save_model': True, 'unified_missing': False, 'use_normalized_data': False, 'seeds': [111, 1111, 11111], 'missing_rate': (0.4, 0.4, 0.4), 'dataPath': '/mnt/HDD2/teng/Master-23/sjc/work2/EMT-DLFR-master-based/MMSA/Datasets/MOSI/Processed/unaligned_50.pkl', 'seq_lens': (50, 375, 500), 'feature_dims': (768, 5, 20), 'train_samples': 1284, 'num_classes': 3, 'language': 'en', 'missing_seed': (111, 1111, 11111), 'data_missing': True, 'deal_missing': False, 'need_data_aligned': False, 'need_model_aligned': False, 'need_normalized': False, 'use_bert': True, 'use_finetune': True, 'save_labels': False, 'early_stop': 8, 'update_epochs': 4, 'batch_size': 32, 'learning_rate_bert': 5e-05, 'learning_rate_audio': 0.001, 'learning_rate_video': 0.0001, 'learning_rate_other': 0.001, 'weight_decay_bert': 0.001, 'weight_decay_audio': 0.01, 'weight_decay_video': 0.001, 'weight_decay_other': 0.001, 'a_lstm_hidden_size': 32, 'v_lstm_hidden_size': 64, 'a_lstm_layers': 1, 'v_lstm_layers': 1, 'text_out': 768, 'audio_out': 16, 'video_out': 32, 'a_lstm_dropout': 0.0, 'v_lstm_dropout': 0.0, 't_bert_dropout': 0.1, 'd_model': 128, 'fusion_layers': 3, 'heads': 4, 'learnable_pos_emb': False, 'emb_dropout': 0.0, 'attn_dropout': 0.2, 'ff_dropout': 0.1, 'ff_expansion': 4, 'mpu_share': True, 'modality_share': True, 'layer_share': True, 'attn_act_fn': 'tanh', 'gmc_tokens_pred_dim': 128, 'text_pred_dim': 256, 'audio_pred_dim': 8, 'video_pred_dim': 16, 'recon_loss': 'SmoothL1Loss', 'loss_attra_weight': 1, 'loss_recon_weight': 1, 'uncertainty_reg_weight': 0.3, 'uncertainty_reg_margin': 5e-05, 'uncertainty_before_weight': 0.1, 'use_explicit_missing_mask': True, 'use_missing_in_attention_mask': False, 'use_length_in_attention_mask': False, 'use_missing_position_embedding': True, 'post_fusion_dim': 256, 'post_fusion_dropout': 0.3, 'H': 3.0, 'cur_time': 3, 'model_save_path': 'results/mosi/emt-dlfr/run_once/models/emt-dlfr-mosi-regression-mr0.4-11111.pth', 'device': device(type='cuda', index=2), 'tasks': 'M'}>",<min/seed>,"(72.01, 11111)","(72.05, 11111)","(72.56, 11111)","(72.67, 11111)","(32.22, 1111)","(28.43, 1111)","(106.54, 111)","(53.03, 11111)","(130.63, 11111)","(107.18, 11111)"
2026-02-04_07-46-53,emt-dlfr,"<Storage{'need_task_scheduling': False, 'is_tune': False, 'train_mode': 'regression', 'modelName': 'emt-dlfr', 'datasetName': 'mosi', 'num_workers': 4, 'model_save_dir': 'results/mosi/emt-dlfr/run_once/models', 'res_save_dir': 'results/mosi/emt-dlfr/run_once/results', 'gpu_ids': [6], 'missing_rates': array([0. , 0.1, 0.2, 0.3, 0.4, 0.5, 0.6, 0.7, 0.8, 0.9, 1. ]), 'seed': 11111, 'num_seeds': 3, 'exp_name': 'moe-uncertainty', 'diff_missing': None, 'KeyEval': 'Loss', 'save_model': True, 'unified_missing': False, 'use_normalized_data': False, 'seeds': [111, 1111, 11111], 'missing_rate': (0.4, 0.4, 0.4), 'dataPath': '/mnt/HDD2/teng/Master-23/sjc/work2/EMT-DLFR-master-based/MMSA/Datasets/MOSI/Processed/unaligned_50.pkl', 'seq_lens': (50, 375, 500), 'feature_dims': (768, 5, 20), 'train_samples': 1284, 'num_classes': 3, 'language': 'en', 'missing_seed': (111, 1111, 11111), 'data_missing': True, 'deal_missing': False, 'need_data_aligned': False, 'need_model_aligned': False, 'need_normalized': False, 'use_bert': True, 'use_finetune': True, 'save_labels': False, 'early_stop': 8, 'update_epochs': 4, 'batch_size': 32, 'learning_rate_bert': 5e-05, 'learning_rate_audio': 0.001, 'learning_rate_video': 0.0001, 'learning_rate_other': 0.001, 'weight_decay_bert': 0.001, 'weight_decay_audio': 0.01, 'weight_decay_video': 0.001, 'weight_decay_other': 0.001, 'a_lstm_hidden_size': 32, 'v_lstm_hidden_size': 64, 'a_lstm_layers': 1, 'v_lstm_layers': 1, 'text_out': 768, 'audio_out': 16, 'video_out': 32, 'a_lstm_dropout': 0.0, 'v_lstm_dropout': 0.0, 't_bert_dropout': 0.1, 'd_model': 128, 'fusion_layers': 3, 'heads': 4, 'learnable_pos_emb': False, 'emb_dropout': 0.0, 'attn_dropout': 0.2, 'ff_dropout': 0.1, 'ff_expansion': 4, 'mpu_share': True, 'modality_share': True, 'layer_share': True, 'attn_act_fn': 'tanh', 'gmc_tokens_pred_dim': 128, 'text_pred_dim': 256, 'audio_pred_dim': 8, 'video_pred_dim': 16, 'recon_loss': 'SmoothL1Loss', 'loss_attra_weight': 1, 'loss_recon_weight': 1, 'uncertainty_reg_weight': 0.3, 'uncertainty_reg_margin': 5e-05, 'uncertainty_before_weight': 0.1, 'use_explicit_missing_mask': True, 'use_missing_in_attention_mask': False, 'use_length_in_attention_mask': False, 'use_missing_position_embedding': False, 'post_fusion_dim': 256, 'post_fusion_dropout': 0.3, 'H': 3.0, 'cur_time': 3, 'model_save_path': 'results/mosi/emt-dlfr/run_once/models/emt-dlfr-mosi-regression-mr0.4-11111.pth', 'device': device(type='cuda', index=6), 'tasks': 'M'}>",111,70.55,70.62,71.19,71.35,35.42,31.34,109.69,53.64,133.97,109.53
2026-02-04_07-46-53,emt-dlfr,"<Storage{'need_task_scheduling': False, 'is_tune': False, 'train_mode': 'regression', 'modelName': 'emt-dlfr', 'datasetName': 'mosi', 'num_workers': 4, 'model_save_dir': 'results/mosi/emt-dlfr/run_once/models', 'res_save_dir': 'results/mosi/emt-dlfr/run_once/results', 'gpu_ids': [6], 'missing_rates': array([0. , 0.1, 0.2, 0.3, 0.4, 0.5, 0.6, 0.7, 0.8, 0.9, 1. ]), 'seed': 11111, 'num_seeds': 3, 'exp_name': 'moe-uncertainty', 'diff_missing': None, 'KeyEval': 'Loss', 'save_model': True, 'unified_missing': False, 'use_normalized_data': False, 'seeds': [111, 1111, 11111], 'missing_rate': (0.4, 0.4, 0.4), 'dataPath': '/mnt/HDD2/teng/Master-23/sjc/work2/EMT-DLFR-master-based/MMSA/Datasets/MOSI/Processed/unaligned_50.pkl', 'seq_lens': (50, 375, 500), 'feature_dims': (768, 5, 20), 'train_samples': 1284, 'num_classes': 3, 'language': 'en', 'missing_seed': (111, 1111, 11111), 'data_missing': True, 'deal_missing': False, 'need_data_aligned': False, 'need_model_aligned': False, 'need_normalized': False, 'use_bert': True, 'use_finetune': True, 'save_labels': False, 'early_stop': 8, 'update_epochs': 4, 'batch_size': 32, 'learning_rate_bert': 5e-05, 'learning_rate_audio': 0.001, 'learning_rate_video': 0.0001, 'learning_rate_other': 0.001, 'weight_decay_bert': 0.001, 'weight_decay_audio': 0.01, 'weight_decay_video': 0.001, 'weight_decay_other': 0.001, 'a_lstm_hidden_size': 32, 'v_lstm_hidden_size': 64, 'a_lstm_layers': 1, 'v_lstm_layers': 1, 'text_out': 768, 'audio_out': 16, 'video_out': 32, 'a_lstm_dropout': 0.0, 'v_lstm_dropout': 0.0, 't_bert_dropout': 0.1, 'd_model': 128, 'fusion_layers': 3, 'heads': 4, 'learnable_pos_emb': False, 'emb_dropout': 0.0, 'attn_dropout': 0.2, 'ff_dropout': 0.1, 'ff_expansion': 4, 'mpu_share': True, 'modality_share': True, 'layer_share': True, 'attn_act_fn': 'tanh', 'gmc_tokens_pred_dim': 128, 'text_pred_dim': 256, 'audio_pred_dim': 8, 'video_pred_dim': 16, 'recon_loss': 'SmoothL1Loss', 'loss_attra_weight': 1, 'loss_recon_weight': 1, 'uncertainty_reg_weight': 0.3, 'uncertainty_reg_margin': 5e-05, 'uncertainty_before_weight': 0.1, 'use_explicit_missing_mask': True, 'use_missing_in_attention_mask': False, 'use_length_in_attention_mask': False, 'use_missing_position_embedding': False, 'post_fusion_dim': 256, 'post_fusion_dropout': 0.3, 'H': 3.0, 'cur_time': 3, 'model_save_path': 'results/mosi/emt-dlfr/run_once/models/emt-dlfr-mosi-regression-mr0.4-11111.pth', 'device': device(type='cuda', index=6), 'tasks': 'M'}>",1111,72.3,72.38,72.56,72.73,35.57,32.22,107.58,54.53,132.92,108.27
2026-02-04_07-46-53,emt-dlfr,"<Storage{'need_task_scheduling': False, 'is_tune': False, 'train_mode': 'regression', 'modelName': 'emt-dlfr', 'datasetName': 'mosi', 'num_workers': 4, 'model_save_dir': 'results/mosi/emt-dlfr/run_once/models', 'res_save_dir': 'results/mosi/emt-dlfr/run_once/results', 'gpu_ids': [6], 'missing_rates': array([0. , 0.1, 0.2, 0.3, 0.4, 0.5, 0.6, 0.7, 0.8, 0.9, 1. ]), 'seed': 11111, 'num_seeds': 3, 'exp_name': 'moe-uncertainty', 'diff_missing': None, 'KeyEval': 'Loss', 'save_model': True, 'unified_missing': False, 'use_normalized_data': False, 'seeds': [111, 1111, 11111], 'missing_rate': (0.4, 0.4, 0.4), 'dataPath': '/mnt/HDD2/teng/Master-23/sjc/work2/EMT-DLFR-master-based/MMSA/Datasets/MOSI/Processed/unaligned_50.pkl', 'seq_lens': (50, 375, 500), 'feature_dims': (768, 5, 20), 'train_samples': 1284, 'num_classes': 3, 'language': 'en', 'missing_seed': (111, 1111, 11111), 'data_missing': True, 'deal_missing': False, 'need_data_aligned': False, 'need_model_aligned': False, 'need_normalized': False, 'use_bert': True, 'use_finetune': True, 'save_labels': False, 'early_stop': 8, 'update_epochs': 4, 'batch_size': 32, 'learning_rate_bert': 5e-05, 'learning_rate_audio': 0.001, 'learning_rate_video': 0.0001, 'learning_rate_other': 0.001, 'weight_decay_bert': 0.001, 'weight_decay_audio': 0.01, 'weight_decay_video': 0.001, 'weight_decay_other': 0.001, 'a_lstm_hidden_size': 32, 'v_lstm_hidden_size': 64, 'a_lstm_layers': 1, 'v_lstm_layers': 1, 'text_out': 768, 'audio_out': 16, 'video_out': 32, 'a_lstm_dropout': 0.0, 'v_lstm_dropout': 0.0, 't_bert_dropout': 0.1, 'd_model': 128, 'fusion_layers': 3, 'heads': 4, 'learnable_pos_emb': False, 'emb_dropout': 0.0, 'attn_dropout': 0.2, 'ff_dropout': 0.1, 'ff_expansion': 4, 'mpu_share': True, 'modality_share': True, 'layer_share': True, 'attn_act_fn': 'tanh', 'gmc_tokens_pred_dim': 128, 'text_pred_dim': 256, 'audio_pred_dim': 8, 'video_pred_dim': 16, 'recon_loss': 'SmoothL1Loss', 'loss_attra_weight': 1, 'loss_recon_weight': 1, 'uncertainty_reg_weight': 0.3, 'uncertainty_reg_margin': 5e-05, 'uncertainty_before_weight': 0.1, 'use_explicit_missing_mask': True, 'use_missing_in_attention_mask': False, 'use_length_in_attention_mask': False, 'use_missing_position_embedding': False, 'post_fusion_dim': 256, 'post_fusion_dropout': 0.3, 'H': 3.0, 'cur_time': 3, 'model_save_path': 'results/mosi/emt-dlfr/run_once/models/emt-dlfr-mosi-regression-mr0.4-11111.pth', 'device': device(type='cuda', index=6), 'tasks': 'M'}>",11111,72.74,72.82,73.17,73.33,34.26,29.74,107.33,55.44,132.1,107.69
2026-02-04_07-46-53,emt-dlfr,"<Storage{'need_task_scheduling': False, 'is_tune': False, 'train_mode': 'regression', 'modelName': 'emt-dlfr', 'datasetName': 'mosi', 'num_workers': 4, 'model_save_dir': 'results/mosi/emt-dlfr/run_once/models', 'res_save_dir': 'results/mosi/emt-dlfr/run_once/results', 'gpu_ids': [6], 'missing_rates': array([0. , 0.1, 0.2, 0.3, 0.4, 0.5, 0.6, 0.7, 0.8, 0.9, 1. ]), 'seed': 11111, 'num_seeds': 3, 'exp_name': 'moe-uncertainty', 'diff_missing': None, 'KeyEval': 'Loss', 'save_model': True, 'unified_missing': False, 'use_normalized_data': False, 'seeds': [111, 1111, 11111], 'missing_rate': (0.4, 0.4, 0.4), 'dataPath': '/mnt/HDD2/teng/Master-23/sjc/work2/EMT-DLFR-master-based/MMSA/Datasets/MOSI/Processed/unaligned_50.pkl', 'seq_lens': (50, 375, 500), 'feature_dims': (768, 5, 20), 'train_samples': 1284, 'num_classes': 3, 'language': 'en', 'missing_seed': (111, 1111, 11111), 'data_missing': True, 'deal_missing': False, 'need_data_aligned': False, 'need_model_aligned': False, 'need_normalized': False, 'use_bert': True, 'use_finetune': True, 'save_labels': False, 'early_stop': 8, 'update_epochs': 4, 'batch_size': 32, 'learning_rate_bert': 5e-05, 'learning_rate_audio': 0.001, 'learning_rate_video': 0.0001, 'learning_rate_other': 0.001, 'weight_decay_bert': 0.001, 'weight_decay_audio': 0.01, 'weight_decay_video': 0.001, 'weight_decay_other': 0.001, 'a_lstm_hidden_size': 32, 'v_lstm_hidden_size': 64, 'a_lstm_layers': 1, 'v_lstm_layers': 1, 'text_out': 768, 'audio_out': 16, 'video_out': 32, 'a_lstm_dropout': 0.0, 'v_lstm_dropout': 0.0, 't_bert_dropout': 0.1, 'd_model': 128, 'fusion_layers': 3, 'heads': 4, 'learnable_pos_emb': False, 'emb_dropout': 0.0, 'attn_dropout': 0.2, 'ff_dropout': 0.1, 'ff_expansion': 4, 'mpu_share': True, 'modality_share': True, 'layer_share': True, 'attn_act_fn': 'tanh', 'gmc_tokens_pred_dim': 128, 'text_pred_dim': 256, 'audio_pred_dim': 8, 'video_pred_dim': 16, 'recon_loss': 'SmoothL1Loss', 'loss_attra_weight': 1, 'loss_recon_weight': 1, 'uncertainty_reg_weight': 0.3, 'uncertainty_reg_margin': 5e-05, 'uncertainty_before_weight': 0.1, 'use_explicit_missing_mask': True, 'use_missing_in_attention_mask': False, 'use_length_in_attention_mask': False, 'use_missing_position_embedding': False, 'post_fusion_dim': 256, 'post_fusion_dropout': 0.3, 'H': 3.0, 'cur_time': 3, 'model_save_path': 'results/mosi/emt-dlfr/run_once/models/emt-dlfr-mosi-regression-mr0.4-11111.pth', 'device': device(type='cuda', index=6), 'tasks': 'M'}>",<mean/std>,"(71.86, 0.95)","(71.94, 0.95)","(72.31, 0.83)","(72.47, 0.83)","(35.08, 0.59)","(31.1, 1.03)","(108.2, 1.06)","(54.54, 0.73)","(133.0, 0.77)","(108.49, 0.77)"
2026-02-04_07-46-53,emt-dlfr,"<Storage{'need_task_scheduling': False, 'is_tune': False, 'train_mode': 'regression', 'modelName': 'emt-dlfr', 'datasetName': 'mosi', 'num_workers': 4, 'model_save_dir': 'results/mosi/emt-dlfr/run_once/models', 'res_save_dir': 'results/mosi/emt-dlfr/run_once/results', 'gpu_ids': [6], 'missing_rates': array([0. , 0.1, 0.2, 0.3, 0.4, 0.5, 0.6, 0.7, 0.8, 0.9, 1. ]), 'seed': 11111, 'num_seeds': 3, 'exp_name': 'moe-uncertainty', 'diff_missing': None, 'KeyEval': 'Loss', 'save_model': True, 'unified_missing': False, 'use_normalized_data': False, 'seeds': [111, 1111, 11111], 'missing_rate': (0.4, 0.4, 0.4), 'dataPath': '/mnt/HDD2/teng/Master-23/sjc/work2/EMT-DLFR-master-based/MMSA/Datasets/MOSI/Processed/unaligned_50.pkl', 'seq_lens': (50, 375, 500), 'feature_dims': (768, 5, 20), 'train_samples': 1284, 'num_classes': 3, 'language': 'en', 'missing_seed': (111, 1111, 11111), 'data_missing': True, 'deal_missing': False, 'need_data_aligned': False, 'need_model_aligned': False, 'need_normalized': False, 'use_bert': True, 'use_finetune': True, 'save_labels': False, 'early_stop': 8, 'update_epochs': 4, 'batch_size': 32, 'learning_rate_bert': 5e-05, 'learning_rate_audio': 0.001, 'learning_rate_video': 0.0001, 'learning_rate_other': 0.001, 'weight_decay_bert': 0.001, 'weight_decay_audio': 0.01, 'weight_decay_video': 0.001, 'weight_decay_other': 0.001, 'a_lstm_hidden_size': 32, 'v_lstm_hidden_size': 64, 'a_lstm_layers': 1, 'v_lstm_layers': 1, 'text_out': 768, 'audio_out': 16, 'video_out': 32, 'a_lstm_dropout': 0.0, 'v_lstm_dropout': 0.0, 't_bert_dropout': 0.1, 'd_model': 128, 'fusion_layers': 3, 'heads': 4, 'learnable_pos_emb': False, 'emb_dropout': 0.0, 'attn_dropout': 0.2, 'ff_dropout': 0.1, 'ff_expansion': 4, 'mpu_share': True, 'modality_share': True, 'layer_share': True, 'attn_act_fn': 'tanh', 'gmc_tokens_pred_dim': 128, 'text_pred_dim': 256, 'audio_pred_dim': 8, 'video_pred_dim': 16, 'recon_loss': 'SmoothL1Loss', 'loss_attra_weight': 1, 'loss_recon_weight': 1, 'uncertainty_reg_weight': 0.3, 'uncertainty_reg_margin': 5e-05, 'uncertainty_before_weight': 0.1, 'use_explicit_missing_mask': True, 'use_missing_in_attention_mask': False, 'use_length_in_attention_mask': False, 'use_missing_position_embedding': False, 'post_fusion_dim': 256, 'post_fusion_dropout': 0.3, 'H': 3.0, 'cur_time': 3, 'model_save_path': 'results/mosi/emt-dlfr/run_once/models/emt-dlfr-mosi-regression-mr0.4-11111.pth', 'device': device(type='cuda', index=6), 'tasks': 'M'}>",<max/seed>,"(72.74, 11111)","(72.82, 11111)","(73.17, 11111)","(73.33, 11111)","(35.57, 1111)","(32.22, 1111)","(109.69, 111)","(55.44, 11111)","(133.97, 111)","(109.53, 111)"
2026-02-04_07-46-53,emt-dlfr,"<Storage{'need_task_scheduling': False, 'is_tune': False, 'train_mode': 'regression', 'modelName': 'emt-dlfr', 'datasetName': 'mosi', 'num_workers': 4, 'model_save_dir': 'results/mosi/emt-dlfr/run_once/models', 'res_save_dir': 'results/mosi/emt-dlfr/run_once/results', 'gpu_ids': [6], 'missing_rates': array([0. , 0.1, 0.2, 0.3, 0.4, 0.5, 0.6, 0.7, 0.8, 0.9, 1. ]), 'seed': 11111, 'num_seeds': 3, 'exp_name': 'moe-uncertainty', 'diff_missing': None, 'KeyEval': 'Loss', 'save_model': True, 'unified_missing': False, 'use_normalized_data': False, 'seeds': [111, 1111, 11111], 'missing_rate': (0.4, 0.4, 0.4), 'dataPath': '/mnt/HDD2/teng/Master-23/sjc/work2/EMT-DLFR-master-based/MMSA/Datasets/MOSI/Processed/unaligned_50.pkl', 'seq_lens': (50, 375, 500), 'feature_dims': (768, 5, 20), 'train_samples': 1284, 'num_classes': 3, 'language': 'en', 'missing_seed': (111, 1111, 11111), 'data_missing': True, 'deal_missing': False, 'need_data_aligned': False, 'need_model_aligned': False, 'need_normalized': False, 'use_bert': True, 'use_finetune': True, 'save_labels': False, 'early_stop': 8, 'update_epochs': 4, 'batch_size': 32, 'learning_rate_bert': 5e-05, 'learning_rate_audio': 0.001, 'learning_rate_video': 0.0001, 'learning_rate_other': 0.001, 'weight_decay_bert': 0.001, 'weight_decay_audio': 0.01, 'weight_decay_video': 0.001, 'weight_decay_other': 0.001, 'a_lstm_hidden_size': 32, 'v_lstm_hidden_size': 64, 'a_lstm_layers': 1, 'v_lstm_layers': 1, 'text_out': 768, 'audio_out': 16, 'video_out': 32, 'a_lstm_dropout': 0.0, 'v_lstm_dropout': 0.0, 't_bert_dropout': 0.1, 'd_model': 128, 'fusion_layers': 3, 'heads': 4, 'learnable_pos_emb': False, 'emb_dropout': 0.0, 'attn_dropout': 0.2, 'ff_dropout': 0.1, 'ff_expansion': 4, 'mpu_share': True, 'modality_share': True, 'layer_share': True, 'attn_act_fn': 'tanh', 'gmc_tokens_pred_dim': 128, 'text_pred_dim': 256, 'audio_pred_dim': 8, 'video_pred_dim': 16, 'recon_loss': 'SmoothL1Loss', 'loss_attra_weight': 1, 'loss_recon_weight': 1, 'uncertainty_reg_weight': 0.3, 'uncertainty_reg_margin': 5e-05, 'uncertainty_before_weight': 0.1, 'use_explicit_missing_mask': True, 'use_missing_in_attention_mask': False, 'use_length_in_attention_mask': False, 'use_missing_position_embedding': False, 'post_fusion_dim': 256, 'post_fusion_dropout': 0.3, 'H': 3.0, 'cur_time': 3, 'model_save_path': 'results/mosi/emt-dlfr/run_once/models/emt-dlfr-mosi-regression-mr0.4-11111.pth', 'device': device(type='cuda', index=6), 'tasks': 'M'}>",<min/seed>,"(70.55, 111)","(70.62, 111)","(71.19, 111)","(71.35, 111)","(34.26, 11111)","(29.74, 11111)","(107.33, 11111)","(53.64, 111)","(132.1, 11111)","(107.69, 11111)"
2026-02-04_13-23-40,emt-dlfr,"<Storage{'need_task_scheduling': False, 'is_tune': False, 'train_mode': 'regression', 'modelName': 'emt-dlfr', 'datasetName': 'mosi', 'num_workers': 4, 'model_save_dir': 'results/mosi/emt-dlfr/run_once/models', 'res_save_dir': 'results/mosi/emt-dlfr/run_once/results', 'gpu_ids': [6], 'missing_rates': array([0. , 0.1, 0.2, 0.3, 0.4, 0.5, 0.6, 0.7, 0.8, 0.9, 1. ]), 'seed': 11111, 'num_seeds': 3, 'exp_name': 'moe-uncertainty', 'diff_missing': None, 'KeyEval': 'Loss', 'save_model': True, 'unified_missing': False, 'use_normalized_data': False, 'seeds': [111, 1111, 11111], 'missing_rate': (0.4, 0.4, 0.4), 'dataPath': '/mnt/HDD2/teng/Master-23/sjc/work2/EMT-DLFR-master-based/MMSA/Datasets/MOSI/Processed/unaligned_50.pkl', 'seq_lens': (50, 375, 500), 'feature_dims': (768, 5, 20), 'train_samples': 1284, 'num_classes': 3, 'language': 'en', 'missing_seed': (111, 1111, 11111), 'data_missing': True, 'deal_missing': False, 'need_data_aligned': False, 'need_model_aligned': False, 'need_normalized': False, 'use_bert': True, 'use_finetune': True, 'save_labels': False, 'early_stop': 8, 'update_epochs': 4, 'batch_size': 32, 'learning_rate_bert': 5e-05, 'learning_rate_audio': 0.001, 'learning_rate_video': 0.0001, 'learning_rate_other': 0.001, 'weight_decay_bert': 0.001, 'weight_decay_audio': 0.01, 'weight_decay_video': 0.001, 'weight_decay_other': 0.001, 'a_lstm_hidden_size': 32, 'v_lstm_hidden_size': 64, 'a_lstm_layers': 1, 'v_lstm_layers': 1, 'text_out': 768, 'audio_out': 16, 'video_out': 32, 'a_lstm_dropout': 0.0, 'v_lstm_dropout': 0.0, 't_bert_dropout': 0.1, 'd_model': 128, 'fusion_layers': 3, 'heads': 4, 'learnable_pos_emb': False, 'emb_dropout': 0.0, 'attn_dropout': 0.2, 'ff_dropout': 0.1, 'ff_expansion': 4, 'mpu_share': True, 'modality_share': True, 'layer_share': True, 'attn_act_fn': 'tanh', 'gmc_tokens_pred_dim': 128, 'text_pred_dim': 256, 'audio_pred_dim': 8, 'video_pred_dim': 16, 'recon_loss': 'SmoothL1Loss', 'loss_attra_weight': 1, 'loss_recon_weight': 1, 'uncertainty_reg_weight': 0.3, 'uncertainty_reg_margin': 5e-05, 'uncertainty_before_weight': 0.1, 'use_explicit_missing_mask': True, 'use_missing_in_attention_mask': False, 'use_length_in_attention_mask': False, 'use_missing_position_embedding': True, 'post_fusion_dim': 256, 'post_fusion_dropout': 0.3, 'H': 3.0, 'cur_time': 3, 'model_save_path': 'results/mosi/emt-dlfr/run_once/models/emt-dlfr-mosi-regression-mr0.4-11111.pth', 'device': device(type='cuda', index=6), 'tasks': 'M'}>",111,72.59,72.67,73.02,73.18,33.82,31.2,106.54,56.64,132.28,107.28
2026-02-04_13-23-40,emt-dlfr,"<Storage{'need_task_scheduling': False, 'is_tune': False, 'train_mode': 'regression', 'modelName': 'emt-dlfr', 'datasetName': 'mosi', 'num_workers': 4, 'model_save_dir': 'results/mosi/emt-dlfr/run_once/models', 'res_save_dir': 'results/mosi/emt-dlfr/run_once/results', 'gpu_ids': [6], 'missing_rates': array([0. , 0.1, 0.2, 0.3, 0.4, 0.5, 0.6, 0.7, 0.8, 0.9, 1. ]), 'seed': 11111, 'num_seeds': 3, 'exp_name': 'moe-uncertainty', 'diff_missing': None, 'KeyEval': 'Loss', 'save_model': True, 'unified_missing': False, 'use_normalized_data': False, 'seeds': [111, 1111, 11111], 'missing_rate': (0.4, 0.4, 0.4), 'dataPath': '/mnt/HDD2/teng/Master-23/sjc/work2/EMT-DLFR-master-based/MMSA/Datasets/MOSI/Processed/unaligned_50.pkl', 'seq_lens': (50, 375, 500), 'feature_dims': (768, 5, 20), 'train_samples': 1284, 'num_classes': 3, 'language': 'en', 'missing_seed': (111, 1111, 11111), 'data_missing': True, 'deal_missing': False, 'need_data_aligned': False, 'need_model_aligned': False, 'need_normalized': False, 'use_bert': True, 'use_finetune': True, 'save_labels': False, 'early_stop': 8, 'update_epochs': 4, 'batch_size': 32, 'learning_rate_bert': 5e-05, 'learning_rate_audio': 0.001, 'learning_rate_video': 0.0001, 'learning_rate_other': 0.001, 'weight_decay_bert': 0.001, 'weight_decay_audio': 0.01, 'weight_decay_video': 0.001, 'weight_decay_other': 0.001, 'a_lstm_hidden_size': 32, 'v_lstm_hidden_size': 64, 'a_lstm_layers': 1, 'v_lstm_layers': 1, 'text_out': 768, 'audio_out': 16, 'video_out': 32, 'a_lstm_dropout': 0.0, 'v_lstm_dropout': 0.0, 't_bert_dropout': 0.1, 'd_model': 128, 'fusion_layers': 3, 'heads': 4, 'learnable_pos_emb': False, 'emb_dropout': 0.0, 'attn_dropout': 0.2, 'ff_dropout': 0.1, 'ff_expansion': 4, 'mpu_share': True, 'modality_share': True, 'layer_share': True, 'attn_act_fn': 'tanh', 'gmc_tokens_pred_dim': 128, 'text_pred_dim': 256, 'audio_pred_dim': 8, 'video_pred_dim': 16, 'recon_loss': 'SmoothL1Loss', 'loss_attra_weight': 1, 'loss_recon_weight': 1, 'uncertainty_reg_weight': 0.3, 'uncertainty_reg_margin': 5e-05, 'uncertainty_before_weight': 0.1, 'use_explicit_missing_mask': True, 'use_missing_in_attention_mask': False, 'use_length_in_attention_mask': False, 'use_missing_position_embedding': True, 'post_fusion_dim': 256, 'post_fusion_dropout': 0.3, 'H': 3.0, 'cur_time': 3, 'model_save_path': 'results/mosi/emt-dlfr/run_once/models/emt-dlfr-mosi-regression-mr0.4-11111.pth', 'device': device(type='cuda', index=6), 'tasks': 'M'}>",1111,73.76,73.82,74.39,74.53,32.22,28.43,108.3,54.55,139.17,110.01
2026-02-04_13-23-40,emt-dlfr,"<Storage{'need_task_scheduling': False, 'is_tune': False, 'train_mode': 'regression', 'modelName': 'emt-dlfr', 'datasetName': 'mosi', 'num_workers': 4, 'model_save_dir': 'results/mosi/emt-dlfr/run_once/models', 'res_save_dir': 'results/mosi/emt-dlfr/run_once/results', 'gpu_ids': [6], 'missing_rates': array([0. , 0.1, 0.2, 0.3, 0.4, 0.5, 0.6, 0.7, 0.8, 0.9, 1. ]), 'seed': 11111, 'num_seeds': 3, 'exp_name': 'moe-uncertainty', 'diff_missing': None, 'KeyEval': 'Loss', 'save_model': True, 'unified_missing': False, 'use_normalized_data': False, 'seeds': [111, 1111, 11111], 'missing_rate': (0.4, 0.4, 0.4), 'dataPath': '/mnt/HDD2/teng/Master-23/sjc/work2/EMT-DLFR-master-based/MMSA/Datasets/MOSI/Processed/unaligned_50.pkl', 'seq_lens': (50, 375, 500), 'feature_dims': (768, 5, 20), 'train_samples': 1284, 'num_classes': 3, 'language': 'en', 'missing_seed': (111, 1111, 11111), 'data_missing': True, 'deal_missing': False, 'need_data_aligned': False, 'need_model_aligned': False, 'need_normalized': False, 'use_bert': True, 'use_finetune': True, 'save_labels': False, 'early_stop': 8, 'update_epochs': 4, 'batch_size': 32, 'learning_rate_bert': 5e-05, 'learning_rate_audio': 0.001, 'learning_rate_video': 0.0001, 'learning_rate_other': 0.001, 'weight_decay_bert': 0.001, 'weight_decay_audio': 0.01, 'weight_decay_video': 0.001, 'weight_decay_other': 0.001, 'a_lstm_hidden_size': 32, 'v_lstm_hidden_size': 64, 'a_lstm_layers': 1, 'v_lstm_layers': 1, 'text_out': 768, 'audio_out': 16, 'video_out': 32, 'a_lstm_dropout': 0.0, 'v_lstm_dropout': 0.0, 't_bert_dropout': 0.1, 'd_model': 128, 'fusion_layers': 3, 'heads': 4, 'learnable_pos_emb': False, 'emb_dropout': 0.0, 'attn_dropout': 0.2, 'ff_dropout': 0.1, 'ff_expansion': 4, 'mpu_share': True, 'modality_share': True, 'layer_share': True, 'attn_act_fn': 'tanh', 'gmc_tokens_pred_dim': 128, 'text_pred_dim': 256, 'audio_pred_dim': 8, 'video_pred_dim': 16, 'recon_loss': 'SmoothL1Loss', 'loss_attra_weight': 1, 'loss_recon_weight': 1, 'uncertainty_reg_weight': 0.3, 'uncertainty_reg_margin': 5e-05, 'uncertainty_before_weight': 0.1, 'use_explicit_missing_mask': True, 'use_missing_in_attention_mask': False, 'use_length_in_attention_mask': False, 'use_missing_position_embedding': True, 'post_fusion_dim': 256, 'post_fusion_dropout': 0.3, 'H': 3.0, 'cur_time': 3, 'model_save_path': 'results/mosi/emt-dlfr/run_once/models/emt-dlfr-mosi-regression-mr0.4-11111.pth', 'device': device(type='cuda', index=6), 'tasks': 'M'}>",11111,72.01,72.05,72.56,72.67,34.69,31.63,107.22,53.03,130.63,107.18
2026-02-04_13-23-40,emt-dlfr,"<Storage{'need_task_scheduling': False, 'is_tune': False, 'train_mode': 'regression', 'modelName': 'emt-dlfr', 'datasetName': 'mosi', 'num_workers': 4, 'model_save_dir': 'results/mosi/emt-dlfr/run_once/models', 'res_save_dir': 'results/mosi/emt-dlfr/run_once/results', 'gpu_ids': [6], 'missing_rates': array([0. , 0.1, 0.2, 0.3, 0.4, 0.5, 0.6, 0.7, 0.8, 0.9, 1. ]), 'seed': 11111, 'num_seeds': 3, 'exp_name': 'moe-uncertainty', 'diff_missing': None, 'KeyEval': 'Loss', 'save_model': True, 'unified_missing': False, 'use_normalized_data': False, 'seeds': [111, 1111, 11111], 'missing_rate': (0.4, 0.4, 0.4), 'dataPath': '/mnt/HDD2/teng/Master-23/sjc/work2/EMT-DLFR-master-based/MMSA/Datasets/MOSI/Processed/unaligned_50.pkl', 'seq_lens': (50, 375, 500), 'feature_dims': (768, 5, 20), 'train_samples': 1284, 'num_classes': 3, 'language': 'en', 'missing_seed': (111, 1111, 11111), 'data_missing': True, 'deal_missing': False, 'need_data_aligned': False, 'need_model_aligned': False, 'need_normalized': False, 'use_bert': True, 'use_finetune': True, 'save_labels': False, 'early_stop': 8, 'update_epochs': 4, 'batch_size': 32, 'learning_rate_bert': 5e-05, 'learning_rate_audio': 0.001, 'learning_rate_video': 0.0001, 'learning_rate_other': 0.001, 'weight_decay_bert': 0.001, 'weight_decay_audio': 0.01, 'weight_decay_video': 0.001, 'weight_decay_other': 0.001, 'a_lstm_hidden_size': 32, 'v_lstm_hidden_size': 64, 'a_lstm_layers': 1, 'v_lstm_layers': 1, 'text_out': 768, 'audio_out': 16, 'video_out': 32, 'a_lstm_dropout': 0.0, 'v_lstm_dropout': 0.0, 't_bert_dropout': 0.1, 'd_model': 128, 'fusion_layers': 3, 'heads': 4, 'learnable_pos_emb': False, 'emb_dropout': 0.0, 'attn_dropout': 0.2, 'ff_dropout': 0.1, 'ff_expansion': 4, 'mpu_share': True, 'modality_share': True, 'layer_share': True, 'attn_act_fn': 'tanh', 'gmc_tokens_pred_dim': 128, 'text_pred_dim': 256, 'audio_pred_dim': 8, 'video_pred_dim': 16, 'recon_loss': 'SmoothL1Loss', 'loss_attra_weight': 1, 'loss_recon_weight': 1, 'uncertainty_reg_weight': 0.3, 'uncertainty_reg_margin': 5e-05, 'uncertainty_before_weight': 0.1, 'use_explicit_missing_mask': True, 'use_missing_in_attention_mask': False, 'use_length_in_attention_mask': False, 'use_missing_position_embedding': True, 'post_fusion_dim': 256, 'post_fusion_dropout': 0.3, 'H': 3.0, 'cur_time': 3, 'model_save_path': 'results/mosi/emt-dlfr/run_once/models/emt-dlfr-mosi-regression-mr0.4-11111.pth', 'device': device(type='cuda', index=6), 'tasks': 'M'}>",<mean/std>,"(72.79, 0.73)","(72.85, 0.73)","(73.32, 0.78)","(73.46, 0.78)","(33.58, 1.02)","(30.42, 1.42)","(107.35, 0.72)","(54.74, 1.48)","(134.03, 3.7)","(108.16, 1.31)"
2026-02-04_13-23-40,emt-dlfr,"<Storage{'need_task_scheduling': False, 'is_tune': False, 'train_mode': 'regression', 'modelName': 'emt-dlfr', 'datasetName': 'mosi', 'num_workers': 4, 'model_save_dir': 'results/mosi/emt-dlfr/run_once/models', 'res_save_dir': 'results/mosi/emt-dlfr/run_once/results', 'gpu_ids': [6], 'missing_rates': array([0. , 0.1, 0.2, 0.3, 0.4, 0.5, 0.6, 0.7, 0.8, 0.9, 1. ]), 'seed': 11111, 'num_seeds': 3, 'exp_name': 'moe-uncertainty', 'diff_missing': None, 'KeyEval': 'Loss', 'save_model': True, 'unified_missing': False, 'use_normalized_data': False, 'seeds': [111, 1111, 11111], 'missing_rate': (0.4, 0.4, 0.4), 'dataPath': '/mnt/HDD2/teng/Master-23/sjc/work2/EMT-DLFR-master-based/MMSA/Datasets/MOSI/Processed/unaligned_50.pkl', 'seq_lens': (50, 375, 500), 'feature_dims': (768, 5, 20), 'train_samples': 1284, 'num_classes': 3, 'language': 'en', 'missing_seed': (111, 1111, 11111), 'data_missing': True, 'deal_missing': False, 'need_data_aligned': False, 'need_model_aligned': False, 'need_normalized': False, 'use_bert': True, 'use_finetune': True, 'save_labels': False, 'early_stop': 8, 'update_epochs': 4, 'batch_size': 32, 'learning_rate_bert': 5e-05, 'learning_rate_audio': 0.001, 'learning_rate_video': 0.0001, 'learning_rate_other': 0.001, 'weight_decay_bert': 0.001, 'weight_decay_audio': 0.01, 'weight_decay_video': 0.001, 'weight_decay_other': 0.001, 'a_lstm_hidden_size': 32, 'v_lstm_hidden_size': 64, 'a_lstm_layers': 1, 'v_lstm_layers': 1, 'text_out': 768, 'audio_out': 16, 'video_out': 32, 'a_lstm_dropout': 0.0, 'v_lstm_dropout': 0.0, 't_bert_dropout': 0.1, 'd_model': 128, 'fusion_layers': 3, 'heads': 4, 'learnable_pos_emb': False, 'emb_dropout': 0.0, 'attn_dropout': 0.2, 'ff_dropout': 0.1, 'ff_expansion': 4, 'mpu_share': True, 'modality_share': True, 'layer_share': True, 'attn_act_fn': 'tanh', 'gmc_tokens_pred_dim': 128, 'text_pred_dim': 256, 'audio_pred_dim': 8, 'video_pred_dim': 16, 'recon_loss': 'SmoothL1Loss', 'loss_attra_weight': 1, 'loss_recon_weight': 1, 'uncertainty_reg_weight': 0.3, 'uncertainty_reg_margin': 5e-05, 'uncertainty_before_weight': 0.1, 'use_explicit_missing_mask': True, 'use_missing_in_attention_mask': False, 'use_length_in_attention_mask': False, 'use_missing_position_embedding': True, 'post_fusion_dim': 256, 'post_fusion_dropout': 0.3, 'H': 3.0, 'cur_time': 3, 'model_save_path': 'results/mosi/emt-dlfr/run_once/models/emt-dlfr-mosi-regression-mr0.4-11111.pth', 'device': device(type='cuda', index=6), 'tasks': 'M'}>",<max/seed>,"(73.76, 1111)","(73.82, 1111)","(74.39, 1111)","(74.53, 1111)","(34.69, 11111)","(31.63, 11111)","(108.3, 1111)","(56.64, 111)","(139.17, 1111)","(110.01, 1111)"
2026-02-04_13-23-40,emt-dlfr,"<Storage{'need_task_scheduling': False, 'is_tune': False, 'train_mode': 'regression', 'modelName': 'emt-dlfr', 'datasetName': 'mosi', 'num_workers': 4, 'model_save_dir': 'results/mosi/emt-dlfr/run_once/models', 'res_save_dir': 'results/mosi/emt-dlfr/run_once/results', 'gpu_ids': [6], 'missing_rates': array([0. , 0.1, 0.2, 0.3, 0.4, 0.5, 0.6, 0.7, 0.8, 0.9, 1. ]), 'seed': 11111, 'num_seeds': 3, 'exp_name': 'moe-uncertainty', 'diff_missing': None, 'KeyEval': 'Loss', 'save_model': True, 'unified_missing': False, 'use_normalized_data': False, 'seeds': [111, 1111, 11111], 'missing_rate': (0.4, 0.4, 0.4), 'dataPath': '/mnt/HDD2/teng/Master-23/sjc/work2/EMT-DLFR-master-based/MMSA/Datasets/MOSI/Processed/unaligned_50.pkl', 'seq_lens': (50, 375, 500), 'feature_dims': (768, 5, 20), 'train_samples': 1284, 'num_classes': 3, 'language': 'en', 'missing_seed': (111, 1111, 11111), 'data_missing': True, 'deal_missing': False, 'need_data_aligned': False, 'need_model_aligned': False, 'need_normalized': False, 'use_bert': True, 'use_finetune': True, 'save_labels': False, 'early_stop': 8, 'update_epochs': 4, 'batch_size': 32, 'learning_rate_bert': 5e-05, 'learning_rate_audio': 0.001, 'learning_rate_video': 0.0001, 'learning_rate_other': 0.001, 'weight_decay_bert': 0.001, 'weight_decay_audio': 0.01, 'weight_decay_video': 0.001, 'weight_decay_other': 0.001, 'a_lstm_hidden_size': 32, 'v_lstm_hidden_size': 64, 'a_lstm_layers': 1, 'v_lstm_layers': 1, 'text_out': 768, 'audio_out': 16, 'video_out': 32, 'a_lstm_dropout': 0.0, 'v_lstm_dropout': 0.0, 't_bert_dropout': 0.1, 'd_model': 128, 'fusion_layers': 3, 'heads': 4, 'learnable_pos_emb': False, 'emb_dropout': 0.0, 'attn_dropout': 0.2, 'ff_dropout': 0.1, 'ff_expansion': 4, 'mpu_share': True, 'modality_share': True, 'layer_share': True, 'attn_act_fn': 'tanh', 'gmc_tokens_pred_dim': 128, 'text_pred_dim': 256, 'audio_pred_dim': 8, 'video_pred_dim': 16, 'recon_loss': 'SmoothL1Loss', 'loss_attra_weight': 1, 'loss_recon_weight': 1, 'uncertainty_reg_weight': 0.3, 'uncertainty_reg_margin': 5e-05, 'uncertainty_before_weight': 0.1, 'use_explicit_missing_mask': True, 'use_missing_in_attention_mask': False, 'use_length_in_attention_mask': False, 'use_missing_position_embedding': True, 'post_fusion_dim': 256, 'post_fusion_dropout': 0.3, 'H': 3.0, 'cur_time': 3, 'model_save_path': 'results/mosi/emt-dlfr/run_once/models/emt-dlfr-mosi-regression-mr0.4-11111.pth', 'device': device(type='cuda', index=6), 'tasks': 'M'}>",<min/seed>,"(72.01, 11111)","(72.05, 11111)","(72.56, 11111)","(72.67, 11111)","(32.22, 1111)","(28.43, 1111)","(106.54, 111)","(53.03, 11111)","(130.63, 11111)","(107.18, 11111)"
2026-02-04_17-30-17,emt-dlfr,"<Storage{'need_task_scheduling': False, 'is_tune': False, 'train_mode': 'regression', 'modelName': 'emt-dlfr', 'datasetName': 'mosi', 'num_workers': 4, 'model_save_dir': 'results/mosi/emt-dlfr/run_once/models', 'res_save_dir': 'results/mosi/emt-dlfr/run_once/results', 'gpu_ids': [6], 'missing_rates': array([0. , 0.1, 0.2, 0.3, 0.4, 0.5, 0.6, 0.7, 0.8, 0.9, 1. ]), 'seed': 11111, 'num_seeds': 3, 'exp_name': 'moe-uncertainty', 'diff_missing': None, 'KeyEval': 'Loss', 'save_model': True, 'unified_missing': False, 'use_normalized_data': False, 'seeds': [111, 1111, 11111], 'missing_rate': (0.4, 0.4, 0.4), 'dataPath': '/mnt/HDD2/teng/Master-23/sjc/work2/EMT-DLFR-master-based/MMSA/Datasets/MOSI/Processed/unaligned_50.pkl', 'seq_lens': (50, 375, 500), 'feature_dims': (768, 5, 20), 'train_samples': 1284, 'num_classes': 3, 'language': 'en', 'missing_seed': (111, 1111, 11111), 'data_missing': True, 'deal_missing': False, 'need_data_aligned': False, 'need_model_aligned': False, 'need_normalized': False, 'use_bert': True, 'use_finetune': True, 'save_labels': False, 'early_stop': 8, 'update_epochs': 4, 'batch_size': 32, 'learning_rate_bert': 5e-05, 'learning_rate_audio': 0.001, 'learning_rate_video': 0.0001, 'learning_rate_other': 0.001, 'weight_decay_bert': 0.001, 'weight_decay_audio': 0.01, 'weight_decay_video': 0.001, 'weight_decay_other': 0.001, 'a_lstm_hidden_size': 32, 'v_lstm_hidden_size': 64, 'a_lstm_layers': 1, 'v_lstm_layers': 1, 'text_out': 768, 'audio_out': 16, 'video_out': 32, 'a_lstm_dropout': 0.0, 'v_lstm_dropout': 0.0, 't_bert_dropout': 0.1, 'd_model': 128, 'fusion_layers': 3, 'heads': 4, 'learnable_pos_emb': False, 'emb_dropout': 0.0, 'attn_dropout': 0.2, 'ff_dropout': 0.1, 'ff_expansion': 4, 'mpu_share': True, 'modality_share': True, 'layer_share': True, 'attn_act_fn': 'tanh', 'gmc_tokens_pred_dim': 128, 'text_pred_dim': 256, 'audio_pred_dim': 8, 'video_pred_dim': 16, 'recon_loss': 'SmoothL1Loss', 'loss_attra_weight': 1, 'loss_recon_weight': 1, 'uncertainty_reg_weight': 0.3, 'uncertainty_reg_margin': 5e-05, 'uncertainty_before_weight': 0.1, 'use_explicit_missing_mask': True, 'use_length_in_attention_mask': True, 'post_fusion_dim': 256, 'post_fusion_dropout': 0.3, 'H': 3.0, 'cur_time': 3, 'model_save_path': 'results/mosi/emt-dlfr/run_once/models/emt-dlfr-mosi-regression-mr0.4-11111.pth', 'device': device(type='cuda', index=6), 'tasks': 'M'}>",111,71.57,71.65,72.26,72.42,33.97,30.61,107.36,55.3,132.46,107.35
2026-02-04_17-30-17,emt-dlfr,"<Storage{'need_task_scheduling': False, 'is_tune': False, 'train_mode': 'regression', 'modelName': 'emt-dlfr', 'datasetName': 'mosi', 'num_workers': 4, 'model_save_dir': 'results/mosi/emt-dlfr/run_once/models', 'res_save_dir': 'results/mosi/emt-dlfr/run_once/results', 'gpu_ids': [6], 'missing_rates': array([0. , 0.1, 0.2, 0.3, 0.4, 0.5, 0.6, 0.7, 0.8, 0.9, 1. ]), 'seed': 11111, 'num_seeds': 3, 'exp_name': 'moe-uncertainty', 'diff_missing': None, 'KeyEval': 'Loss', 'save_model': True, 'unified_missing': False, 'use_normalized_data': False, 'seeds': [111, 1111, 11111], 'missing_rate': (0.4, 0.4, 0.4), 'dataPath': '/mnt/HDD2/teng/Master-23/sjc/work2/EMT-DLFR-master-based/MMSA/Datasets/MOSI/Processed/unaligned_50.pkl', 'seq_lens': (50, 375, 500), 'feature_dims': (768, 5, 20), 'train_samples': 1284, 'num_classes': 3, 'language': 'en', 'missing_seed': (111, 1111, 11111), 'data_missing': True, 'deal_missing': False, 'need_data_aligned': False, 'need_model_aligned': False, 'need_normalized': False, 'use_bert': True, 'use_finetune': True, 'save_labels': False, 'early_stop': 8, 'update_epochs': 4, 'batch_size': 32, 'learning_rate_bert': 5e-05, 'learning_rate_audio': 0.001, 'learning_rate_video': 0.0001, 'learning_rate_other': 0.001, 'weight_decay_bert': 0.001, 'weight_decay_audio': 0.01, 'weight_decay_video': 0.001, 'weight_decay_other': 0.001, 'a_lstm_hidden_size': 32, 'v_lstm_hidden_size': 64, 'a_lstm_layers': 1, 'v_lstm_layers': 1, 'text_out': 768, 'audio_out': 16, 'video_out': 32, 'a_lstm_dropout': 0.0, 'v_lstm_dropout': 0.0, 't_bert_dropout': 0.1, 'd_model': 128, 'fusion_layers': 3, 'heads': 4, 'learnable_pos_emb': False, 'emb_dropout': 0.0, 'attn_dropout': 0.2, 'ff_dropout': 0.1, 'ff_expansion': 4, 'mpu_share': True, 'modality_share': True, 'layer_share': True, 'attn_act_fn': 'tanh', 'gmc_tokens_pred_dim': 128, 'text_pred_dim': 256, 'audio_pred_dim': 8, 'video_pred_dim': 16, 'recon_loss': 'SmoothL1Loss', 'loss_attra_weight': 1, 'loss_recon_weight': 1, 'uncertainty_reg_weight': 0.3, 'uncertainty_reg_margin': 5e-05, 'uncertainty_before_weight': 0.1, 'use_explicit_missing_mask': True, 'use_length_in_attention_mask': True, 'post_fusion_dim': 256, 'post_fusion_dropout': 0.3, 'H': 3.0, 'cur_time': 3, 'model_save_path': 'results/mosi/emt-dlfr/run_once/models/emt-dlfr-mosi-regression-mr0.4-11111.pth', 'device': device(type='cuda', index=6), 'tasks': 'M'}>",1111,73.03,73.02,73.93,73.99,32.65,29.15,105.47,55.36,130.43,104.97
2026-02-04_17-30-17,emt-dlfr,"<Storage{'need_task_scheduling': False, 'is_tune': False, 'train_mode': 'regression', 'modelName': 'emt-dlfr', 'datasetName': 'mosi', 'num_workers': 4, 'model_save_dir': 'results/mosi/emt-dlfr/run_once/models', 'res_save_dir': 'results/mosi/emt-dlfr/run_once/results', 'gpu_ids': [6], 'missing_rates': array([0. , 0.1, 0.2, 0.3, 0.4, 0.5, 0.6, 0.7, 0.8, 0.9, 1. ]), 'seed': 11111, 'num_seeds': 3, 'exp_name': 'moe-uncertainty', 'diff_missing': None, 'KeyEval': 'Loss', 'save_model': True, 'unified_missing': False, 'use_normalized_data': False, 'seeds': [111, 1111, 11111], 'missing_rate': (0.4, 0.4, 0.4), 'dataPath': '/mnt/HDD2/teng/Master-23/sjc/work2/EMT-DLFR-master-based/MMSA/Datasets/MOSI/Processed/unaligned_50.pkl', 'seq_lens': (50, 375, 500), 'feature_dims': (768, 5, 20), 'train_samples': 1284, 'num_classes': 3, 'language': 'en', 'missing_seed': (111, 1111, 11111), 'data_missing': True, 'deal_missing': False, 'need_data_aligned': False, 'need_model_aligned': False, 'need_normalized': False, 'use_bert': True, 'use_finetune': True, 'save_labels': False, 'early_stop': 8, 'update_epochs': 4, 'batch_size': 32, 'learning_rate_bert': 5e-05, 'learning_rate_audio': 0.001, 'learning_rate_video': 0.0001, 'learning_rate_other': 0.001, 'weight_decay_bert': 0.001, 'weight_decay_audio': 0.01, 'weight_decay_video': 0.001, 'weight_decay_other': 0.001, 'a_lstm_hidden_size': 32, 'v_lstm_hidden_size': 64, 'a_lstm_layers': 1, 'v_lstm_layers': 1, 'text_out': 768, 'audio_out': 16, 'video_out': 32, 'a_lstm_dropout': 0.0, 'v_lstm_dropout': 0.0, 't_bert_dropout': 0.1, 'd_model': 128, 'fusion_layers': 3, 'heads': 4, 'learnable_pos_emb': False, 'emb_dropout': 0.0, 'attn_dropout': 0.2, 'ff_dropout': 0.1, 'ff_expansion': 4, 'mpu_share': True, 'modality_share': True, 'layer_share': True, 'attn_act_fn': 'tanh', 'gmc_tokens_pred_dim': 128, 'text_pred_dim': 256, 'audio_pred_dim': 8, 'video_pred_dim': 16, 'recon_loss': 'SmoothL1Loss', 'loss_attra_weight': 1, 'loss_recon_weight': 1, 'uncertainty_reg_weight': 0.3, 'uncertainty_reg_margin': 5e-05, 'uncertainty_before_weight': 0.1, 'use_explicit_missing_mask': True, 'use_length_in_attention_mask': True, 'post_fusion_dim': 256, 'post_fusion_dropout': 0.3, 'H': 3.0, 'cur_time': 3, 'model_save_path': 'results/mosi/emt-dlfr/run_once/models/emt-dlfr-mosi-regression-mr0.4-11111.pth', 'device': device(type='cuda', index=6), 'tasks': 'M'}>",11111,72.59,72.67,73.32,73.48,31.92,28.86,108.14,55.02,133.82,108.33
2026-02-04_17-30-17,emt-dlfr,"<Storage{'need_task_scheduling': False, 'is_tune': False, 'train_mode': 'regression', 'modelName': 'emt-dlfr', 'datasetName': 'mosi', 'num_workers': 4, 'model_save_dir': 'results/mosi/emt-dlfr/run_once/models', 'res_save_dir': 'results/mosi/emt-dlfr/run_once/results', 'gpu_ids': [6], 'missing_rates': array([0. , 0.1, 0.2, 0.3, 0.4, 0.5, 0.6, 0.7, 0.8, 0.9, 1. ]), 'seed': 11111, 'num_seeds': 3, 'exp_name': 'moe-uncertainty', 'diff_missing': None, 'KeyEval': 'Loss', 'save_model': True, 'unified_missing': False, 'use_normalized_data': False, 'seeds': [111, 1111, 11111], 'missing_rate': (0.4, 0.4, 0.4), 'dataPath': '/mnt/HDD2/teng/Master-23/sjc/work2/EMT-DLFR-master-based/MMSA/Datasets/MOSI/Processed/unaligned_50.pkl', 'seq_lens': (50, 375, 500), 'feature_dims': (768, 5, 20), 'train_samples': 1284, 'num_classes': 3, 'language': 'en', 'missing_seed': (111, 1111, 11111), 'data_missing': True, 'deal_missing': False, 'need_data_aligned': False, 'need_model_aligned': False, 'need_normalized': False, 'use_bert': True, 'use_finetune': True, 'save_labels': False, 'early_stop': 8, 'update_epochs': 4, 'batch_size': 32, 'learning_rate_bert': 5e-05, 'learning_rate_audio': 0.001, 'learning_rate_video': 0.0001, 'learning_rate_other': 0.001, 'weight_decay_bert': 0.001, 'weight_decay_audio': 0.01, 'weight_decay_video': 0.001, 'weight_decay_other': 0.001, 'a_lstm_hidden_size': 32, 'v_lstm_hidden_size': 64, 'a_lstm_layers': 1, 'v_lstm_layers': 1, 'text_out': 768, 'audio_out': 16, 'video_out': 32, 'a_lstm_dropout': 0.0, 'v_lstm_dropout': 0.0, 't_bert_dropout': 0.1, 'd_model': 128, 'fusion_layers': 3, 'heads': 4, 'learnable_pos_emb': False, 'emb_dropout': 0.0, 'attn_dropout': 0.2, 'ff_dropout': 0.1, 'ff_expansion': 4, 'mpu_share': True, 'modality_share': True, 'layer_share': True, 'attn_act_fn': 'tanh', 'gmc_tokens_pred_dim': 128, 'text_pred_dim': 256, 'audio_pred_dim': 8, 'video_pred_dim': 16, 'recon_loss': 'SmoothL1Loss', 'loss_attra_weight': 1, 'loss_recon_weight': 1, 'uncertainty_reg_weight': 0.3, 'uncertainty_reg_margin': 5e-05, 'uncertainty_before_weight': 0.1, 'use_explicit_missing_mask': True, 'use_length_in_attention_mask': True, 'post_fusion_dim': 256, 'post_fusion_dropout': 0.3, 'H': 3.0, 'cur_time': 3, 'model_save_path': 'results/mosi/emt-dlfr/run_once/models/emt-dlfr-mosi-regression-mr0.4-11111.pth', 'device': device(type='cuda', index=6), 'tasks': 'M'}>",<mean/std>,"(72.4, 0.61)","(72.45, 0.58)","(73.17, 0.69)","(73.3, 0.65)","(32.85, 0.85)","(29.54, 0.77)","(106.99, 1.12)","(55.23, 0.15)","(132.24, 1.39)","(106.88, 1.41)"
2026-02-04_17-30-17,emt-dlfr,"<Storage{'need_task_scheduling': False, 'is_tune': False, 'train_mode': 'regression', 'modelName': 'emt-dlfr', 'datasetName': 'mosi', 'num_workers': 4, 'model_save_dir': 'results/mosi/emt-dlfr/run_once/models', 'res_save_dir': 'results/mosi/emt-dlfr/run_once/results', 'gpu_ids': [6], 'missing_rates': array([0. , 0.1, 0.2, 0.3, 0.4, 0.5, 0.6, 0.7, 0.8, 0.9, 1. ]), 'seed': 11111, 'num_seeds': 3, 'exp_name': 'moe-uncertainty', 'diff_missing': None, 'KeyEval': 'Loss', 'save_model': True, 'unified_missing': False, 'use_normalized_data': False, 'seeds': [111, 1111, 11111], 'missing_rate': (0.4, 0.4, 0.4), 'dataPath': '/mnt/HDD2/teng/Master-23/sjc/work2/EMT-DLFR-master-based/MMSA/Datasets/MOSI/Processed/unaligned_50.pkl', 'seq_lens': (50, 375, 500), 'feature_dims': (768, 5, 20), 'train_samples': 1284, 'num_classes': 3, 'language': 'en', 'missing_seed': (111, 1111, 11111), 'data_missing': True, 'deal_missing': False, 'need_data_aligned': False, 'need_model_aligned': False, 'need_normalized': False, 'use_bert': True, 'use_finetune': True, 'save_labels': False, 'early_stop': 8, 'update_epochs': 4, 'batch_size': 32, 'learning_rate_bert': 5e-05, 'learning_rate_audio': 0.001, 'learning_rate_video': 0.0001, 'learning_rate_other': 0.001, 'weight_decay_bert': 0.001, 'weight_decay_audio': 0.01, 'weight_decay_video': 0.001, 'weight_decay_other': 0.001, 'a_lstm_hidden_size': 32, 'v_lstm_hidden_size': 64, 'a_lstm_layers': 1, 'v_lstm_layers': 1, 'text_out': 768, 'audio_out': 16, 'video_out': 32, 'a_lstm_dropout': 0.0, 'v_lstm_dropout': 0.0, 't_bert_dropout': 0.1, 'd_model': 128, 'fusion_layers': 3, 'heads': 4, 'learnable_pos_emb': False, 'emb_dropout': 0.0, 'attn_dropout': 0.2, 'ff_dropout': 0.1, 'ff_expansion': 4, 'mpu_share': True, 'modality_share': True, 'layer_share': True, 'attn_act_fn': 'tanh', 'gmc_tokens_pred_dim': 128, 'text_pred_dim': 256, 'audio_pred_dim': 8, 'video_pred_dim': 16, 'recon_loss': 'SmoothL1Loss', 'loss_attra_weight': 1, 'loss_recon_weight': 1, 'uncertainty_reg_weight': 0.3, 'uncertainty_reg_margin': 5e-05, 'uncertainty_before_weight': 0.1, 'use_explicit_missing_mask': True, 'use_length_in_attention_mask': True, 'post_fusion_dim': 256, 'post_fusion_dropout': 0.3, 'H': 3.0, 'cur_time': 3, 'model_save_path': 'results/mosi/emt-dlfr/run_once/models/emt-dlfr-mosi-regression-mr0.4-11111.pth', 'device': device(type='cuda', index=6), 'tasks': 'M'}>",<max/seed>,"(73.03, 1111)","(73.02, 1111)","(73.93, 1111)","(73.99, 1111)","(33.97, 111)","(30.61, 111)","(108.14, 11111)","(55.36, 1111)","(133.82, 11111)","(108.33, 11111)"
2026-02-04_17-30-17,emt-dlfr,"<Storage{'need_task_scheduling': False, 'is_tune': False, 'train_mode': 'regression', 'modelName': 'emt-dlfr', 'datasetName': 'mosi', 'num_workers': 4, 'model_save_dir': 'results/mosi/emt-dlfr/run_once/models', 'res_save_dir': 'results/mosi/emt-dlfr/run_once/results', 'gpu_ids': [6], 'missing_rates': array([0. , 0.1, 0.2, 0.3, 0.4, 0.5, 0.6, 0.7, 0.8, 0.9, 1. ]), 'seed': 11111, 'num_seeds': 3, 'exp_name': 'moe-uncertainty', 'diff_missing': None, 'KeyEval': 'Loss', 'save_model': True, 'unified_missing': False, 'use_normalized_data': False, 'seeds': [111, 1111, 11111], 'missing_rate': (0.4, 0.4, 0.4), 'dataPath': '/mnt/HDD2/teng/Master-23/sjc/work2/EMT-DLFR-master-based/MMSA/Datasets/MOSI/Processed/unaligned_50.pkl', 'seq_lens': (50, 375, 500), 'feature_dims': (768, 5, 20), 'train_samples': 1284, 'num_classes': 3, 'language': 'en', 'missing_seed': (111, 1111, 11111), 'data_missing': True, 'deal_missing': False, 'need_data_aligned': False, 'need_model_aligned': False, 'need_normalized': False, 'use_bert': True, 'use_finetune': True, 'save_labels': False, 'early_stop': 8, 'update_epochs': 4, 'batch_size': 32, 'learning_rate_bert': 5e-05, 'learning_rate_audio': 0.001, 'learning_rate_video': 0.0001, 'learning_rate_other': 0.001, 'weight_decay_bert': 0.001, 'weight_decay_audio': 0.01, 'weight_decay_video': 0.001, 'weight_decay_other': 0.001, 'a_lstm_hidden_size': 32, 'v_lstm_hidden_size': 64, 'a_lstm_layers': 1, 'v_lstm_layers': 1, 'text_out': 768, 'audio_out': 16, 'video_out': 32, 'a_lstm_dropout': 0.0, 'v_lstm_dropout': 0.0, 't_bert_dropout': 0.1, 'd_model': 128, 'fusion_layers': 3, 'heads': 4, 'learnable_pos_emb': False, 'emb_dropout': 0.0, 'attn_dropout': 0.2, 'ff_dropout': 0.1, 'ff_expansion': 4, 'mpu_share': True, 'modality_share': True, 'layer_share': True, 'attn_act_fn': 'tanh', 'gmc_tokens_pred_dim': 128, 'text_pred_dim': 256, 'audio_pred_dim': 8, 'video_pred_dim': 16, 'recon_loss': 'SmoothL1Loss', 'loss_attra_weight': 1, 'loss_recon_weight': 1, 'uncertainty_reg_weight': 0.3, 'uncertainty_reg_margin': 5e-05, 'uncertainty_before_weight': 0.1, 'use_explicit_missing_mask': True, 'use_length_in_attention_mask': True, 'post_fusion_dim': 256, 'post_fusion_dropout': 0.3, 'H': 3.0, 'cur_time': 3, 'model_save_path': 'results/mosi/emt-dlfr/run_once/models/emt-dlfr-mosi-regression-mr0.4-11111.pth', 'device': device(type='cuda', index=6), 'tasks': 'M'}>",<min/seed>,"(71.57, 111)","(71.65, 111)","(72.26, 111)","(72.42, 111)","(31.92, 11111)","(28.86, 11111)","(105.47, 1111)","(55.02, 11111)","(130.43, 1111)","(104.97, 1111)"
2026-02-05_12-37-05,emt-dlfr,"<Storage{'need_task_scheduling': False, 'is_tune': False, 'train_mode': 'regression', 'modelName': 'emt-dlfr', 'datasetName': 'mosi', 'num_workers': 4, 'model_save_dir': 'results/mosi/emt-dlfr/run_once/models', 'res_save_dir': 'results/mosi/emt-dlfr/run_once/results', 'gpu_ids': [7], 'missing_rates': array([0. , 0.1, 0.2, 0.3, 0.4, 0.5, 0.6, 0.7, 0.8, 0.9, 1. ]), 'seed': 11111, 'num_seeds': 3, 'exp_name': 'moe-uncertainty', 'diff_missing': None, 'KeyEval': 'Loss', 'save_model': True, 'unified_missing': False, 'use_normalized_data': False, 'seeds': [111, 1111, 11111], 'missing_rate': (0.4, 0.4, 0.4), 'dataPath': '/mnt/HDD2/teng/Master-23/sjc/work2/EMT-DLFR-master-based/MMSA/Datasets/MOSI/Processed/unaligned_50.pkl', 'seq_lens': (50, 375, 500), 'feature_dims': (768, 5, 20), 'train_samples': 1284, 'num_classes': 3, 'language': 'en', 'missing_seed': (111, 1111, 11111), 'data_missing': True, 'deal_missing': False, 'need_data_aligned': False, 'need_model_aligned': False, 'need_normalized': False, 'use_bert': True, 'use_finetune': True, 'save_labels': False, 'early_stop': 8, 'update_epochs': 4, 'batch_size': 32, 'learning_rate_bert': 5e-05, 'learning_rate_audio': 0.001, 'learning_rate_video': 0.0001, 'learning_rate_other': 0.001, 'weight_decay_bert': 0.001, 'weight_decay_audio': 0.01, 'weight_decay_video': 0.001, 'weight_decay_other': 0.001, 'a_lstm_hidden_size': 32, 'v_lstm_hidden_size': 64, 'a_lstm_layers': 1, 'v_lstm_layers': 1, 'text_out': 768, 'audio_out': 16, 'video_out': 32, 'a_lstm_dropout': 0.0, 'v_lstm_dropout': 0.0, 't_bert_dropout': 0.1, 'd_model': 128, 'fusion_layers': 3, 'heads': 4, 'learnable_pos_emb': False, 'emb_dropout': 0.0, 'attn_dropout': 0.2, 'ff_dropout': 0.1, 'ff_expansion': 4, 'mpu_share': True, 'modality_share': True, 'layer_share': True, 'attn_act_fn': 'tanh', 'gmc_tokens_pred_dim': 128, 'text_pred_dim': 256, 'audio_pred_dim': 8, 'video_pred_dim': 16, 'recon_loss': 'SmoothL1Loss', 'loss_attra_weight': 1, 'loss_recon_weight': 1, 'uncertainty_reg_weight': 0.3, 'uncertainty_reg_margin': 5e-05, 'uncertainty_before_weight': 0.1, 'post_fusion_dim': 256, 'post_fusion_dropout': 0.3, 'H': 3.0, 'cur_time': 3, 'model_save_path': 'results/mosi/emt-dlfr/run_once/models/emt-dlfr-mosi-regression-mr0.4-11111.pth', 'device': device(type='cuda', index=7), 'tasks': 'M'}>",111,73.47,73.54,74.09,74.24,37.32,33.09,103.14,57.32,-126.35,102.58
2026-02-05_12-37-05,emt-dlfr,"<Storage{'need_task_scheduling': False, 'is_tune': False, 'train_mode': 'regression', 'modelName': 'emt-dlfr', 'datasetName': 'mosi', 'num_workers': 4, 'model_save_dir': 'results/mosi/emt-dlfr/run_once/models', 'res_save_dir': 'results/mosi/emt-dlfr/run_once/results', 'gpu_ids': [7], 'missing_rates': array([0. , 0.1, 0.2, 0.3, 0.4, 0.5, 0.6, 0.7, 0.8, 0.9, 1. ]), 'seed': 11111, 'num_seeds': 3, 'exp_name': 'moe-uncertainty', 'diff_missing': None, 'KeyEval': 'Loss', 'save_model': True, 'unified_missing': False, 'use_normalized_data': False, 'seeds': [111, 1111, 11111], 'missing_rate': (0.4, 0.4, 0.4), 'dataPath': '/mnt/HDD2/teng/Master-23/sjc/work2/EMT-DLFR-master-based/MMSA/Datasets/MOSI/Processed/unaligned_50.pkl', 'seq_lens': (50, 375, 500), 'feature_dims': (768, 5, 20), 'train_samples': 1284, 'num_classes': 3, 'language': 'en', 'missing_seed': (111, 1111, 11111), 'data_missing': True, 'deal_missing': False, 'need_data_aligned': False, 'need_model_aligned': False, 'need_normalized': False, 'use_bert': True, 'use_finetune': True, 'save_labels': False, 'early_stop': 8, 'update_epochs': 4, 'batch_size': 32, 'learning_rate_bert': 5e-05, 'learning_rate_audio': 0.001, 'learning_rate_video': 0.0001, 'learning_rate_other': 0.001, 'weight_decay_bert': 0.001, 'weight_decay_audio': 0.01, 'weight_decay_video': 0.001, 'weight_decay_other': 0.001, 'a_lstm_hidden_size': 32, 'v_lstm_hidden_size': 64, 'a_lstm_layers': 1, 'v_lstm_layers': 1, 'text_out': 768, 'audio_out': 16, 'video_out': 32, 'a_lstm_dropout': 0.0, 'v_lstm_dropout': 0.0, 't_bert_dropout': 0.1, 'd_model': 128, 'fusion_layers': 3, 'heads': 4, 'learnable_pos_emb': False, 'emb_dropout': 0.0, 'attn_dropout': 0.2, 'ff_dropout': 0.1, 'ff_expansion': 4, 'mpu_share': True, 'modality_share': True, 'layer_share': True, 'attn_act_fn': 'tanh', 'gmc_tokens_pred_dim': 128, 'text_pred_dim': 256, 'audio_pred_dim': 8, 'video_pred_dim': 16, 'recon_loss': 'SmoothL1Loss', 'loss_attra_weight': 1, 'loss_recon_weight': 1, 'uncertainty_reg_weight': 0.3, 'uncertainty_reg_margin': 5e-05, 'uncertainty_before_weight': 0.1, 'post_fusion_dim': 256, 'post_fusion_dropout': 0.3, 'H': 3.0, 'cur_time': 3, 'model_save_path': 'results/mosi/emt-dlfr/run_once/models/emt-dlfr-mosi-regression-mr0.4-11111.pth', 'device': device(type='cuda', index=7), 'tasks': 'M'}>",1111,73.62,73.67,74.54,74.67,36.73,32.51,102.07,57.95,-129.97,103.1
2026-02-05_12-37-05,emt-dlfr,"<Storage{'need_task_scheduling': False, 'is_tune': False, 'train_mode': 'regression', 'modelName': 'emt-dlfr', 'datasetName': 'mosi', 'num_workers': 4, 'model_save_dir': 'results/mosi/emt-dlfr/run_once/models', 'res_save_dir': 'results/mosi/emt-dlfr/run_once/results', 'gpu_ids': [7], 'missing_rates': array([0. , 0.1, 0.2, 0.3, 0.4, 0.5, 0.6, 0.7, 0.8, 0.9, 1. ]), 'seed': 11111, 'num_seeds': 3, 'exp_name': 'moe-uncertainty', 'diff_missing': None, 'KeyEval': 'Loss', 'save_model': True, 'unified_missing': False, 'use_normalized_data': False, 'seeds': [111, 1111, 11111], 'missing_rate': (0.4, 0.4, 0.4), 'dataPath': '/mnt/HDD2/teng/Master-23/sjc/work2/EMT-DLFR-master-based/MMSA/Datasets/MOSI/Processed/unaligned_50.pkl', 'seq_lens': (50, 375, 500), 'feature_dims': (768, 5, 20), 'train_samples': 1284, 'num_classes': 3, 'language': 'en', 'missing_seed': (111, 1111, 11111), 'data_missing': True, 'deal_missing': False, 'need_data_aligned': False, 'need_model_aligned': False, 'need_normalized': False, 'use_bert': True, 'use_finetune': True, 'save_labels': False, 'early_stop': 8, 'update_epochs': 4, 'batch_size': 32, 'learning_rate_bert': 5e-05, 'learning_rate_audio': 0.001, 'learning_rate_video': 0.0001, 'learning_rate_other': 0.001, 'weight_decay_bert': 0.001, 'weight_decay_audio': 0.01, 'weight_decay_video': 0.001, 'weight_decay_other': 0.001, 'a_lstm_hidden_size': 32, 'v_lstm_hidden_size': 64, 'a_lstm_layers': 1, 'v_lstm_layers': 1, 'text_out': 768, 'audio_out': 16, 'video_out': 32, 'a_lstm_dropout': 0.0, 'v_lstm_dropout': 0.0, 't_bert_dropout': 0.1, 'd_model': 128, 'fusion_layers': 3, 'heads': 4, 'learnable_pos_emb': False, 'emb_dropout': 0.0, 'attn_dropout': 0.2, 'ff_dropout': 0.1, 'ff_expansion': 4, 'mpu_share': True, 'modality_share': True, 'layer_share': True, 'attn_act_fn': 'tanh', 'gmc_tokens_pred_dim': 128, 'text_pred_dim': 256, 'audio_pred_dim': 8, 'video_pred_dim': 16, 'recon_loss': 'SmoothL1Loss', 'loss_attra_weight': 1, 'loss_recon_weight': 1, 'uncertainty_reg_weight': 0.3, 'uncertainty_reg_margin': 5e-05, 'uncertainty_before_weight': 0.1, 'post_fusion_dim': 256, 'post_fusion_dropout': 0.3, 'H': 3.0, 'cur_time': 3, 'model_save_path': 'results/mosi/emt-dlfr/run_once/models/emt-dlfr-mosi-regression-mr0.4-11111.pth', 'device': device(type='cuda', index=7), 'tasks': 'M'}>",11111,72.59,72.67,73.32,73.48,36.59,31.34,106.82,56.54,-112.51,106.87
2026-02-05_12-37-05,emt-dlfr,"<Storage{'need_task_scheduling': False, 'is_tune': False, 'train_mode': 'regression', 'modelName': 'emt-dlfr', 'datasetName': 'mosi', 'num_workers': 4, 'model_save_dir': 'results/mosi/emt-dlfr/run_once/models', 'res_save_dir': 'results/mosi/emt-dlfr/run_once/results', 'gpu_ids': [7], 'missing_rates': array([0. , 0.1, 0.2, 0.3, 0.4, 0.5, 0.6, 0.7, 0.8, 0.9, 1. ]), 'seed': 11111, 'num_seeds': 3, 'exp_name': 'moe-uncertainty', 'diff_missing': None, 'KeyEval': 'Loss', 'save_model': True, 'unified_missing': False, 'use_normalized_data': False, 'seeds': [111, 1111, 11111], 'missing_rate': (0.4, 0.4, 0.4), 'dataPath': '/mnt/HDD2/teng/Master-23/sjc/work2/EMT-DLFR-master-based/MMSA/Datasets/MOSI/Processed/unaligned_50.pkl', 'seq_lens': (50, 375, 500), 'feature_dims': (768, 5, 20), 'train_samples': 1284, 'num_classes': 3, 'language': 'en', 'missing_seed': (111, 1111, 11111), 'data_missing': True, 'deal_missing': False, 'need_data_aligned': False, 'need_model_aligned': False, 'need_normalized': False, 'use_bert': True, 'use_finetune': True, 'save_labels': False, 'early_stop': 8, 'update_epochs': 4, 'batch_size': 32, 'learning_rate_bert': 5e-05, 'learning_rate_audio': 0.001, 'learning_rate_video': 0.0001, 'learning_rate_other': 0.001, 'weight_decay_bert': 0.001, 'weight_decay_audio': 0.01, 'weight_decay_video': 0.001, 'weight_decay_other': 0.001, 'a_lstm_hidden_size': 32, 'v_lstm_hidden_size': 64, 'a_lstm_layers': 1, 'v_lstm_layers': 1, 'text_out': 768, 'audio_out': 16, 'video_out': 32, 'a_lstm_dropout': 0.0, 'v_lstm_dropout': 0.0, 't_bert_dropout': 0.1, 'd_model': 128, 'fusion_layers': 3, 'heads': 4, 'learnable_pos_emb': False, 'emb_dropout': 0.0, 'attn_dropout': 0.2, 'ff_dropout': 0.1, 'ff_expansion': 4, 'mpu_share': True, 'modality_share': True, 'layer_share': True, 'attn_act_fn': 'tanh', 'gmc_tokens_pred_dim': 128, 'text_pred_dim': 256, 'audio_pred_dim': 8, 'video_pred_dim': 16, 'recon_loss': 'SmoothL1Loss', 'loss_attra_weight': 1, 'loss_recon_weight': 1, 'uncertainty_reg_weight': 0.3, 'uncertainty_reg_margin': 5e-05, 'uncertainty_before_weight': 0.1, 'post_fusion_dim': 256, 'post_fusion_dropout': 0.3, 'H': 3.0, 'cur_time': 3, 'model_save_path': 'results/mosi/emt-dlfr/run_once/models/emt-dlfr-mosi-regression-mr0.4-11111.pth', 'device': device(type='cuda', index=7), 'tasks': 'M'}>",<mean/std>,"(73.23, 0.45)","(73.29, 0.44)","(73.98, 0.5)","(74.13, 0.49)","(36.88, 0.32)","(32.31, 0.73)","(104.01, 2.03)","(57.27, 0.58)","(-122.94, 7.52)","(104.18, 1.91)"
2026-02-05_12-37-05,emt-dlfr,"<Storage{'need_task_scheduling': False, 'is_tune': False, 'train_mode': 'regression', 'modelName': 'emt-dlfr', 'datasetName': 'mosi', 'num_workers': 4, 'model_save_dir': 'results/mosi/emt-dlfr/run_once/models', 'res_save_dir': 'results/mosi/emt-dlfr/run_once/results', 'gpu_ids': [7], 'missing_rates': array([0. , 0.1, 0.2, 0.3, 0.4, 0.5, 0.6, 0.7, 0.8, 0.9, 1. ]), 'seed': 11111, 'num_seeds': 3, 'exp_name': 'moe-uncertainty', 'diff_missing': None, 'KeyEval': 'Loss', 'save_model': True, 'unified_missing': False, 'use_normalized_data': False, 'seeds': [111, 1111, 11111], 'missing_rate': (0.4, 0.4, 0.4), 'dataPath': '/mnt/HDD2/teng/Master-23/sjc/work2/EMT-DLFR-master-based/MMSA/Datasets/MOSI/Processed/unaligned_50.pkl', 'seq_lens': (50, 375, 500), 'feature_dims': (768, 5, 20), 'train_samples': 1284, 'num_classes': 3, 'language': 'en', 'missing_seed': (111, 1111, 11111), 'data_missing': True, 'deal_missing': False, 'need_data_aligned': False, 'need_model_aligned': False, 'need_normalized': False, 'use_bert': True, 'use_finetune': True, 'save_labels': False, 'early_stop': 8, 'update_epochs': 4, 'batch_size': 32, 'learning_rate_bert': 5e-05, 'learning_rate_audio': 0.001, 'learning_rate_video': 0.0001, 'learning_rate_other': 0.001, 'weight_decay_bert': 0.001, 'weight_decay_audio': 0.01, 'weight_decay_video': 0.001, 'weight_decay_other': 0.001, 'a_lstm_hidden_size': 32, 'v_lstm_hidden_size': 64, 'a_lstm_layers': 1, 'v_lstm_layers': 1, 'text_out': 768, 'audio_out': 16, 'video_out': 32, 'a_lstm_dropout': 0.0, 'v_lstm_dropout': 0.0, 't_bert_dropout': 0.1, 'd_model': 128, 'fusion_layers': 3, 'heads': 4, 'learnable_pos_emb': False, 'emb_dropout': 0.0, 'attn_dropout': 0.2, 'ff_dropout': 0.1, 'ff_expansion': 4, 'mpu_share': True, 'modality_share': True, 'layer_share': True, 'attn_act_fn': 'tanh', 'gmc_tokens_pred_dim': 128, 'text_pred_dim': 256, 'audio_pred_dim': 8, 'video_pred_dim': 16, 'recon_loss': 'SmoothL1Loss', 'loss_attra_weight': 1, 'loss_recon_weight': 1, 'uncertainty_reg_weight': 0.3, 'uncertainty_reg_margin': 5e-05, 'uncertainty_before_weight': 0.1, 'post_fusion_dim': 256, 'post_fusion_dropout': 0.3, 'H': 3.0, 'cur_time': 3, 'model_save_path': 'results/mosi/emt-dlfr/run_once/models/emt-dlfr-mosi-regression-mr0.4-11111.pth', 'device': device(type='cuda', index=7), 'tasks': 'M'}>",<max/seed>,"(73.62, 1111)","(73.67, 1111)","(74.54, 1111)","(74.67, 1111)","(37.32, 111)","(33.09, 111)","(106.82, 11111)","(57.95, 1111)","(-112.51, 11111)","(106.87, 11111)"
2026-02-05_12-37-05,emt-dlfr,"<Storage{'need_task_scheduling': False, 'is_tune': False, 'train_mode': 'regression', 'modelName': 'emt-dlfr', 'datasetName': 'mosi', 'num_workers': 4, 'model_save_dir': 'results/mosi/emt-dlfr/run_once/models', 'res_save_dir': 'results/mosi/emt-dlfr/run_once/results', 'gpu_ids': [7], 'missing_rates': array([0. , 0.1, 0.2, 0.3, 0.4, 0.5, 0.6, 0.7, 0.8, 0.9, 1. ]), 'seed': 11111, 'num_seeds': 3, 'exp_name': 'moe-uncertainty', 'diff_missing': None, 'KeyEval': 'Loss', 'save_model': True, 'unified_missing': False, 'use_normalized_data': False, 'seeds': [111, 1111, 11111], 'missing_rate': (0.4, 0.4, 0.4), 'dataPath': '/mnt/HDD2/teng/Master-23/sjc/work2/EMT-DLFR-master-based/MMSA/Datasets/MOSI/Processed/unaligned_50.pkl', 'seq_lens': (50, 375, 500), 'feature_dims': (768, 5, 20), 'train_samples': 1284, 'num_classes': 3, 'language': 'en', 'missing_seed': (111, 1111, 11111), 'data_missing': True, 'deal_missing': False, 'need_data_aligned': False, 'need_model_aligned': False, 'need_normalized': False, 'use_bert': True, 'use_finetune': True, 'save_labels': False, 'early_stop': 8, 'update_epochs': 4, 'batch_size': 32, 'learning_rate_bert': 5e-05, 'learning_rate_audio': 0.001, 'learning_rate_video': 0.0001, 'learning_rate_other': 0.001, 'weight_decay_bert': 0.001, 'weight_decay_audio': 0.01, 'weight_decay_video': 0.001, 'weight_decay_other': 0.001, 'a_lstm_hidden_size': 32, 'v_lstm_hidden_size': 64, 'a_lstm_layers': 1, 'v_lstm_layers': 1, 'text_out': 768, 'audio_out': 16, 'video_out': 32, 'a_lstm_dropout': 0.0, 'v_lstm_dropout': 0.0, 't_bert_dropout': 0.1, 'd_model': 128, 'fusion_layers': 3, 'heads': 4, 'learnable_pos_emb': False, 'emb_dropout': 0.0, 'attn_dropout': 0.2, 'ff_dropout': 0.1, 'ff_expansion': 4, 'mpu_share': True, 'modality_share': True, 'layer_share': True, 'attn_act_fn': 'tanh', 'gmc_tokens_pred_dim': 128, 'text_pred_dim': 256, 'audio_pred_dim': 8, 'video_pred_dim': 16, 'recon_loss': 'SmoothL1Loss', 'loss_attra_weight': 1, 'loss_recon_weight': 1, 'uncertainty_reg_weight': 0.3, 'uncertainty_reg_margin': 5e-05, 'uncertainty_before_weight': 0.1, 'post_fusion_dim': 256, 'post_fusion_dropout': 0.3, 'H': 3.0, 'cur_time': 3, 'model_save_path': 'results/mosi/emt-dlfr/run_once/models/emt-dlfr-mosi-regression-mr0.4-11111.pth', 'device': device(type='cuda', index=7), 'tasks': 'M'}>",<min/seed>,"(72.59, 11111)","(72.67, 11111)","(73.32, 11111)","(73.48, 11111)","(36.59, 11111)","(31.34, 11111)","(102.07, 1111)","(56.54, 11111)","(-129.97, 1111)","(102.58, 111)"
2026-02-05_12-02-45,emt-dlfr,"<Storage{'need_task_scheduling': False, 'is_tune': False, 'train_mode': 'regression', 'modelName': 'emt-dlfr', 'datasetName': 'mosi', 'num_workers': 4, 'model_save_dir': 'results/mosi/emt-dlfr/run_once/models', 'res_save_dir': 'results/mosi/emt-dlfr/run_once/results', 'gpu_ids': [7], 'missing_rates': array([0. , 0.1, 0.2, 0.3, 0.4, 0.5, 0.6, 0.7, 0.8, 0.9, 1. ]), 'seed': 11111, 'num_seeds': 3, 'exp_name': 'moe-uncertainty', 'diff_missing': None, 'KeyEval': 'Loss', 'save_model': True, 'unified_missing': False, 'use_normalized_data': False, 'seeds': [111, 1111, 11111], 'missing_rate': (0.4, 0.4, 0.4), 'dataPath': '/mnt/HDD2/teng/Master-23/sjc/work2/EMT-DLFR-master-based/MMSA/Datasets/MOSI/Processed/unaligned_50.pkl', 'seq_lens': (50, 375, 500), 'feature_dims': (768, 5, 20), 'train_samples': 1284, 'num_classes': 3, 'language': 'en', 'missing_seed': (111, 1111, 11111), 'data_missing': True, 'deal_missing': False, 'need_data_aligned': False, 'need_model_aligned': False, 'need_normalized': False, 'use_bert': True, 'use_finetune': True, 'save_labels': False, 'early_stop': 8, 'update_epochs': 4, 'batch_size': 32, 'learning_rate_bert': 5e-05, 'learning_rate_audio': 0.001, 'learning_rate_video': 0.0001, 'learning_rate_other': 0.001, 'weight_decay_bert': 0.001, 'weight_decay_audio': 0.01, 'weight_decay_video': 0.001, 'weight_decay_other': 0.001, 'a_lstm_hidden_size': 32, 'v_lstm_hidden_size': 64, 'a_lstm_layers': 1, 'v_lstm_layers': 1, 'text_out': 768, 'audio_out': 16, 'video_out': 32, 'a_lstm_dropout': 0.0, 'v_lstm_dropout': 0.0, 't_bert_dropout': 0.1, 'd_model': 128, 'fusion_layers': 3, 'heads': 4, 'learnable_pos_emb': False, 'emb_dropout': 0.0, 'attn_dropout': 0.2, 'ff_dropout': 0.1, 'ff_expansion': 4, 'mpu_share': True, 'modality_share': True, 'layer_share': True, 'attn_act_fn': 'tanh', 'gmc_tokens_pred_dim': 128, 'text_pred_dim': 256, 'audio_pred_dim': 8, 'video_pred_dim': 16, 'recon_loss': 'SmoothL1Loss', 'loss_attra_weight': 1, 'loss_recon_weight': 1, 'uncertainty_reg_weight': 0.3, 'uncertainty_reg_margin': 5e-05, 'uncertainty_before_weight': 0.1, 'post_fusion_dim': 256, 'post_fusion_dropout': 0.3, 'H': 3.0, 'cur_time': 3, 'model_save_path': 'results/mosi/emt-dlfr/run_once/models/emt-dlfr-mosi-regression-mr0.4-11111.pth', 'device': device(type='cuda', index=7), 'tasks': 'M'}>",111,74.05,73.96,74.85,74.82,39.8,35.71,100.71,58.05,-123.66,100.63
2026-02-05_12-02-45,emt-dlfr,"<Storage{'need_task_scheduling': False, 'is_tune': False, 'train_mode': 'regression', 'modelName': 'emt-dlfr', 'datasetName': 'mosi', 'num_workers': 4, 'model_save_dir': 'results/mosi/emt-dlfr/run_once/models', 'res_save_dir': 'results/mosi/emt-dlfr/run_once/results', 'gpu_ids': [7], 'missing_rates': array([0. , 0.1, 0.2, 0.3, 0.4, 0.5, 0.6, 0.7, 0.8, 0.9, 1. ]), 'seed': 11111, 'num_seeds': 3, 'exp_name': 'moe-uncertainty', 'diff_missing': None, 'KeyEval': 'Loss', 'save_model': True, 'unified_missing': False, 'use_normalized_data': False, 'seeds': [111, 1111, 11111], 'missing_rate': (0.4, 0.4, 0.4), 'dataPath': '/mnt/HDD2/teng/Master-23/sjc/work2/EMT-DLFR-master-based/MMSA/Datasets/MOSI/Processed/unaligned_50.pkl', 'seq_lens': (50, 375, 500), 'feature_dims': (768, 5, 20), 'train_samples': 1284, 'num_classes': 3, 'language': 'en', 'missing_seed': (111, 1111, 11111), 'data_missing': True, 'deal_missing': False, 'need_data_aligned': False, 'need_model_aligned': False, 'need_normalized': False, 'use_bert': True, 'use_finetune': True, 'save_labels': False, 'early_stop': 8, 'update_epochs': 4, 'batch_size': 32, 'learning_rate_bert': 5e-05, 'learning_rate_audio': 0.001, 'learning_rate_video': 0.0001, 'learning_rate_other': 0.001, 'weight_decay_bert': 0.001, 'weight_decay_audio': 0.01, 'weight_decay_video': 0.001, 'weight_decay_other': 0.001, 'a_lstm_hidden_size': 32, 'v_lstm_hidden_size': 64, 'a_lstm_layers': 1, 'v_lstm_layers': 1, 'text_out': 768, 'audio_out': 16, 'video_out': 32, 'a_lstm_dropout': 0.0, 'v_lstm_dropout': 0.0, 't_bert_dropout': 0.1, 'd_model': 128, 'fusion_layers': 3, 'heads': 4, 'learnable_pos_emb': False, 'emb_dropout': 0.0, 'attn_dropout': 0.2, 'ff_dropout': 0.1, 'ff_expansion': 4, 'mpu_share': True, 'modality_share': True, 'layer_share': True, 'attn_act_fn': 'tanh', 'gmc_tokens_pred_dim': 128, 'text_pred_dim': 256, 'audio_pred_dim': 8, 'video_pred_dim': 16, 'recon_loss': 'SmoothL1Loss', 'loss_attra_weight': 1, 'loss_recon_weight': 1, 'uncertainty_reg_weight': 0.3, 'uncertainty_reg_margin': 5e-05, 'uncertainty_before_weight': 0.1, 'post_fusion_dim': 256, 'post_fusion_dropout': 0.3, 'H': 3.0, 'cur_time': 3, 'model_save_path': 'results/mosi/emt-dlfr/run_once/models/emt-dlfr-mosi-regression-mr0.4-11111.pth', 'device': device(type='cuda', index=7), 'tasks': 'M'}>",1111,73.62,73.68,74.7,74.84,37.17,33.24,101.69,58.38,-134.03,101.6
2026-02-05_12-02-45,emt-dlfr,"<Storage{'need_task_scheduling': False, 'is_tune': False, 'train_mode': 'regression', 'modelName': 'emt-dlfr', 'datasetName': 'mosi', 'num_workers': 4, 'model_save_dir': 'results/mosi/emt-dlfr/run_once/models', 'res_save_dir': 'results/mosi/emt-dlfr/run_once/results', 'gpu_ids': [7], 'missing_rates': array([0. , 0.1, 0.2, 0.3, 0.4, 0.5, 0.6, 0.7, 0.8, 0.9, 1. ]), 'seed': 11111, 'num_seeds': 3, 'exp_name': 'moe-uncertainty', 'diff_missing': None, 'KeyEval': 'Loss', 'save_model': True, 'unified_missing': False, 'use_normalized_data': False, 'seeds': [111, 1111, 11111], 'missing_rate': (0.4, 0.4, 0.4), 'dataPath': '/mnt/HDD2/teng/Master-23/sjc/work2/EMT-DLFR-master-based/MMSA/Datasets/MOSI/Processed/unaligned_50.pkl', 'seq_lens': (50, 375, 500), 'feature_dims': (768, 5, 20), 'train_samples': 1284, 'num_classes': 3, 'language': 'en', 'missing_seed': (111, 1111, 11111), 'data_missing': True, 'deal_missing': False, 'need_data_aligned': False, 'need_model_aligned': False, 'need_normalized': False, 'use_bert': True, 'use_finetune': True, 'save_labels': False, 'early_stop': 8, 'update_epochs': 4, 'batch_size': 32, 'learning_rate_bert': 5e-05, 'learning_rate_audio': 0.001, 'learning_rate_video': 0.0001, 'learning_rate_other': 0.001, 'weight_decay_bert': 0.001, 'weight_decay_audio': 0.01, 'weight_decay_video': 0.001, 'weight_decay_other': 0.001, 'a_lstm_hidden_size': 32, 'v_lstm_hidden_size': 64, 'a_lstm_layers': 1, 'v_lstm_layers': 1, 'text_out': 768, 'audio_out': 16, 'video_out': 32, 'a_lstm_dropout': 0.0, 'v_lstm_dropout': 0.0, 't_bert_dropout': 0.1, 'd_model': 128, 'fusion_layers': 3, 'heads': 4, 'learnable_pos_emb': False, 'emb_dropout': 0.0, 'attn_dropout': 0.2, 'ff_dropout': 0.1, 'ff_expansion': 4, 'mpu_share': True, 'modality_share': True, 'layer_share': True, 'attn_act_fn': 'tanh', 'gmc_tokens_pred_dim': 128, 'text_pred_dim': 256, 'audio_pred_dim': 8, 'video_pred_dim': 16, 'recon_loss': 'SmoothL1Loss', 'loss_attra_weight': 1, 'loss_recon_weight': 1, 'uncertainty_reg_weight': 0.3, 'uncertainty_reg_margin': 5e-05, 'uncertainty_before_weight': 0.1, 'post_fusion_dim': 256, 'post_fusion_dropout': 0.3, 'H': 3.0, 'cur_time': 3, 'model_save_path': 'results/mosi/emt-dlfr/run_once/models/emt-dlfr-mosi-regression-mr0.4-11111.pth', 'device': device(type='cuda', index=7), 'tasks': 'M'}>",11111,72.89,72.95,73.48,73.62,36.3,31.34,105.85,55.98,-123.23,106.09
2026-02-05_12-02-45,emt-dlfr,"<Storage{'need_task_scheduling': False, 'is_tune': False, 'train_mode': 'regression', 'modelName': 'emt-dlfr', 'datasetName': 'mosi', 'num_workers': 4, 'model_save_dir': 'results/mosi/emt-dlfr/run_once/models', 'res_save_dir': 'results/mosi/emt-dlfr/run_once/results', 'gpu_ids': [7], 'missing_rates': array([0. , 0.1, 0.2, 0.3, 0.4, 0.5, 0.6, 0.7, 0.8, 0.9, 1. ]), 'seed': 11111, 'num_seeds': 3, 'exp_name': 'moe-uncertainty', 'diff_missing': None, 'KeyEval': 'Loss', 'save_model': True, 'unified_missing': False, 'use_normalized_data': False, 'seeds': [111, 1111, 11111], 'missing_rate': (0.4, 0.4, 0.4), 'dataPath': '/mnt/HDD2/teng/Master-23/sjc/work2/EMT-DLFR-master-based/MMSA/Datasets/MOSI/Processed/unaligned_50.pkl', 'seq_lens': (50, 375, 500), 'feature_dims': (768, 5, 20), 'train_samples': 1284, 'num_classes': 3, 'language': 'en', 'missing_seed': (111, 1111, 11111), 'data_missing': True, 'deal_missing': False, 'need_data_aligned': False, 'need_model_aligned': False, 'need_normalized': False, 'use_bert': True, 'use_finetune': True, 'save_labels': False, 'early_stop': 8, 'update_epochs': 4, 'batch_size': 32, 'learning_rate_bert': 5e-05, 'learning_rate_audio': 0.001, 'learning_rate_video': 0.0001, 'learning_rate_other': 0.001, 'weight_decay_bert': 0.001, 'weight_decay_audio': 0.01, 'weight_decay_video': 0.001, 'weight_decay_other': 0.001, 'a_lstm_hidden_size': 32, 'v_lstm_hidden_size': 64, 'a_lstm_layers': 1, 'v_lstm_layers': 1, 'text_out': 768, 'audio_out': 16, 'video_out': 32, 'a_lstm_dropout': 0.0, 'v_lstm_dropout': 0.0, 't_bert_dropout': 0.1, 'd_model': 128, 'fusion_layers': 3, 'heads': 4, 'learnable_pos_emb': False, 'emb_dropout': 0.0, 'attn_dropout': 0.2, 'ff_dropout': 0.1, 'ff_expansion': 4, 'mpu_share': True, 'modality_share': True, 'layer_share': True, 'attn_act_fn': 'tanh', 'gmc_tokens_pred_dim': 128, 'text_pred_dim': 256, 'audio_pred_dim': 8, 'video_pred_dim': 16, 'recon_loss': 'SmoothL1Loss', 'loss_attra_weight': 1, 'loss_recon_weight': 1, 'uncertainty_reg_weight': 0.3, 'uncertainty_reg_margin': 5e-05, 'uncertainty_before_weight': 0.1, 'post_fusion_dim': 256, 'post_fusion_dropout': 0.3, 'H': 3.0, 'cur_time': 3, 'model_save_path': 'results/mosi/emt-dlfr/run_once/models/emt-dlfr-mosi-regression-mr0.4-11111.pth', 'device': device(type='cuda', index=7), 'tasks': 'M'}>",<mean/std>,"(73.52, 0.48)","(73.53, 0.43)","(74.34, 0.61)","(74.43, 0.57)","(37.76, 1.49)","(33.43, 1.79)","(102.75, 2.23)","(57.47, 1.06)","(-126.97, 4.99)","(102.77, 2.38)"
2026-02-05_12-02-45,emt-dlfr,"<Storage{'need_task_scheduling': False, 'is_tune': False, 'train_mode': 'regression', 'modelName': 'emt-dlfr', 'datasetName': 'mosi', 'num_workers': 4, 'model_save_dir': 'results/mosi/emt-dlfr/run_once/models', 'res_save_dir': 'results/mosi/emt-dlfr/run_once/results', 'gpu_ids': [7], 'missing_rates': array([0. , 0.1, 0.2, 0.3, 0.4, 0.5, 0.6, 0.7, 0.8, 0.9, 1. ]), 'seed': 11111, 'num_seeds': 3, 'exp_name': 'moe-uncertainty', 'diff_missing': None, 'KeyEval': 'Loss', 'save_model': True, 'unified_missing': False, 'use_normalized_data': False, 'seeds': [111, 1111, 11111], 'missing_rate': (0.4, 0.4, 0.4), 'dataPath': '/mnt/HDD2/teng/Master-23/sjc/work2/EMT-DLFR-master-based/MMSA/Datasets/MOSI/Processed/unaligned_50.pkl', 'seq_lens': (50, 375, 500), 'feature_dims': (768, 5, 20), 'train_samples': 1284, 'num_classes': 3, 'language': 'en', 'missing_seed': (111, 1111, 11111), 'data_missing': True, 'deal_missing': False, 'need_data_aligned': False, 'need_model_aligned': False, 'need_normalized': False, 'use_bert': True, 'use_finetune': True, 'save_labels': False, 'early_stop': 8, 'update_epochs': 4, 'batch_size': 32, 'learning_rate_bert': 5e-05, 'learning_rate_audio': 0.001, 'learning_rate_video': 0.0001, 'learning_rate_other': 0.001, 'weight_decay_bert': 0.001, 'weight_decay_audio': 0.01, 'weight_decay_video': 0.001, 'weight_decay_other': 0.001, 'a_lstm_hidden_size': 32, 'v_lstm_hidden_size': 64, 'a_lstm_layers': 1, 'v_lstm_layers': 1, 'text_out': 768, 'audio_out': 16, 'video_out': 32, 'a_lstm_dropout': 0.0, 'v_lstm_dropout': 0.0, 't_bert_dropout': 0.1, 'd_model': 128, 'fusion_layers': 3, 'heads': 4, 'learnable_pos_emb': False, 'emb_dropout': 0.0, 'attn_dropout': 0.2, 'ff_dropout': 0.1, 'ff_expansion': 4, 'mpu_share': True, 'modality_share': True, 'layer_share': True, 'attn_act_fn': 'tanh', 'gmc_tokens_pred_dim': 128, 'text_pred_dim': 256, 'audio_pred_dim': 8, 'video_pred_dim': 16, 'recon_loss': 'SmoothL1Loss', 'loss_attra_weight': 1, 'loss_recon_weight': 1, 'uncertainty_reg_weight': 0.3, 'uncertainty_reg_margin': 5e-05, 'uncertainty_before_weight': 0.1, 'post_fusion_dim': 256, 'post_fusion_dropout': 0.3, 'H': 3.0, 'cur_time': 3, 'model_save_path': 'results/mosi/emt-dlfr/run_once/models/emt-dlfr-mosi-regression-mr0.4-11111.pth', 'device': device(type='cuda', index=7), 'tasks': 'M'}>",<max/seed>,"(74.05, 111)","(73.96, 111)","(74.85, 111)","(74.84, 1111)","(39.8, 111)","(35.71, 111)","(105.85, 11111)","(58.38, 1111)","(-123.23, 11111)","(106.09, 11111)"
2026-02-05_12-02-45,emt-dlfr,"<Storage{'need_task_scheduling': False, 'is_tune': False, 'train_mode': 'regression', 'modelName': 'emt-dlfr', 'datasetName': 'mosi', 'num_workers': 4, 'model_save_dir': 'results/mosi/emt-dlfr/run_once/models', 'res_save_dir': 'results/mosi/emt-dlfr/run_once/results', 'gpu_ids': [7], 'missing_rates': array([0. , 0.1, 0.2, 0.3, 0.4, 0.5, 0.6, 0.7, 0.8, 0.9, 1. ]), 'seed': 11111, 'num_seeds': 3, 'exp_name': 'moe-uncertainty', 'diff_missing': None, 'KeyEval': 'Loss', 'save_model': True, 'unified_missing': False, 'use_normalized_data': False, 'seeds': [111, 1111, 11111], 'missing_rate': (0.4, 0.4, 0.4), 'dataPath': '/mnt/HDD2/teng/Master-23/sjc/work2/EMT-DLFR-master-based/MMSA/Datasets/MOSI/Processed/unaligned_50.pkl', 'seq_lens': (50, 375, 500), 'feature_dims': (768, 5, 20), 'train_samples': 1284, 'num_classes': 3, 'language': 'en', 'missing_seed': (111, 1111, 11111), 'data_missing': True, 'deal_missing': False, 'need_data_aligned': False, 'need_model_aligned': False, 'need_normalized': False, 'use_bert': True, 'use_finetune': True, 'save_labels': False, 'early_stop': 8, 'update_epochs': 4, 'batch_size': 32, 'learning_rate_bert': 5e-05, 'learning_rate_audio': 0.001, 'learning_rate_video': 0.0001, 'learning_rate_other': 0.001, 'weight_decay_bert': 0.001, 'weight_decay_audio': 0.01, 'weight_decay_video': 0.001, 'weight_decay_other': 0.001, 'a_lstm_hidden_size': 32, 'v_lstm_hidden_size': 64, 'a_lstm_layers': 1, 'v_lstm_layers': 1, 'text_out': 768, 'audio_out': 16, 'video_out': 32, 'a_lstm_dropout': 0.0, 'v_lstm_dropout': 0.0, 't_bert_dropout': 0.1, 'd_model': 128, 'fusion_layers': 3, 'heads': 4, 'learnable_pos_emb': False, 'emb_dropout': 0.0, 'attn_dropout': 0.2, 'ff_dropout': 0.1, 'ff_expansion': 4, 'mpu_share': True, 'modality_share': True, 'layer_share': True, 'attn_act_fn': 'tanh', 'gmc_tokens_pred_dim': 128, 'text_pred_dim': 256, 'audio_pred_dim': 8, 'video_pred_dim': 16, 'recon_loss': 'SmoothL1Loss', 'loss_attra_weight': 1, 'loss_recon_weight': 1, 'uncertainty_reg_weight': 0.3, 'uncertainty_reg_margin': 5e-05, 'uncertainty_before_weight': 0.1, 'post_fusion_dim': 256, 'post_fusion_dropout': 0.3, 'H': 3.0, 'cur_time': 3, 'model_save_path': 'results/mosi/emt-dlfr/run_once/models/emt-dlfr-mosi-regression-mr0.4-11111.pth', 'device': device(type='cuda', index=7), 'tasks': 'M'}>",<min/seed>,"(72.89, 11111)","(72.95, 11111)","(73.48, 11111)","(73.62, 11111)","(36.3, 11111)","(31.34, 11111)","(100.71, 111)","(55.98, 11111)","(-134.03, 1111)","(100.63, 111)"
2026-02-06_04-51-56,emt-dlfr,"<Storage{'need_task_scheduling': False, 'is_tune': False, 'train_mode': 'regression', 'modelName': 'emt-dlfr', 'datasetName': 'mosi', 'num_workers': 4, 'model_save_dir': 'results/mosi/emt-dlfr/run_once/models', 'res_save_dir': 'results/mosi/emt-dlfr/run_once/results', 'gpu_ids': [7], 'missing_rates': array([0. , 0.1, 0.2, 0.3, 0.4, 0.5, 0.6, 0.7, 0.8, 0.9, 1. ]), 'seed': 11111, 'num_seeds': 3, 'exp_name': 'moe-uncertainty', 'diff_missing': None, 'KeyEval': 'Loss', 'save_model': True, 'unified_missing': False, 'use_normalized_data': False, 'seeds': [111, 1111, 11111], 'missing_rate': (0.4, 0.4, 0.4), 'dataPath': '/mnt/HDD2/teng/Master-23/sjc/work2/EMT-DLFR-master-based/MMSA/Datasets/MOSI/Processed/unaligned_50.pkl', 'seq_lens': (50, 375, 500), 'feature_dims': (768, 5, 20), 'train_samples': 1284, 'num_classes': 3, 'language': 'en', 'missing_seed': (111, 1111, 11111), 'data_missing': True, 'deal_missing': False, 'need_data_aligned': False, 'need_model_aligned': False, 'need_normalized': False, 'use_bert': True, 'use_finetune': True, 'save_labels': False, 'early_stop': 8, 'update_epochs': 4, 'batch_size': 32, 'learning_rate_bert': 5e-05, 'learning_rate_audio': 0.001, 'learning_rate_video': 0.0001, 'learning_rate_other': 0.001, 'weight_decay_bert': 0.001, 'weight_decay_audio': 0.01, 'weight_decay_video': 0.001, 'weight_decay_other': 0.001, 'a_lstm_hidden_size': 32, 'v_lstm_hidden_size': 64, 'a_lstm_layers': 1, 'v_lstm_layers': 1, 'text_out': 768, 'audio_out': 16, 'video_out': 32, 'a_lstm_dropout': 0.0, 'v_lstm_dropout': 0.0, 't_bert_dropout': 0.1, 'd_model': 128, 'fusion_layers': 3, 'heads': 4, 'learnable_pos_emb': False, 'emb_dropout': 0.0, 'attn_dropout': 0.2, 'ff_dropout': 0.1, 'ff_expansion': 4, 'mpu_share': True, 'modality_share': True, 'layer_share': True, 'attn_act_fn': 'tanh', 'gmc_tokens_pred_dim': 128, 'text_pred_dim': 256, 'audio_pred_dim': 8, 'video_pred_dim': 16, 'recon_loss': 'SmoothL1Loss', 'loss_attra_weight': 1, 'loss_recon_weight': 1, 'uncertainty_reg_weight': 0.3, 'uncertainty_reg_margin': 5e-05, 'uncertainty_before_weight': 0.1, 'post_fusion_dim': 256, 'post_fusion_dropout': 0.3, 'H': 3.0, 'cur_time': 3, 'model_save_path': 'results/mosi/emt-dlfr/run_once/models/emt-dlfr-mosi-regression-mr0.4-11111.pth', 'device': device(type='cuda', index=7), 'tasks': 'M'}>",111,74.05,73.96,74.85,74.82,39.8,35.71,100.71,58.05,-123.66,100.63
2026-02-06_04-51-56,emt-dlfr,"<Storage{'need_task_scheduling': False, 'is_tune': False, 'train_mode': 'regression', 'modelName': 'emt-dlfr', 'datasetName': 'mosi', 'num_workers': 4, 'model_save_dir': 'results/mosi/emt-dlfr/run_once/models', 'res_save_dir': 'results/mosi/emt-dlfr/run_once/results', 'gpu_ids': [7], 'missing_rates': array([0. , 0.1, 0.2, 0.3, 0.4, 0.5, 0.6, 0.7, 0.8, 0.9, 1. ]), 'seed': 11111, 'num_seeds': 3, 'exp_name': 'moe-uncertainty', 'diff_missing': None, 'KeyEval': 'Loss', 'save_model': True, 'unified_missing': False, 'use_normalized_data': False, 'seeds': [111, 1111, 11111], 'missing_rate': (0.4, 0.4, 0.4), 'dataPath': '/mnt/HDD2/teng/Master-23/sjc/work2/EMT-DLFR-master-based/MMSA/Datasets/MOSI/Processed/unaligned_50.pkl', 'seq_lens': (50, 375, 500), 'feature_dims': (768, 5, 20), 'train_samples': 1284, 'num_classes': 3, 'language': 'en', 'missing_seed': (111, 1111, 11111), 'data_missing': True, 'deal_missing': False, 'need_data_aligned': False, 'need_model_aligned': False, 'need_normalized': False, 'use_bert': True, 'use_finetune': True, 'save_labels': False, 'early_stop': 8, 'update_epochs': 4, 'batch_size': 32, 'learning_rate_bert': 5e-05, 'learning_rate_audio': 0.001, 'learning_rate_video': 0.0001, 'learning_rate_other': 0.001, 'weight_decay_bert': 0.001, 'weight_decay_audio': 0.01, 'weight_decay_video': 0.001, 'weight_decay_other': 0.001, 'a_lstm_hidden_size': 32, 'v_lstm_hidden_size': 64, 'a_lstm_layers': 1, 'v_lstm_layers': 1, 'text_out': 768, 'audio_out': 16, 'video_out': 32, 'a_lstm_dropout': 0.0, 'v_lstm_dropout': 0.0, 't_bert_dropout': 0.1, 'd_model': 128, 'fusion_layers': 3, 'heads': 4, 'learnable_pos_emb': False, 'emb_dropout': 0.0, 'attn_dropout': 0.2, 'ff_dropout': 0.1, 'ff_expansion': 4, 'mpu_share': True, 'modality_share': True, 'layer_share': True, 'attn_act_fn': 'tanh', 'gmc_tokens_pred_dim': 128, 'text_pred_dim': 256, 'audio_pred_dim': 8, 'video_pred_dim': 16, 'recon_loss': 'SmoothL1Loss', 'loss_attra_weight': 1, 'loss_recon_weight': 1, 'uncertainty_reg_weight': 0.3, 'uncertainty_reg_margin': 5e-05, 'uncertainty_before_weight': 0.1, 'post_fusion_dim': 256, 'post_fusion_dropout': 0.3, 'H': 3.0, 'cur_time': 3, 'model_save_path': 'results/mosi/emt-dlfr/run_once/models/emt-dlfr-mosi-regression-mr0.4-11111.pth', 'device': device(type='cuda', index=7), 'tasks': 'M'}>",1111,73.62,73.68,74.7,74.84,37.17,33.24,101.69,58.38,-134.03,101.6
2026-02-06_04-51-56,emt-dlfr,"<Storage{'need_task_scheduling': False, 'is_tune': False, 'train_mode': 'regression', 'modelName': 'emt-dlfr', 'datasetName': 'mosi', 'num_workers': 4, 'model_save_dir': 'results/mosi/emt-dlfr/run_once/models', 'res_save_dir': 'results/mosi/emt-dlfr/run_once/results', 'gpu_ids': [7], 'missing_rates': array([0. , 0.1, 0.2, 0.3, 0.4, 0.5, 0.6, 0.7, 0.8, 0.9, 1. ]), 'seed': 11111, 'num_seeds': 3, 'exp_name': 'moe-uncertainty', 'diff_missing': None, 'KeyEval': 'Loss', 'save_model': True, 'unified_missing': False, 'use_normalized_data': False, 'seeds': [111, 1111, 11111], 'missing_rate': (0.4, 0.4, 0.4), 'dataPath': '/mnt/HDD2/teng/Master-23/sjc/work2/EMT-DLFR-master-based/MMSA/Datasets/MOSI/Processed/unaligned_50.pkl', 'seq_lens': (50, 375, 500), 'feature_dims': (768, 5, 20), 'train_samples': 1284, 'num_classes': 3, 'language': 'en', 'missing_seed': (111, 1111, 11111), 'data_missing': True, 'deal_missing': False, 'need_data_aligned': False, 'need_model_aligned': False, 'need_normalized': False, 'use_bert': True, 'use_finetune': True, 'save_labels': False, 'early_stop': 8, 'update_epochs': 4, 'batch_size': 32, 'learning_rate_bert': 5e-05, 'learning_rate_audio': 0.001, 'learning_rate_video': 0.0001, 'learning_rate_other': 0.001, 'weight_decay_bert': 0.001, 'weight_decay_audio': 0.01, 'weight_decay_video': 0.001, 'weight_decay_other': 0.001, 'a_lstm_hidden_size': 32, 'v_lstm_hidden_size': 64, 'a_lstm_layers': 1, 'v_lstm_layers': 1, 'text_out': 768, 'audio_out': 16, 'video_out': 32, 'a_lstm_dropout': 0.0, 'v_lstm_dropout': 0.0, 't_bert_dropout': 0.1, 'd_model': 128, 'fusion_layers': 3, 'heads': 4, 'learnable_pos_emb': False, 'emb_dropout': 0.0, 'attn_dropout': 0.2, 'ff_dropout': 0.1, 'ff_expansion': 4, 'mpu_share': True, 'modality_share': True, 'layer_share': True, 'attn_act_fn': 'tanh', 'gmc_tokens_pred_dim': 128, 'text_pred_dim': 256, 'audio_pred_dim': 8, 'video_pred_dim': 16, 'recon_loss': 'SmoothL1Loss', 'loss_attra_weight': 1, 'loss_recon_weight': 1, 'uncertainty_reg_weight': 0.3, 'uncertainty_reg_margin': 5e-05, 'uncertainty_before_weight': 0.1, 'post_fusion_dim': 256, 'post_fusion_dropout': 0.3, 'H': 3.0, 'cur_time': 3, 'model_save_path': 'results/mosi/emt-dlfr/run_once/models/emt-dlfr-mosi-regression-mr0.4-11111.pth', 'device': device(type='cuda', index=7), 'tasks': 'M'}>",11111,72.89,72.95,73.48,73.62,36.3,31.34,105.85,55.98,-123.23,106.09
2026-02-06_04-51-56,emt-dlfr,"<Storage{'need_task_scheduling': False, 'is_tune': False, 'train_mode': 'regression', 'modelName': 'emt-dlfr', 'datasetName': 'mosi', 'num_workers': 4, 'model_save_dir': 'results/mosi/emt-dlfr/run_once/models', 'res_save_dir': 'results/mosi/emt-dlfr/run_once/results', 'gpu_ids': [7], 'missing_rates': array([0. , 0.1, 0.2, 0.3, 0.4, 0.5, 0.6, 0.7, 0.8, 0.9, 1. ]), 'seed': 11111, 'num_seeds': 3, 'exp_name': 'moe-uncertainty', 'diff_missing': None, 'KeyEval': 'Loss', 'save_model': True, 'unified_missing': False, 'use_normalized_data': False, 'seeds': [111, 1111, 11111], 'missing_rate': (0.4, 0.4, 0.4), 'dataPath': '/mnt/HDD2/teng/Master-23/sjc/work2/EMT-DLFR-master-based/MMSA/Datasets/MOSI/Processed/unaligned_50.pkl', 'seq_lens': (50, 375, 500), 'feature_dims': (768, 5, 20), 'train_samples': 1284, 'num_classes': 3, 'language': 'en', 'missing_seed': (111, 1111, 11111), 'data_missing': True, 'deal_missing': False, 'need_data_aligned': False, 'need_model_aligned': False, 'need_normalized': False, 'use_bert': True, 'use_finetune': True, 'save_labels': False, 'early_stop': 8, 'update_epochs': 4, 'batch_size': 32, 'learning_rate_bert': 5e-05, 'learning_rate_audio': 0.001, 'learning_rate_video': 0.0001, 'learning_rate_other': 0.001, 'weight_decay_bert': 0.001, 'weight_decay_audio': 0.01, 'weight_decay_video': 0.001, 'weight_decay_other': 0.001, 'a_lstm_hidden_size': 32, 'v_lstm_hidden_size': 64, 'a_lstm_layers': 1, 'v_lstm_layers': 1, 'text_out': 768, 'audio_out': 16, 'video_out': 32, 'a_lstm_dropout': 0.0, 'v_lstm_dropout': 0.0, 't_bert_dropout': 0.1, 'd_model': 128, 'fusion_layers': 3, 'heads': 4, 'learnable_pos_emb': False, 'emb_dropout': 0.0, 'attn_dropout': 0.2, 'ff_dropout': 0.1, 'ff_expansion': 4, 'mpu_share': True, 'modality_share': True, 'layer_share': True, 'attn_act_fn': 'tanh', 'gmc_tokens_pred_dim': 128, 'text_pred_dim': 256, 'audio_pred_dim': 8, 'video_pred_dim': 16, 'recon_loss': 'SmoothL1Loss', 'loss_attra_weight': 1, 'loss_recon_weight': 1, 'uncertainty_reg_weight': 0.3, 'uncertainty_reg_margin': 5e-05, 'uncertainty_before_weight': 0.1, 'post_fusion_dim': 256, 'post_fusion_dropout': 0.3, 'H': 3.0, 'cur_time': 3, 'model_save_path': 'results/mosi/emt-dlfr/run_once/models/emt-dlfr-mosi-regression-mr0.4-11111.pth', 'device': device(type='cuda', index=7), 'tasks': 'M'}>",<mean/std>,"(73.52, 0.48)","(73.53, 0.43)","(74.34, 0.61)","(74.43, 0.57)","(37.76, 1.49)","(33.43, 1.79)","(102.75, 2.23)","(57.47, 1.06)","(-126.97, 4.99)","(102.77, 2.38)"
2026-02-06_04-51-56,emt-dlfr,"<Storage{'need_task_scheduling': False, 'is_tune': False, 'train_mode': 'regression', 'modelName': 'emt-dlfr', 'datasetName': 'mosi', 'num_workers': 4, 'model_save_dir': 'results/mosi/emt-dlfr/run_once/models', 'res_save_dir': 'results/mosi/emt-dlfr/run_once/results', 'gpu_ids': [7], 'missing_rates': array([0. , 0.1, 0.2, 0.3, 0.4, 0.5, 0.6, 0.7, 0.8, 0.9, 1. ]), 'seed': 11111, 'num_seeds': 3, 'exp_name': 'moe-uncertainty', 'diff_missing': None, 'KeyEval': 'Loss', 'save_model': True, 'unified_missing': False, 'use_normalized_data': False, 'seeds': [111, 1111, 11111], 'missing_rate': (0.4, 0.4, 0.4), 'dataPath': '/mnt/HDD2/teng/Master-23/sjc/work2/EMT-DLFR-master-based/MMSA/Datasets/MOSI/Processed/unaligned_50.pkl', 'seq_lens': (50, 375, 500), 'feature_dims': (768, 5, 20), 'train_samples': 1284, 'num_classes': 3, 'language': 'en', 'missing_seed': (111, 1111, 11111), 'data_missing': True, 'deal_missing': False, 'need_data_aligned': False, 'need_model_aligned': False, 'need_normalized': False, 'use_bert': True, 'use_finetune': True, 'save_labels': False, 'early_stop': 8, 'update_epochs': 4, 'batch_size': 32, 'learning_rate_bert': 5e-05, 'learning_rate_audio': 0.001, 'learning_rate_video': 0.0001, 'learning_rate_other': 0.001, 'weight_decay_bert': 0.001, 'weight_decay_audio': 0.01, 'weight_decay_video': 0.001, 'weight_decay_other': 0.001, 'a_lstm_hidden_size': 32, 'v_lstm_hidden_size': 64, 'a_lstm_layers': 1, 'v_lstm_layers': 1, 'text_out': 768, 'audio_out': 16, 'video_out': 32, 'a_lstm_dropout': 0.0, 'v_lstm_dropout': 0.0, 't_bert_dropout': 0.1, 'd_model': 128, 'fusion_layers': 3, 'heads': 4, 'learnable_pos_emb': False, 'emb_dropout': 0.0, 'attn_dropout': 0.2, 'ff_dropout': 0.1, 'ff_expansion': 4, 'mpu_share': True, 'modality_share': True, 'layer_share': True, 'attn_act_fn': 'tanh', 'gmc_tokens_pred_dim': 128, 'text_pred_dim': 256, 'audio_pred_dim': 8, 'video_pred_dim': 16, 'recon_loss': 'SmoothL1Loss', 'loss_attra_weight': 1, 'loss_recon_weight': 1, 'uncertainty_reg_weight': 0.3, 'uncertainty_reg_margin': 5e-05, 'uncertainty_before_weight': 0.1, 'post_fusion_dim': 256, 'post_fusion_dropout': 0.3, 'H': 3.0, 'cur_time': 3, 'model_save_path': 'results/mosi/emt-dlfr/run_once/models/emt-dlfr-mosi-regression-mr0.4-11111.pth', 'device': device(type='cuda', index=7), 'tasks': 'M'}>",<max/seed>,"(74.05, 111)","(73.96, 111)","(74.85, 111)","(74.84, 1111)","(39.8, 111)","(35.71, 111)","(105.85, 11111)","(58.38, 1111)","(-123.23, 11111)","(106.09, 11111)"
2026-02-06_04-51-56,emt-dlfr,"<Storage{'need_task_scheduling': False, 'is_tune': False, 'train_mode': 'regression', 'modelName': 'emt-dlfr', 'datasetName': 'mosi', 'num_workers': 4, 'model_save_dir': 'results/mosi/emt-dlfr/run_once/models', 'res_save_dir': 'results/mosi/emt-dlfr/run_once/results', 'gpu_ids': [7], 'missing_rates': array([0. , 0.1, 0.2, 0.3, 0.4, 0.5, 0.6, 0.7, 0.8, 0.9, 1. ]), 'seed': 11111, 'num_seeds': 3, 'exp_name': 'moe-uncertainty', 'diff_missing': None, 'KeyEval': 'Loss', 'save_model': True, 'unified_missing': False, 'use_normalized_data': False, 'seeds': [111, 1111, 11111], 'missing_rate': (0.4, 0.4, 0.4), 'dataPath': '/mnt/HDD2/teng/Master-23/sjc/work2/EMT-DLFR-master-based/MMSA/Datasets/MOSI/Processed/unaligned_50.pkl', 'seq_lens': (50, 375, 500), 'feature_dims': (768, 5, 20), 'train_samples': 1284, 'num_classes': 3, 'language': 'en', 'missing_seed': (111, 1111, 11111), 'data_missing': True, 'deal_missing': False, 'need_data_aligned': False, 'need_model_aligned': False, 'need_normalized': False, 'use_bert': True, 'use_finetune': True, 'save_labels': False, 'early_stop': 8, 'update_epochs': 4, 'batch_size': 32, 'learning_rate_bert': 5e-05, 'learning_rate_audio': 0.001, 'learning_rate_video': 0.0001, 'learning_rate_other': 0.001, 'weight_decay_bert': 0.001, 'weight_decay_audio': 0.01, 'weight_decay_video': 0.001, 'weight_decay_other': 0.001, 'a_lstm_hidden_size': 32, 'v_lstm_hidden_size': 64, 'a_lstm_layers': 1, 'v_lstm_layers': 1, 'text_out': 768, 'audio_out': 16, 'video_out': 32, 'a_lstm_dropout': 0.0, 'v_lstm_dropout': 0.0, 't_bert_dropout': 0.1, 'd_model': 128, 'fusion_layers': 3, 'heads': 4, 'learnable_pos_emb': False, 'emb_dropout': 0.0, 'attn_dropout': 0.2, 'ff_dropout': 0.1, 'ff_expansion': 4, 'mpu_share': True, 'modality_share': True, 'layer_share': True, 'attn_act_fn': 'tanh', 'gmc_tokens_pred_dim': 128, 'text_pred_dim': 256, 'audio_pred_dim': 8, 'video_pred_dim': 16, 'recon_loss': 'SmoothL1Loss', 'loss_attra_weight': 1, 'loss_recon_weight': 1, 'uncertainty_reg_weight': 0.3, 'uncertainty_reg_margin': 5e-05, 'uncertainty_before_weight': 0.1, 'post_fusion_dim': 256, 'post_fusion_dropout': 0.3, 'H': 3.0, 'cur_time': 3, 'model_save_path': 'results/mosi/emt-dlfr/run_once/models/emt-dlfr-mosi-regression-mr0.4-11111.pth', 'device': device(type='cuda', index=7), 'tasks': 'M'}>",<min/seed>,"(72.89, 11111)","(72.95, 11111)","(73.48, 11111)","(73.62, 11111)","(36.3, 11111)","(31.34, 11111)","(100.71, 111)","(55.98, 11111)","(-134.03, 1111)","(100.63, 111)"
2026-02-07_07-07-57,emt-dlfr,"<Storage{'need_task_scheduling': False, 'is_tune': False, 'train_mode': 'regression', 'modelName': 'emt-dlfr', 'datasetName': 'mosi', 'num_workers': 4, 'model_save_dir': 'results/mosi/emt-dlfr/run_once/models', 'res_save_dir': 'results/mosi/emt-dlfr/run_once/results', 'gpu_ids': [7], 'missing_rates': array([0. , 0.1, 0.2, 0.3, 0.4, 0.5, 0.6, 0.7, 0.8, 0.9, 1. ]), 'seed': 11111, 'num_seeds': 3, 'exp_name': 'moe-uncertainty', 'diff_missing': None, 'KeyEval': 'Loss', 'save_model': True, 'unified_missing': False, 'use_normalized_data': False, 'seeds': [111, 1111, 11111], 'missing_rate': (0.4, 0.4, 0.4), 'dataPath': '/mnt/HDD2/teng/Master-23/sjc/work2/EMT-DLFR-master-based/MMSA/Datasets/MOSI/Processed/unaligned_50.pkl', 'seq_lens': (50, 375, 500), 'feature_dims': (768, 5, 20), 'train_samples': 1284, 'num_classes': 3, 'language': 'en', 'missing_seed': (111, 1111, 11111), 'data_missing': True, 'deal_missing': False, 'need_data_aligned': False, 'need_model_aligned': False, 'need_normalized': False, 'use_bert': True, 'use_finetune': True, 'save_labels': False, 'early_stop': 8, 'update_epochs': 4, 'batch_size': 32, 'learning_rate_bert': 5e-05, 'learning_rate_audio': 0.001, 'learning_rate_video': 0.0001, 'learning_rate_other': 0.001, 'weight_decay_bert': 0.001, 'weight_decay_audio': 0.01, 'weight_decay_video': 0.001, 'weight_decay_other': 0.001, 'a_lstm_hidden_size': 32, 'v_lstm_hidden_size': 64, 'a_lstm_layers': 1, 'v_lstm_layers': 1, 'text_out': 768, 'audio_out': 16, 'video_out': 32, 'a_lstm_dropout': 0.0, 'v_lstm_dropout': 0.0, 't_bert_dropout': 0.1, 'd_model': 128, 'fusion_layers': 3, 'heads': 4, 'learnable_pos_emb': False, 'emb_dropout': 0.0, 'attn_dropout': 0.2, 'ff_dropout': 0.1, 'ff_expansion': 4, 'mpu_share': True, 'modality_share': True, 'layer_share': True, 'attn_act_fn': 'tanh', 'gmc_tokens_pred_dim': 128, 'text_pred_dim': 256, 'audio_pred_dim': 8, 'video_pred_dim': 16, 'recon_loss': 'SmoothL1Loss', 'loss_attra_weight': 1, 'uncertainty_attra_alpha': 0.1, 'loss_recon_weight': 1, 'uncertainty_reg_weight': 0.3, 'uncertainty_reg_margin': 5e-05, 'uncertainty_before_weight': 0.1, 'post_fusion_dim': 256, 'post_fusion_dropout': 0.3, 'H': 3.0, 'cur_time': 3, 'model_save_path': 'results/mosi/emt-dlfr/run_once/models/emt-dlfr-mosi-regression-mr0.4-11111.pth', 'device': device(type='cuda', index=7), 'tasks': 'M'}>",111,73.47,73.53,74.09,74.23,37.17,33.38,103.4,55.95,-122.29,103.73
2026-02-07_07-07-57,emt-dlfr,"<Storage{'need_task_scheduling': False, 'is_tune': False, 'train_mode': 'regression', 'modelName': 'emt-dlfr', 'datasetName': 'mosi', 'num_workers': 4, 'model_save_dir': 'results/mosi/emt-dlfr/run_once/models', 'res_save_dir': 'results/mosi/emt-dlfr/run_once/results', 'gpu_ids': [7], 'missing_rates': array([0. , 0.1, 0.2, 0.3, 0.4, 0.5, 0.6, 0.7, 0.8, 0.9, 1. ]), 'seed': 11111, 'num_seeds': 3, 'exp_name': 'moe-uncertainty', 'diff_missing': None, 'KeyEval': 'Loss', 'save_model': True, 'unified_missing': False, 'use_normalized_data': False, 'seeds': [111, 1111, 11111], 'missing_rate': (0.4, 0.4, 0.4), 'dataPath': '/mnt/HDD2/teng/Master-23/sjc/work2/EMT-DLFR-master-based/MMSA/Datasets/MOSI/Processed/unaligned_50.pkl', 'seq_lens': (50, 375, 500), 'feature_dims': (768, 5, 20), 'train_samples': 1284, 'num_classes': 3, 'language': 'en', 'missing_seed': (111, 1111, 11111), 'data_missing': True, 'deal_missing': False, 'need_data_aligned': False, 'need_model_aligned': False, 'need_normalized': False, 'use_bert': True, 'use_finetune': True, 'save_labels': False, 'early_stop': 8, 'update_epochs': 4, 'batch_size': 32, 'learning_rate_bert': 5e-05, 'learning_rate_audio': 0.001, 'learning_rate_video': 0.0001, 'learning_rate_other': 0.001, 'weight_decay_bert': 0.001, 'weight_decay_audio': 0.01, 'weight_decay_video': 0.001, 'weight_decay_other': 0.001, 'a_lstm_hidden_size': 32, 'v_lstm_hidden_size': 64, 'a_lstm_layers': 1, 'v_lstm_layers': 1, 'text_out': 768, 'audio_out': 16, 'video_out': 32, 'a_lstm_dropout': 0.0, 'v_lstm_dropout': 0.0, 't_bert_dropout': 0.1, 'd_model': 128, 'fusion_layers': 3, 'heads': 4, 'learnable_pos_emb': False, 'emb_dropout': 0.0, 'attn_dropout': 0.2, 'ff_dropout': 0.1, 'ff_expansion': 4, 'mpu_share': True, 'modality_share': True, 'layer_share': True, 'attn_act_fn': 'tanh', 'gmc_tokens_pred_dim': 128, 'text_pred_dim': 256, 'audio_pred_dim': 8, 'video_pred_dim': 16, 'recon_loss': 'SmoothL1Loss', 'loss_attra_weight': 1, 'uncertainty_attra_alpha': 0.1, 'loss_recon_weight': 1, 'uncertainty_reg_weight': 0.3, 'uncertainty_reg_margin': 5e-05, 'uncertainty_before_weight': 0.1, 'post_fusion_dim': 256, 'post_fusion_dropout': 0.3, 'H': 3.0, 'cur_time': 3, 'model_save_path': 'results/mosi/emt-dlfr/run_once/models/emt-dlfr-mosi-regression-mr0.4-11111.pth', 'device': device(type='cuda', index=7), 'tasks': 'M'}>",1111,72.01,72.08,72.71,72.87,35.28,31.05,106.58,55.04,-114.0,106.47
2026-02-07_07-07-57,emt-dlfr,"<Storage{'need_task_scheduling': False, 'is_tune': False, 'train_mode': 'regression', 'modelName': 'emt-dlfr', 'datasetName': 'mosi', 'num_workers': 4, 'model_save_dir': 'results/mosi/emt-dlfr/run_once/models', 'res_save_dir': 'results/mosi/emt-dlfr/run_once/results', 'gpu_ids': [7], 'missing_rates': array([0. , 0.1, 0.2, 0.3, 0.4, 0.5, 0.6, 0.7, 0.8, 0.9, 1. ]), 'seed': 11111, 'num_seeds': 3, 'exp_name': 'moe-uncertainty', 'diff_missing': None, 'KeyEval': 'Loss', 'save_model': True, 'unified_missing': False, 'use_normalized_data': False, 'seeds': [111, 1111, 11111], 'missing_rate': (0.4, 0.4, 0.4), 'dataPath': '/mnt/HDD2/teng/Master-23/sjc/work2/EMT-DLFR-master-based/MMSA/Datasets/MOSI/Processed/unaligned_50.pkl', 'seq_lens': (50, 375, 500), 'feature_dims': (768, 5, 20), 'train_samples': 1284, 'num_classes': 3, 'language': 'en', 'missing_seed': (111, 1111, 11111), 'data_missing': True, 'deal_missing': False, 'need_data_aligned': False, 'need_model_aligned': False, 'need_normalized': False, 'use_bert': True, 'use_finetune': True, 'save_labels': False, 'early_stop': 8, 'update_epochs': 4, 'batch_size': 32, 'learning_rate_bert': 5e-05, 'learning_rate_audio': 0.001, 'learning_rate_video': 0.0001, 'learning_rate_other': 0.001, 'weight_decay_bert': 0.001, 'weight_decay_audio': 0.01, 'weight_decay_video': 0.001, 'weight_decay_other': 0.001, 'a_lstm_hidden_size': 32, 'v_lstm_hidden_size': 64, 'a_lstm_layers': 1, 'v_lstm_layers': 1, 'text_out': 768, 'audio_out': 16, 'video_out': 32, 'a_lstm_dropout': 0.0, 'v_lstm_dropout': 0.0, 't_bert_dropout': 0.1, 'd_model': 128, 'fusion_layers': 3, 'heads': 4, 'learnable_pos_emb': False, 'emb_dropout': 0.0, 'attn_dropout': 0.2, 'ff_dropout': 0.1, 'ff_expansion': 4, 'mpu_share': True, 'modality_share': True, 'layer_share': True, 'attn_act_fn': 'tanh', 'gmc_tokens_pred_dim': 128, 'text_pred_dim': 256, 'audio_pred_dim': 8, 'video_pred_dim': 16, 'recon_loss': 'SmoothL1Loss', 'loss_attra_weight': 1, 'uncertainty_attra_alpha': 0.1, 'loss_recon_weight': 1, 'uncertainty_reg_weight': 0.3, 'uncertainty_reg_margin': 5e-05, 'uncertainty_before_weight': 0.1, 'post_fusion_dim': 256, 'post_fusion_dropout': 0.3, 'H': 3.0, 'cur_time': 3, 'model_save_path': 'results/mosi/emt-dlfr/run_once/models/emt-dlfr-mosi-regression-mr0.4-11111.pth', 'device': device(type='cuda', index=7), 'tasks': 'M'}>",11111,71.87,71.94,72.1,72.27,36.01,30.76,105.56,56.29,-112.1,105.43
2026-02-07_07-07-57,emt-dlfr,"<Storage{'need_task_scheduling': False, 'is_tune': False, 'train_mode': 'regression', 'modelName': 'emt-dlfr', 'datasetName': 'mosi', 'num_workers': 4, 'model_save_dir': 'results/mosi/emt-dlfr/run_once/models', 'res_save_dir': 'results/mosi/emt-dlfr/run_once/results', 'gpu_ids': [7], 'missing_rates': array([0. , 0.1, 0.2, 0.3, 0.4, 0.5, 0.6, 0.7, 0.8, 0.9, 1. ]), 'seed': 11111, 'num_seeds': 3, 'exp_name': 'moe-uncertainty', 'diff_missing': None, 'KeyEval': 'Loss', 'save_model': True, 'unified_missing': False, 'use_normalized_data': False, 'seeds': [111, 1111, 11111], 'missing_rate': (0.4, 0.4, 0.4), 'dataPath': '/mnt/HDD2/teng/Master-23/sjc/work2/EMT-DLFR-master-based/MMSA/Datasets/MOSI/Processed/unaligned_50.pkl', 'seq_lens': (50, 375, 500), 'feature_dims': (768, 5, 20), 'train_samples': 1284, 'num_classes': 3, 'language': 'en', 'missing_seed': (111, 1111, 11111), 'data_missing': True, 'deal_missing': False, 'need_data_aligned': False, 'need_model_aligned': False, 'need_normalized': False, 'use_bert': True, 'use_finetune': True, 'save_labels': False, 'early_stop': 8, 'update_epochs': 4, 'batch_size': 32, 'learning_rate_bert': 5e-05, 'learning_rate_audio': 0.001, 'learning_rate_video': 0.0001, 'learning_rate_other': 0.001, 'weight_decay_bert': 0.001, 'weight_decay_audio': 0.01, 'weight_decay_video': 0.001, 'weight_decay_other': 0.001, 'a_lstm_hidden_size': 32, 'v_lstm_hidden_size': 64, 'a_lstm_layers': 1, 'v_lstm_layers': 1, 'text_out': 768, 'audio_out': 16, 'video_out': 32, 'a_lstm_dropout': 0.0, 'v_lstm_dropout': 0.0, 't_bert_dropout': 0.1, 'd_model': 128, 'fusion_layers': 3, 'heads': 4, 'learnable_pos_emb': False, 'emb_dropout': 0.0, 'attn_dropout': 0.2, 'ff_dropout': 0.1, 'ff_expansion': 4, 'mpu_share': True, 'modality_share': True, 'layer_share': True, 'attn_act_fn': 'tanh', 'gmc_tokens_pred_dim': 128, 'text_pred_dim': 256, 'audio_pred_dim': 8, 'video_pred_dim': 16, 'recon_loss': 'SmoothL1Loss', 'loss_attra_weight': 1, 'uncertainty_attra_alpha': 0.1, 'loss_recon_weight': 1, 'uncertainty_reg_weight': 0.3, 'uncertainty_reg_margin': 5e-05, 'uncertainty_before_weight': 0.1, 'post_fusion_dim': 256, 'post_fusion_dropout': 0.3, 'H': 3.0, 'cur_time': 3, 'model_save_path': 'results/mosi/emt-dlfr/run_once/models/emt-dlfr-mosi-regression-mr0.4-11111.pth', 'device': device(type='cuda', index=7), 'tasks': 'M'}>",<mean/std>,"(72.45, 0.72)","(72.52, 0.72)","(72.97, 0.83)","(73.12, 0.82)","(36.15, 0.78)","(31.73, 1.17)","(105.18, 1.33)","(55.76, 0.53)","(-116.13, 4.42)","(105.21, 1.13)"
2026-02-07_07-07-57,emt-dlfr,"<Storage{'need_task_scheduling': False, 'is_tune': False, 'train_mode': 'regression', 'modelName': 'emt-dlfr', 'datasetName': 'mosi', 'num_workers': 4, 'model_save_dir': 'results/mosi/emt-dlfr/run_once/models', 'res_save_dir': 'results/mosi/emt-dlfr/run_once/results', 'gpu_ids': [7], 'missing_rates': array([0. , 0.1, 0.2, 0.3, 0.4, 0.5, 0.6, 0.7, 0.8, 0.9, 1. ]), 'seed': 11111, 'num_seeds': 3, 'exp_name': 'moe-uncertainty', 'diff_missing': None, 'KeyEval': 'Loss', 'save_model': True, 'unified_missing': False, 'use_normalized_data': False, 'seeds': [111, 1111, 11111], 'missing_rate': (0.4, 0.4, 0.4), 'dataPath': '/mnt/HDD2/teng/Master-23/sjc/work2/EMT-DLFR-master-based/MMSA/Datasets/MOSI/Processed/unaligned_50.pkl', 'seq_lens': (50, 375, 500), 'feature_dims': (768, 5, 20), 'train_samples': 1284, 'num_classes': 3, 'language': 'en', 'missing_seed': (111, 1111, 11111), 'data_missing': True, 'deal_missing': False, 'need_data_aligned': False, 'need_model_aligned': False, 'need_normalized': False, 'use_bert': True, 'use_finetune': True, 'save_labels': False, 'early_stop': 8, 'update_epochs': 4, 'batch_size': 32, 'learning_rate_bert': 5e-05, 'learning_rate_audio': 0.001, 'learning_rate_video': 0.0001, 'learning_rate_other': 0.001, 'weight_decay_bert': 0.001, 'weight_decay_audio': 0.01, 'weight_decay_video': 0.001, 'weight_decay_other': 0.001, 'a_lstm_hidden_size': 32, 'v_lstm_hidden_size': 64, 'a_lstm_layers': 1, 'v_lstm_layers': 1, 'text_out': 768, 'audio_out': 16, 'video_out': 32, 'a_lstm_dropout': 0.0, 'v_lstm_dropout': 0.0, 't_bert_dropout': 0.1, 'd_model': 128, 'fusion_layers': 3, 'heads': 4, 'learnable_pos_emb': False, 'emb_dropout': 0.0, 'attn_dropout': 0.2, 'ff_dropout': 0.1, 'ff_expansion': 4, 'mpu_share': True, 'modality_share': True, 'layer_share': True, 'attn_act_fn': 'tanh', 'gmc_tokens_pred_dim': 128, 'text_pred_dim': 256, 'audio_pred_dim': 8, 'video_pred_dim': 16, 'recon_loss': 'SmoothL1Loss', 'loss_attra_weight': 1, 'uncertainty_attra_alpha': 0.1, 'loss_recon_weight': 1, 'uncertainty_reg_weight': 0.3, 'uncertainty_reg_margin': 5e-05, 'uncertainty_before_weight': 0.1, 'post_fusion_dim': 256, 'post_fusion_dropout': 0.3, 'H': 3.0, 'cur_time': 3, 'model_save_path': 'results/mosi/emt-dlfr/run_once/models/emt-dlfr-mosi-regression-mr0.4-11111.pth', 'device': device(type='cuda', index=7), 'tasks': 'M'}>",<max/seed>,"(73.47, 111)","(73.53, 111)","(74.09, 111)","(74.23, 111)","(37.17, 111)","(33.38, 111)","(106.58, 1111)","(56.29, 11111)","(-112.1, 11111)","(106.47, 1111)"
2026-02-07_07-07-57,emt-dlfr,"<Storage{'need_task_scheduling': False, 'is_tune': False, 'train_mode': 'regression', 'modelName': 'emt-dlfr', 'datasetName': 'mosi', 'num_workers': 4, 'model_save_dir': 'results/mosi/emt-dlfr/run_once/models', 'res_save_dir': 'results/mosi/emt-dlfr/run_once/results', 'gpu_ids': [7], 'missing_rates': array([0. , 0.1, 0.2, 0.3, 0.4, 0.5, 0.6, 0.7, 0.8, 0.9, 1. ]), 'seed': 11111, 'num_seeds': 3, 'exp_name': 'moe-uncertainty', 'diff_missing': None, 'KeyEval': 'Loss', 'save_model': True, 'unified_missing': False, 'use_normalized_data': False, 'seeds': [111, 1111, 11111], 'missing_rate': (0.4, 0.4, 0.4), 'dataPath': '/mnt/HDD2/teng/Master-23/sjc/work2/EMT-DLFR-master-based/MMSA/Datasets/MOSI/Processed/unaligned_50.pkl', 'seq_lens': (50, 375, 500), 'feature_dims': (768, 5, 20), 'train_samples': 1284, 'num_classes': 3, 'language': 'en', 'missing_seed': (111, 1111, 11111), 'data_missing': True, 'deal_missing': False, 'need_data_aligned': False, 'need_model_aligned': False, 'need_normalized': False, 'use_bert': True, 'use_finetune': True, 'save_labels': False, 'early_stop': 8, 'update_epochs': 4, 'batch_size': 32, 'learning_rate_bert': 5e-05, 'learning_rate_audio': 0.001, 'learning_rate_video': 0.0001, 'learning_rate_other': 0.001, 'weight_decay_bert': 0.001, 'weight_decay_audio': 0.01, 'weight_decay_video': 0.001, 'weight_decay_other': 0.001, 'a_lstm_hidden_size': 32, 'v_lstm_hidden_size': 64, 'a_lstm_layers': 1, 'v_lstm_layers': 1, 'text_out': 768, 'audio_out': 16, 'video_out': 32, 'a_lstm_dropout': 0.0, 'v_lstm_dropout': 0.0, 't_bert_dropout': 0.1, 'd_model': 128, 'fusion_layers': 3, 'heads': 4, 'learnable_pos_emb': False, 'emb_dropout': 0.0, 'attn_dropout': 0.2, 'ff_dropout': 0.1, 'ff_expansion': 4, 'mpu_share': True, 'modality_share': True, 'layer_share': True, 'attn_act_fn': 'tanh', 'gmc_tokens_pred_dim': 128, 'text_pred_dim': 256, 'audio_pred_dim': 8, 'video_pred_dim': 16, 'recon_loss': 'SmoothL1Loss', 'loss_attra_weight': 1, 'uncertainty_attra_alpha': 0.1, 'loss_recon_weight': 1, 'uncertainty_reg_weight': 0.3, 'uncertainty_reg_margin': 5e-05, 'uncertainty_before_weight': 0.1, 'post_fusion_dim': 256, 'post_fusion_dropout': 0.3, 'H': 3.0, 'cur_time': 3, 'model_save_path': 'results/mosi/emt-dlfr/run_once/models/emt-dlfr-mosi-regression-mr0.4-11111.pth', 'device': device(type='cuda', index=7), 'tasks': 'M'}>",<min/seed>,"(71.87, 11111)","(71.94, 11111)","(72.1, 11111)","(72.27, 11111)","(35.28, 1111)","(30.76, 11111)","(103.4, 111)","(55.04, 1111)","(-122.29, 111)","(103.73, 111)"
2026-02-07_14-27-55,emt-dlfr,"<Storage{'need_task_scheduling': False, 'is_tune': False, 'train_mode': 'regression', 'modelName': 'emt-dlfr', 'datasetName': 'mosi', 'num_workers': 4, 'model_save_dir': 'results/mosi/emt-dlfr/run_once/models', 'res_save_dir': 'results/mosi/emt-dlfr/run_once/results', 'gpu_ids': [7], 'missing_rates': array([0. , 0.1, 0.2, 0.3, 0.4, 0.5, 0.6, 0.7, 0.8, 0.9, 1. ]), 'seed': 11111, 'num_seeds': 3, 'exp_name': 'moe-uncertainty', 'diff_missing': None, 'KeyEval': 'Loss', 'save_model': True, 'unified_missing': False, 'use_normalized_data': False, 'seeds': [111, 1111, 11111], 'missing_rate': (0.4, 0.4, 0.4), 'dataPath': '/mnt/HDD2/teng/Master-23/sjc/work2/EMT-DLFR-master-based/MMSA/Datasets/MOSI/Processed/unaligned_50.pkl', 'seq_lens': (50, 375, 500), 'feature_dims': (768, 5, 20), 'train_samples': 1284, 'num_classes': 3, 'language': 'en', 'missing_seed': (111, 1111, 11111), 'data_missing': True, 'deal_missing': False, 'need_data_aligned': False, 'need_model_aligned': False, 'need_normalized': False, 'use_bert': True, 'use_finetune': True, 'save_labels': False, 'early_stop': 8, 'update_epochs': 4, 'batch_size': 32, 'learning_rate_bert': 5e-05, 'learning_rate_audio': 0.001, 'learning_rate_video': 0.0001, 'learning_rate_other': 0.001, 'weight_decay_bert': 0.001, 'weight_decay_audio': 0.01, 'weight_decay_video': 0.001, 'weight_decay_other': 0.001, 'a_lstm_hidden_size': 32, 'v_lstm_hidden_size': 64, 'a_lstm_layers': 1, 'v_lstm_layers': 1, 'text_out': 768, 'audio_out': 16, 'video_out': 32, 'a_lstm_dropout': 0.0, 'v_lstm_dropout': 0.0, 't_bert_dropout': 0.1, 'd_model': 128, 'fusion_layers': 3, 'heads': 4, 'learnable_pos_emb': False, 'emb_dropout': 0.0, 'attn_dropout': 0.2, 'ff_dropout': 0.1, 'ff_expansion': 4, 'mpu_share': True, 'modality_share': True, 'layer_share': True, 'attn_act_fn': 'tanh', 'gmc_tokens_pred_dim': 128, 'text_pred_dim': 256, 'audio_pred_dim': 8, 'video_pred_dim': 16, 'recon_loss': 'SmoothL1Loss', 'loss_attra_weight': 0.1, 'uncertainty_attra_alpha': 0.1, 'loss_recon_weight': 1, 'uncertainty_reg_weight': 0.3, 'uncertainty_reg_margin': 5e-05, 'uncertainty_before_weight': 0.1, 'post_fusion_dim': 256, 'post_fusion_dropout': 0.3, 'H': 3.0, 'cur_time': 3, 'model_save_path': 'results/mosi/emt-dlfr/run_once/models/emt-dlfr-mosi-regression-mr0.4-11111.pth', 'device': device(type='cuda', index=7), 'tasks': 'M'}>",111,72.16,72.11,73.02,73.05,36.73,32.22,105.79,53.29,105.9,105.67
2026-02-07_14-27-55,emt-dlfr,"<Storage{'need_task_scheduling': False, 'is_tune': False, 'train_mode': 'regression', 'modelName': 'emt-dlfr', 'datasetName': 'mosi', 'num_workers': 4, 'model_save_dir': 'results/mosi/emt-dlfr/run_once/models', 'res_save_dir': 'results/mosi/emt-dlfr/run_once/results', 'gpu_ids': [7], 'missing_rates': array([0. , 0.1, 0.2, 0.3, 0.4, 0.5, 0.6, 0.7, 0.8, 0.9, 1. ]), 'seed': 11111, 'num_seeds': 3, 'exp_name': 'moe-uncertainty', 'diff_missing': None, 'KeyEval': 'Loss', 'save_model': True, 'unified_missing': False, 'use_normalized_data': False, 'seeds': [111, 1111, 11111], 'missing_rate': (0.4, 0.4, 0.4), 'dataPath': '/mnt/HDD2/teng/Master-23/sjc/work2/EMT-DLFR-master-based/MMSA/Datasets/MOSI/Processed/unaligned_50.pkl', 'seq_lens': (50, 375, 500), 'feature_dims': (768, 5, 20), 'train_samples': 1284, 'num_classes': 3, 'language': 'en', 'missing_seed': (111, 1111, 11111), 'data_missing': True, 'deal_missing': False, 'need_data_aligned': False, 'need_model_aligned': False, 'need_normalized': False, 'use_bert': True, 'use_finetune': True, 'save_labels': False, 'early_stop': 8, 'update_epochs': 4, 'batch_size': 32, 'learning_rate_bert': 5e-05, 'learning_rate_audio': 0.001, 'learning_rate_video': 0.0001, 'learning_rate_other': 0.001, 'weight_decay_bert': 0.001, 'weight_decay_audio': 0.01, 'weight_decay_video': 0.001, 'weight_decay_other': 0.001, 'a_lstm_hidden_size': 32, 'v_lstm_hidden_size': 64, 'a_lstm_layers': 1, 'v_lstm_layers': 1, 'text_out': 768, 'audio_out': 16, 'video_out': 32, 'a_lstm_dropout': 0.0, 'v_lstm_dropout': 0.0, 't_bert_dropout': 0.1, 'd_model': 128, 'fusion_layers': 3, 'heads': 4, 'learnable_pos_emb': False, 'emb_dropout': 0.0, 'attn_dropout': 0.2, 'ff_dropout': 0.1, 'ff_expansion': 4, 'mpu_share': True, 'modality_share': True, 'layer_share': True, 'attn_act_fn': 'tanh', 'gmc_tokens_pred_dim': 128, 'text_pred_dim': 256, 'audio_pred_dim': 8, 'video_pred_dim': 16, 'recon_loss': 'SmoothL1Loss', 'loss_attra_weight': 0.1, 'uncertainty_attra_alpha': 0.1, 'loss_recon_weight': 1, 'uncertainty_reg_weight': 0.3, 'uncertainty_reg_margin': 5e-05, 'uncertainty_before_weight': 0.1, 'post_fusion_dim': 256, 'post_fusion_dropout': 0.3, 'H': 3.0, 'cur_time': 3, 'model_save_path': 'results/mosi/emt-dlfr/run_once/models/emt-dlfr-mosi-regression-mr0.4-11111.pth', 'device': device(type='cuda', index=7), 'tasks': 'M'}>",1111,72.01,72.08,72.71,72.86,34.55,31.49,104.19,57.17,104.36,102.98
2026-02-07_14-27-55,emt-dlfr,"<Storage{'need_task_scheduling': False, 'is_tune': False, 'train_mode': 'regression', 'modelName': 'emt-dlfr', 'datasetName': 'mosi', 'num_workers': 4, 'model_save_dir': 'results/mosi/emt-dlfr/run_once/models', 'res_save_dir': 'results/mosi/emt-dlfr/run_once/results', 'gpu_ids': [7], 'missing_rates': array([0. , 0.1, 0.2, 0.3, 0.4, 0.5, 0.6, 0.7, 0.8, 0.9, 1. ]), 'seed': 11111, 'num_seeds': 3, 'exp_name': 'moe-uncertainty', 'diff_missing': None, 'KeyEval': 'Loss', 'save_model': True, 'unified_missing': False, 'use_normalized_data': False, 'seeds': [111, 1111, 11111], 'missing_rate': (0.4, 0.4, 0.4), 'dataPath': '/mnt/HDD2/teng/Master-23/sjc/work2/EMT-DLFR-master-based/MMSA/Datasets/MOSI/Processed/unaligned_50.pkl', 'seq_lens': (50, 375, 500), 'feature_dims': (768, 5, 20), 'train_samples': 1284, 'num_classes': 3, 'language': 'en', 'missing_seed': (111, 1111, 11111), 'data_missing': True, 'deal_missing': False, 'need_data_aligned': False, 'need_model_aligned': False, 'need_normalized': False, 'use_bert': True, 'use_finetune': True, 'save_labels': False, 'early_stop': 8, 'update_epochs': 4, 'batch_size': 32, 'learning_rate_bert': 5e-05, 'learning_rate_audio': 0.001, 'learning_rate_video': 0.0001, 'learning_rate_other': 0.001, 'weight_decay_bert': 0.001, 'weight_decay_audio': 0.01, 'weight_decay_video': 0.001, 'weight_decay_other': 0.001, 'a_lstm_hidden_size': 32, 'v_lstm_hidden_size': 64, 'a_lstm_layers': 1, 'v_lstm_layers': 1, 'text_out': 768, 'audio_out': 16, 'video_out': 32, 'a_lstm_dropout': 0.0, 'v_lstm_dropout': 0.0, 't_bert_dropout': 0.1, 'd_model': 128, 'fusion_layers': 3, 'heads': 4, 'learnable_pos_emb': False, 'emb_dropout': 0.0, 'attn_dropout': 0.2, 'ff_dropout': 0.1, 'ff_expansion': 4, 'mpu_share': True, 'modality_share': True, 'layer_share': True, 'attn_act_fn': 'tanh', 'gmc_tokens_pred_dim': 128, 'text_pred_dim': 256, 'audio_pred_dim': 8, 'video_pred_dim': 16, 'recon_loss': 'SmoothL1Loss', 'loss_attra_weight': 0.1, 'uncertainty_attra_alpha': 0.1, 'loss_recon_weight': 1, 'uncertainty_reg_weight': 0.3, 'uncertainty_reg_margin': 5e-05, 'uncertainty_before_weight': 0.1, 'post_fusion_dim': 256, 'post_fusion_dropout': 0.3, 'H': 3.0, 'cur_time': 3, 'model_save_path': 'results/mosi/emt-dlfr/run_once/models/emt-dlfr-mosi-regression-mr0.4-11111.pth', 'device': device(type='cuda', index=7), 'tasks': 'M'}>",11111,74.2,74.27,74.85,75.0,36.3,32.51,103.69,58.72,105.47,104.85
2026-02-07_14-27-55,emt-dlfr,"<Storage{'need_task_scheduling': False, 'is_tune': False, 'train_mode': 'regression', 'modelName': 'emt-dlfr', 'datasetName': 'mosi', 'num_workers': 4, 'model_save_dir': 'results/mosi/emt-dlfr/run_once/models', 'res_save_dir': 'results/mosi/emt-dlfr/run_once/results', 'gpu_ids': [7], 'missing_rates': array([0. , 0.1, 0.2, 0.3, 0.4, 0.5, 0.6, 0.7, 0.8, 0.9, 1. ]), 'seed': 11111, 'num_seeds': 3, 'exp_name': 'moe-uncertainty', 'diff_missing': None, 'KeyEval': 'Loss', 'save_model': True, 'unified_missing': False, 'use_normalized_data': False, 'seeds': [111, 1111, 11111], 'missing_rate': (0.4, 0.4, 0.4), 'dataPath': '/mnt/HDD2/teng/Master-23/sjc/work2/EMT-DLFR-master-based/MMSA/Datasets/MOSI/Processed/unaligned_50.pkl', 'seq_lens': (50, 375, 500), 'feature_dims': (768, 5, 20), 'train_samples': 1284, 'num_classes': 3, 'language': 'en', 'missing_seed': (111, 1111, 11111), 'data_missing': True, 'deal_missing': False, 'need_data_aligned': False, 'need_model_aligned': False, 'need_normalized': False, 'use_bert': True, 'use_finetune': True, 'save_labels': False, 'early_stop': 8, 'update_epochs': 4, 'batch_size': 32, 'learning_rate_bert': 5e-05, 'learning_rate_audio': 0.001, 'learning_rate_video': 0.0001, 'learning_rate_other': 0.001, 'weight_decay_bert': 0.001, 'weight_decay_audio': 0.01, 'weight_decay_video': 0.001, 'weight_decay_other': 0.001, 'a_lstm_hidden_size': 32, 'v_lstm_hidden_size': 64, 'a_lstm_layers': 1, 'v_lstm_layers': 1, 'text_out': 768, 'audio_out': 16, 'video_out': 32, 'a_lstm_dropout': 0.0, 'v_lstm_dropout': 0.0, 't_bert_dropout': 0.1, 'd_model': 128, 'fusion_layers': 3, 'heads': 4, 'learnable_pos_emb': False, 'emb_dropout': 0.0, 'attn_dropout': 0.2, 'ff_dropout': 0.1, 'ff_expansion': 4, 'mpu_share': True, 'modality_share': True, 'layer_share': True, 'attn_act_fn': 'tanh', 'gmc_tokens_pred_dim': 128, 'text_pred_dim': 256, 'audio_pred_dim': 8, 'video_pred_dim': 16, 'recon_loss': 'SmoothL1Loss', 'loss_attra_weight': 0.1, 'uncertainty_attra_alpha': 0.1, 'loss_recon_weight': 1, 'uncertainty_reg_weight': 0.3, 'uncertainty_reg_margin': 5e-05, 'uncertainty_before_weight': 0.1, 'post_fusion_dim': 256, 'post_fusion_dropout': 0.3, 'H': 3.0, 'cur_time': 3, 'model_save_path': 'results/mosi/emt-dlfr/run_once/models/emt-dlfr-mosi-regression-mr0.4-11111.pth', 'device': device(type='cuda', index=7), 'tasks': 'M'}>",<mean/std>,"(72.79, 1.0)","(72.82, 1.03)","(73.53, 0.94)","(73.64, 0.97)","(35.86, 0.94)","(32.07, 0.43)","(104.56, 0.9)","(56.39, 2.28)","(105.24, 0.65)","(104.5, 1.12)"
2026-02-07_14-27-55,emt-dlfr,"<Storage{'need_task_scheduling': False, 'is_tune': False, 'train_mode': 'regression', 'modelName': 'emt-dlfr', 'datasetName': 'mosi', 'num_workers': 4, 'model_save_dir': 'results/mosi/emt-dlfr/run_once/models', 'res_save_dir': 'results/mosi/emt-dlfr/run_once/results', 'gpu_ids': [7], 'missing_rates': array([0. , 0.1, 0.2, 0.3, 0.4, 0.5, 0.6, 0.7, 0.8, 0.9, 1. ]), 'seed': 11111, 'num_seeds': 3, 'exp_name': 'moe-uncertainty', 'diff_missing': None, 'KeyEval': 'Loss', 'save_model': True, 'unified_missing': False, 'use_normalized_data': False, 'seeds': [111, 1111, 11111], 'missing_rate': (0.4, 0.4, 0.4), 'dataPath': '/mnt/HDD2/teng/Master-23/sjc/work2/EMT-DLFR-master-based/MMSA/Datasets/MOSI/Processed/unaligned_50.pkl', 'seq_lens': (50, 375, 500), 'feature_dims': (768, 5, 20), 'train_samples': 1284, 'num_classes': 3, 'language': 'en', 'missing_seed': (111, 1111, 11111), 'data_missing': True, 'deal_missing': False, 'need_data_aligned': False, 'need_model_aligned': False, 'need_normalized': False, 'use_bert': True, 'use_finetune': True, 'save_labels': False, 'early_stop': 8, 'update_epochs': 4, 'batch_size': 32, 'learning_rate_bert': 5e-05, 'learning_rate_audio': 0.001, 'learning_rate_video': 0.0001, 'learning_rate_other': 0.001, 'weight_decay_bert': 0.001, 'weight_decay_audio': 0.01, 'weight_decay_video': 0.001, 'weight_decay_other': 0.001, 'a_lstm_hidden_size': 32, 'v_lstm_hidden_size': 64, 'a_lstm_layers': 1, 'v_lstm_layers': 1, 'text_out': 768, 'audio_out': 16, 'video_out': 32, 'a_lstm_dropout': 0.0, 'v_lstm_dropout': 0.0, 't_bert_dropout': 0.1, 'd_model': 128, 'fusion_layers': 3, 'heads': 4, 'learnable_pos_emb': False, 'emb_dropout': 0.0, 'attn_dropout': 0.2, 'ff_dropout': 0.1, 'ff_expansion': 4, 'mpu_share': True, 'modality_share': True, 'layer_share': True, 'attn_act_fn': 'tanh', 'gmc_tokens_pred_dim': 128, 'text_pred_dim': 256, 'audio_pred_dim': 8, 'video_pred_dim': 16, 'recon_loss': 'SmoothL1Loss', 'loss_attra_weight': 0.1, 'uncertainty_attra_alpha': 0.1, 'loss_recon_weight': 1, 'uncertainty_reg_weight': 0.3, 'uncertainty_reg_margin': 5e-05, 'uncertainty_before_weight': 0.1, 'post_fusion_dim': 256, 'post_fusion_dropout': 0.3, 'H': 3.0, 'cur_time': 3, 'model_save_path': 'results/mosi/emt-dlfr/run_once/models/emt-dlfr-mosi-regression-mr0.4-11111.pth', 'device': device(type='cuda', index=7), 'tasks': 'M'}>",<max/seed>,"(74.2, 11111)","(74.27, 11111)","(74.85, 11111)","(75.0, 11111)","(36.73, 111)","(32.51, 11111)","(105.79, 111)","(58.72, 11111)","(105.9, 111)","(105.67, 111)"
2026-02-07_14-27-55,emt-dlfr,"<Storage{'need_task_scheduling': False, 'is_tune': False, 'train_mode': 'regression', 'modelName': 'emt-dlfr', 'datasetName': 'mosi', 'num_workers': 4, 'model_save_dir': 'results/mosi/emt-dlfr/run_once/models', 'res_save_dir': 'results/mosi/emt-dlfr/run_once/results', 'gpu_ids': [7], 'missing_rates': array([0. , 0.1, 0.2, 0.3, 0.4, 0.5, 0.6, 0.7, 0.8, 0.9, 1. ]), 'seed': 11111, 'num_seeds': 3, 'exp_name': 'moe-uncertainty', 'diff_missing': None, 'KeyEval': 'Loss', 'save_model': True, 'unified_missing': False, 'use_normalized_data': False, 'seeds': [111, 1111, 11111], 'missing_rate': (0.4, 0.4, 0.4), 'dataPath': '/mnt/HDD2/teng/Master-23/sjc/work2/EMT-DLFR-master-based/MMSA/Datasets/MOSI/Processed/unaligned_50.pkl', 'seq_lens': (50, 375, 500), 'feature_dims': (768, 5, 20), 'train_samples': 1284, 'num_classes': 3, 'language': 'en', 'missing_seed': (111, 1111, 11111), 'data_missing': True, 'deal_missing': False, 'need_data_aligned': False, 'need_model_aligned': False, 'need_normalized': False, 'use_bert': True, 'use_finetune': True, 'save_labels': False, 'early_stop': 8, 'update_epochs': 4, 'batch_size': 32, 'learning_rate_bert': 5e-05, 'learning_rate_audio': 0.001, 'learning_rate_video': 0.0001, 'learning_rate_other': 0.001, 'weight_decay_bert': 0.001, 'weight_decay_audio': 0.01, 'weight_decay_video': 0.001, 'weight_decay_other': 0.001, 'a_lstm_hidden_size': 32, 'v_lstm_hidden_size': 64, 'a_lstm_layers': 1, 'v_lstm_layers': 1, 'text_out': 768, 'audio_out': 16, 'video_out': 32, 'a_lstm_dropout': 0.0, 'v_lstm_dropout': 0.0, 't_bert_dropout': 0.1, 'd_model': 128, 'fusion_layers': 3, 'heads': 4, 'learnable_pos_emb': False, 'emb_dropout': 0.0, 'attn_dropout': 0.2, 'ff_dropout': 0.1, 'ff_expansion': 4, 'mpu_share': True, 'modality_share': True, 'layer_share': True, 'attn_act_fn': 'tanh', 'gmc_tokens_pred_dim': 128, 'text_pred_dim': 256, 'audio_pred_dim': 8, 'video_pred_dim': 16, 'recon_loss': 'SmoothL1Loss', 'loss_attra_weight': 0.1, 'uncertainty_attra_alpha': 0.1, 'loss_recon_weight': 1, 'uncertainty_reg_weight': 0.3, 'uncertainty_reg_margin': 5e-05, 'uncertainty_before_weight': 0.1, 'post_fusion_dim': 256, 'post_fusion_dropout': 0.3, 'H': 3.0, 'cur_time': 3, 'model_save_path': 'results/mosi/emt-dlfr/run_once/models/emt-dlfr-mosi-regression-mr0.4-11111.pth', 'device': device(type='cuda', index=7), 'tasks': 'M'}>",<min/seed>,"(72.01, 1111)","(72.08, 1111)","(72.71, 1111)","(72.86, 1111)","(34.55, 1111)","(31.49, 1111)","(103.69, 11111)","(53.29, 111)","(104.36, 1111)","(102.98, 1111)"
2026-02-07_18-56-00,emt-dlfr,"<Storage{'need_task_scheduling': False, 'is_tune': False, 'train_mode': 'regression', 'modelName': 'emt-dlfr', 'datasetName': 'mosi', 'num_workers': 4, 'model_save_dir': 'results/mosi/emt-dlfr/run_once/models', 'res_save_dir': 'results/mosi/emt-dlfr/run_once/results', 'gpu_ids': [7], 'missing_rates': array([0. , 0.1, 0.2, 0.3, 0.4, 0.5, 0.6, 0.7, 0.8, 0.9, 1. ]), 'seed': 11111, 'num_seeds': 3, 'exp_name': 'moe-uncertainty', 'diff_missing': None, 'KeyEval': 'Loss', 'save_model': True, 'unified_missing': False, 'use_normalized_data': False, 'seeds': [111, 1111, 11111], 'missing_rate': (0.4, 0.4, 0.4), 'dataPath': '/mnt/HDD2/teng/Master-23/sjc/work2/EMT-DLFR-master-based/MMSA/Datasets/MOSI/Processed/unaligned_50.pkl', 'seq_lens': (50, 375, 500), 'feature_dims': (768, 5, 20), 'train_samples': 1284, 'num_classes': 3, 'language': 'en', 'missing_seed': (111, 1111, 11111), 'data_missing': True, 'deal_missing': False, 'need_data_aligned': False, 'need_model_aligned': False, 'need_normalized': False, 'use_bert': True, 'use_finetune': True, 'save_labels': False, 'early_stop': 8, 'update_epochs': 4, 'batch_size': 32, 'learning_rate_bert': 5e-05, 'learning_rate_audio': 0.001, 'learning_rate_video': 0.0001, 'learning_rate_other': 0.001, 'weight_decay_bert': 0.001, 'weight_decay_audio': 0.01, 'weight_decay_video': 0.001, 'weight_decay_other': 0.001, 'a_lstm_hidden_size': 32, 'v_lstm_hidden_size': 64, 'a_lstm_layers': 1, 'v_lstm_layers': 1, 'text_out': 768, 'audio_out': 16, 'video_out': 32, 'a_lstm_dropout': 0.0, 'v_lstm_dropout': 0.0, 't_bert_dropout': 0.1, 'd_model': 128, 'fusion_layers': 3, 'heads': 4, 'learnable_pos_emb': False, 'emb_dropout': 0.0, 'attn_dropout': 0.2, 'ff_dropout': 0.1, 'ff_expansion': 4, 'mpu_share': True, 'modality_share': True, 'layer_share': True, 'attn_act_fn': 'tanh', 'gmc_tokens_pred_dim': 128, 'text_pred_dim': 256, 'audio_pred_dim': 8, 'video_pred_dim': 16, 'recon_loss': 'SmoothL1Loss', 'loss_attra_weight': 1.2, 'uncertainty_attra_alpha': 0.1, 'loss_recon_weight': 1, 'uncertainty_reg_weight': 0.3, 'uncertainty_reg_margin': 5e-05, 'uncertainty_before_weight': 0.1, 'post_fusion_dim': 256, 'post_fusion_dropout': 0.3, 'H': 3.0, 'cur_time': 3, 'model_save_path': 'results/mosi/emt-dlfr/run_once/models/emt-dlfr-mosi-regression-mr0.4-11111.pth', 'device': device(type='cuda', index=7), 'tasks': 'M'}>",111,73.32,73.37,73.93,74.05,34.4,31.34,107.72,53.77,-162.36,107.5
2026-02-07_18-56-00,emt-dlfr,"<Storage{'need_task_scheduling': False, 'is_tune': False, 'train_mode': 'regression', 'modelName': 'emt-dlfr', 'datasetName': 'mosi', 'num_workers': 4, 'model_save_dir': 'results/mosi/emt-dlfr/run_once/models', 'res_save_dir': 'results/mosi/emt-dlfr/run_once/results', 'gpu_ids': [7], 'missing_rates': array([0. , 0.1, 0.2, 0.3, 0.4, 0.5, 0.6, 0.7, 0.8, 0.9, 1. ]), 'seed': 11111, 'num_seeds': 3, 'exp_name': 'moe-uncertainty', 'diff_missing': None, 'KeyEval': 'Loss', 'save_model': True, 'unified_missing': False, 'use_normalized_data': False, 'seeds': [111, 1111, 11111], 'missing_rate': (0.4, 0.4, 0.4), 'dataPath': '/mnt/HDD2/teng/Master-23/sjc/work2/EMT-DLFR-master-based/MMSA/Datasets/MOSI/Processed/unaligned_50.pkl', 'seq_lens': (50, 375, 500), 'feature_dims': (768, 5, 20), 'train_samples': 1284, 'num_classes': 3, 'language': 'en', 'missing_seed': (111, 1111, 11111), 'data_missing': True, 'deal_missing': False, 'need_data_aligned': False, 'need_model_aligned': False, 'need_normalized': False, 'use_bert': True, 'use_finetune': True, 'save_labels': False, 'early_stop': 8, 'update_epochs': 4, 'batch_size': 32, 'learning_rate_bert': 5e-05, 'learning_rate_audio': 0.001, 'learning_rate_video': 0.0001, 'learning_rate_other': 0.001, 'weight_decay_bert': 0.001, 'weight_decay_audio': 0.01, 'weight_decay_video': 0.001, 'weight_decay_other': 0.001, 'a_lstm_hidden_size': 32, 'v_lstm_hidden_size': 64, 'a_lstm_layers': 1, 'v_lstm_layers': 1, 'text_out': 768, 'audio_out': 16, 'video_out': 32, 'a_lstm_dropout': 0.0, 'v_lstm_dropout': 0.0, 't_bert_dropout': 0.1, 'd_model': 128, 'fusion_layers': 3, 'heads': 4, 'learnable_pos_emb': False, 'emb_dropout': 0.0, 'attn_dropout': 0.2, 'ff_dropout': 0.1, 'ff_expansion': 4, 'mpu_share': True, 'modality_share': True, 'layer_share': True, 'attn_act_fn': 'tanh', 'gmc_tokens_pred_dim': 128, 'text_pred_dim': 256, 'audio_pred_dim': 8, 'video_pred_dim': 16, 'recon_loss': 'SmoothL1Loss', 'loss_attra_weight': 1.2, 'uncertainty_attra_alpha': 0.1, 'loss_recon_weight': 1, 'uncertainty_reg_weight': 0.3, 'uncertainty_reg_margin': 5e-05, 'uncertainty_before_weight': 0.1, 'post_fusion_dim': 256, 'post_fusion_dropout': 0.3, 'H': 3.0, 'cur_time': 3, 'model_save_path': 'results/mosi/emt-dlfr/run_once/models/emt-dlfr-mosi-regression-mr0.4-11111.pth', 'device': device(type='cuda', index=7), 'tasks': 'M'}>",1111,72.3,72.38,73.02,73.18,36.15,32.36,106.27,55.95,-161.16,107.39
2026-02-07_18-56-00,emt-dlfr,"<Storage{'need_task_scheduling': False, 'is_tune': False, 'train_mode': 'regression', 'modelName': 'emt-dlfr', 'datasetName': 'mosi', 'num_workers': 4, 'model_save_dir': 'results/mosi/emt-dlfr/run_once/models', 'res_save_dir': 'results/mosi/emt-dlfr/run_once/results', 'gpu_ids': [7], 'missing_rates': array([0. , 0.1, 0.2, 0.3, 0.4, 0.5, 0.6, 0.7, 0.8, 0.9, 1. ]), 'seed': 11111, 'num_seeds': 3, 'exp_name': 'moe-uncertainty', 'diff_missing': None, 'KeyEval': 'Loss', 'save_model': True, 'unified_missing': False, 'use_normalized_data': False, 'seeds': [111, 1111, 11111], 'missing_rate': (0.4, 0.4, 0.4), 'dataPath': '/mnt/HDD2/teng/Master-23/sjc/work2/EMT-DLFR-master-based/MMSA/Datasets/MOSI/Processed/unaligned_50.pkl', 'seq_lens': (50, 375, 500), 'feature_dims': (768, 5, 20), 'train_samples': 1284, 'num_classes': 3, 'language': 'en', 'missing_seed': (111, 1111, 11111), 'data_missing': True, 'deal_missing': False, 'need_data_aligned': False, 'need_model_aligned': False, 'need_normalized': False, 'use_bert': True, 'use_finetune': True, 'save_labels': False, 'early_stop': 8, 'update_epochs': 4, 'batch_size': 32, 'learning_rate_bert': 5e-05, 'learning_rate_audio': 0.001, 'learning_rate_video': 0.0001, 'learning_rate_other': 0.001, 'weight_decay_bert': 0.001, 'weight_decay_audio': 0.01, 'weight_decay_video': 0.001, 'weight_decay_other': 0.001, 'a_lstm_hidden_size': 32, 'v_lstm_hidden_size': 64, 'a_lstm_layers': 1, 'v_lstm_layers': 1, 'text_out': 768, 'audio_out': 16, 'video_out': 32, 'a_lstm_dropout': 0.0, 'v_lstm_dropout': 0.0, 't_bert_dropout': 0.1, 'd_model': 128, 'fusion_layers': 3, 'heads': 4, 'learnable_pos_emb': False, 'emb_dropout': 0.0, 'attn_dropout': 0.2, 'ff_dropout': 0.1, 'ff_expansion': 4, 'mpu_share': True, 'modality_share': True, 'layer_share': True, 'attn_act_fn': 'tanh', 'gmc_tokens_pred_dim': 128, 'text_pred_dim': 256, 'audio_pred_dim': 8, 'video_pred_dim': 16, 'recon_loss': 'SmoothL1Loss', 'loss_attra_weight': 1.2, 'uncertainty_attra_alpha': 0.1, 'loss_recon_weight': 1, 'uncertainty_reg_weight': 0.3, 'uncertainty_reg_margin': 5e-05, 'uncertainty_before_weight': 0.1, 'post_fusion_dim': 256, 'post_fusion_dropout': 0.3, 'H': 3.0, 'cur_time': 3, 'model_save_path': 'results/mosi/emt-dlfr/run_once/models/emt-dlfr-mosi-regression-mr0.4-11111.pth', 'device': device(type='cuda', index=7), 'tasks': 'M'}>",11111,73.76,73.83,74.24,74.39,36.44,32.51,102.79,58.13,-164.49,102.71
2026-02-07_18-56-00,emt-dlfr,"<Storage{'need_task_scheduling': False, 'is_tune': False, 'train_mode': 'regression', 'modelName': 'emt-dlfr', 'datasetName': 'mosi', 'num_workers': 4, 'model_save_dir': 'results/mosi/emt-dlfr/run_once/models', 'res_save_dir': 'results/mosi/emt-dlfr/run_once/results', 'gpu_ids': [7], 'missing_rates': array([0. , 0.1, 0.2, 0.3, 0.4, 0.5, 0.6, 0.7, 0.8, 0.9, 1. ]), 'seed': 11111, 'num_seeds': 3, 'exp_name': 'moe-uncertainty', 'diff_missing': None, 'KeyEval': 'Loss', 'save_model': True, 'unified_missing': False, 'use_normalized_data': False, 'seeds': [111, 1111, 11111], 'missing_rate': (0.4, 0.4, 0.4), 'dataPath': '/mnt/HDD2/teng/Master-23/sjc/work2/EMT-DLFR-master-based/MMSA/Datasets/MOSI/Processed/unaligned_50.pkl', 'seq_lens': (50, 375, 500), 'feature_dims': (768, 5, 20), 'train_samples': 1284, 'num_classes': 3, 'language': 'en', 'missing_seed': (111, 1111, 11111), 'data_missing': True, 'deal_missing': False, 'need_data_aligned': False, 'need_model_aligned': False, 'need_normalized': False, 'use_bert': True, 'use_finetune': True, 'save_labels': False, 'early_stop': 8, 'update_epochs': 4, 'batch_size': 32, 'learning_rate_bert': 5e-05, 'learning_rate_audio': 0.001, 'learning_rate_video': 0.0001, 'learning_rate_other': 0.001, 'weight_decay_bert': 0.001, 'weight_decay_audio': 0.01, 'weight_decay_video': 0.001, 'weight_decay_other': 0.001, 'a_lstm_hidden_size': 32, 'v_lstm_hidden_size': 64, 'a_lstm_layers': 1, 'v_lstm_layers': 1, 'text_out': 768, 'audio_out': 16, 'video_out': 32, 'a_lstm_dropout': 0.0, 'v_lstm_dropout': 0.0, 't_bert_dropout': 0.1, 'd_model': 128, 'fusion_layers': 3, 'heads': 4, 'learnable_pos_emb': False, 'emb_dropout': 0.0, 'attn_dropout': 0.2, 'ff_dropout': 0.1, 'ff_expansion': 4, 'mpu_share': True, 'modality_share': True, 'layer_share': True, 'attn_act_fn': 'tanh', 'gmc_tokens_pred_dim': 128, 'text_pred_dim': 256, 'audio_pred_dim': 8, 'video_pred_dim': 16, 'recon_loss': 'SmoothL1Loss', 'loss_attra_weight': 1.2, 'uncertainty_attra_alpha': 0.1, 'loss_recon_weight': 1, 'uncertainty_reg_weight': 0.3, 'uncertainty_reg_margin': 5e-05, 'uncertainty_before_weight': 0.1, 'post_fusion_dim': 256, 'post_fusion_dropout': 0.3, 'H': 3.0, 'cur_time': 3, 'model_save_path': 'results/mosi/emt-dlfr/run_once/models/emt-dlfr-mosi-regression-mr0.4-11111.pth', 'device': device(type='cuda', index=7), 'tasks': 'M'}>",<mean/std>,"(73.13, 0.61)","(73.19, 0.6)","(73.73, 0.52)","(73.87, 0.51)","(35.66, 0.9)","(32.07, 0.52)","(105.59, 2.07)","(55.95, 1.78)","(-162.67, 1.38)","(105.87, 2.23)"
2026-02-07_18-56-00,emt-dlfr,"<Storage{'need_task_scheduling': False, 'is_tune': False, 'train_mode': 'regression', 'modelName': 'emt-dlfr', 'datasetName': 'mosi', 'num_workers': 4, 'model_save_dir': 'results/mosi/emt-dlfr/run_once/models', 'res_save_dir': 'results/mosi/emt-dlfr/run_once/results', 'gpu_ids': [7], 'missing_rates': array([0. , 0.1, 0.2, 0.3, 0.4, 0.5, 0.6, 0.7, 0.8, 0.9, 1. ]), 'seed': 11111, 'num_seeds': 3, 'exp_name': 'moe-uncertainty', 'diff_missing': None, 'KeyEval': 'Loss', 'save_model': True, 'unified_missing': False, 'use_normalized_data': False, 'seeds': [111, 1111, 11111], 'missing_rate': (0.4, 0.4, 0.4), 'dataPath': '/mnt/HDD2/teng/Master-23/sjc/work2/EMT-DLFR-master-based/MMSA/Datasets/MOSI/Processed/unaligned_50.pkl', 'seq_lens': (50, 375, 500), 'feature_dims': (768, 5, 20), 'train_samples': 1284, 'num_classes': 3, 'language': 'en', 'missing_seed': (111, 1111, 11111), 'data_missing': True, 'deal_missing': False, 'need_data_aligned': False, 'need_model_aligned': False, 'need_normalized': False, 'use_bert': True, 'use_finetune': True, 'save_labels': False, 'early_stop': 8, 'update_epochs': 4, 'batch_size': 32, 'learning_rate_bert': 5e-05, 'learning_rate_audio': 0.001, 'learning_rate_video': 0.0001, 'learning_rate_other': 0.001, 'weight_decay_bert': 0.001, 'weight_decay_audio': 0.01, 'weight_decay_video': 0.001, 'weight_decay_other': 0.001, 'a_lstm_hidden_size': 32, 'v_lstm_hidden_size': 64, 'a_lstm_layers': 1, 'v_lstm_layers': 1, 'text_out': 768, 'audio_out': 16, 'video_out': 32, 'a_lstm_dropout': 0.0, 'v_lstm_dropout': 0.0, 't_bert_dropout': 0.1, 'd_model': 128, 'fusion_layers': 3, 'heads': 4, 'learnable_pos_emb': False, 'emb_dropout': 0.0, 'attn_dropout': 0.2, 'ff_dropout': 0.1, 'ff_expansion': 4, 'mpu_share': True, 'modality_share': True, 'layer_share': True, 'attn_act_fn': 'tanh', 'gmc_tokens_pred_dim': 128, 'text_pred_dim': 256, 'audio_pred_dim': 8, 'video_pred_dim': 16, 'recon_loss': 'SmoothL1Loss', 'loss_attra_weight': 1.2, 'uncertainty_attra_alpha': 0.1, 'loss_recon_weight': 1, 'uncertainty_reg_weight': 0.3, 'uncertainty_reg_margin': 5e-05, 'uncertainty_before_weight': 0.1, 'post_fusion_dim': 256, 'post_fusion_dropout': 0.3, 'H': 3.0, 'cur_time': 3, 'model_save_path': 'results/mosi/emt-dlfr/run_once/models/emt-dlfr-mosi-regression-mr0.4-11111.pth', 'device': device(type='cuda', index=7), 'tasks': 'M'}>",<max/seed>,"(73.76, 11111)","(73.83, 11111)","(74.24, 11111)","(74.39, 11111)","(36.44, 11111)","(32.51, 11111)","(107.72, 111)","(58.13, 11111)","(-161.16, 1111)","(107.5, 111)"
2026-02-07_18-56-00,emt-dlfr,"<Storage{'need_task_scheduling': False, 'is_tune': False, 'train_mode': 'regression', 'modelName': 'emt-dlfr', 'datasetName': 'mosi', 'num_workers': 4, 'model_save_dir': 'results/mosi/emt-dlfr/run_once/models', 'res_save_dir': 'results/mosi/emt-dlfr/run_once/results', 'gpu_ids': [7], 'missing_rates': array([0. , 0.1, 0.2, 0.3, 0.4, 0.5, 0.6, 0.7, 0.8, 0.9, 1. ]), 'seed': 11111, 'num_seeds': 3, 'exp_name': 'moe-uncertainty', 'diff_missing': None, 'KeyEval': 'Loss', 'save_model': True, 'unified_missing': False, 'use_normalized_data': False, 'seeds': [111, 1111, 11111], 'missing_rate': (0.4, 0.4, 0.4), 'dataPath': '/mnt/HDD2/teng/Master-23/sjc/work2/EMT-DLFR-master-based/MMSA/Datasets/MOSI/Processed/unaligned_50.pkl', 'seq_lens': (50, 375, 500), 'feature_dims': (768, 5, 20), 'train_samples': 1284, 'num_classes': 3, 'language': 'en', 'missing_seed': (111, 1111, 11111), 'data_missing': True, 'deal_missing': False, 'need_data_aligned': False, 'need_model_aligned': False, 'need_normalized': False, 'use_bert': True, 'use_finetune': True, 'save_labels': False, 'early_stop': 8, 'update_epochs': 4, 'batch_size': 32, 'learning_rate_bert': 5e-05, 'learning_rate_audio': 0.001, 'learning_rate_video': 0.0001, 'learning_rate_other': 0.001, 'weight_decay_bert': 0.001, 'weight_decay_audio': 0.01, 'weight_decay_video': 0.001, 'weight_decay_other': 0.001, 'a_lstm_hidden_size': 32, 'v_lstm_hidden_size': 64, 'a_lstm_layers': 1, 'v_lstm_layers': 1, 'text_out': 768, 'audio_out': 16, 'video_out': 32, 'a_lstm_dropout': 0.0, 'v_lstm_dropout': 0.0, 't_bert_dropout': 0.1, 'd_model': 128, 'fusion_layers': 3, 'heads': 4, 'learnable_pos_emb': False, 'emb_dropout': 0.0, 'attn_dropout': 0.2, 'ff_dropout': 0.1, 'ff_expansion': 4, 'mpu_share': True, 'modality_share': True, 'layer_share': True, 'attn_act_fn': 'tanh', 'gmc_tokens_pred_dim': 128, 'text_pred_dim': 256, 'audio_pred_dim': 8, 'video_pred_dim': 16, 'recon_loss': 'SmoothL1Loss', 'loss_attra_weight': 1.2, 'uncertainty_attra_alpha': 0.1, 'loss_recon_weight': 1, 'uncertainty_reg_weight': 0.3, 'uncertainty_reg_margin': 5e-05, 'uncertainty_before_weight': 0.1, 'post_fusion_dim': 256, 'post_fusion_dropout': 0.3, 'H': 3.0, 'cur_time': 3, 'model_save_path': 'results/mosi/emt-dlfr/run_once/models/emt-dlfr-mosi-regression-mr0.4-11111.pth', 'device': device(type='cuda', index=7), 'tasks': 'M'}>",<min/seed>,"(72.3, 1111)","(72.38, 1111)","(73.02, 1111)","(73.18, 1111)","(34.4, 111)","(31.34, 111)","(102.79, 11111)","(53.77, 111)","(-164.49, 11111)","(102.71, 11111)"
2026-02-08_18-05-38,emt-dlfr,"<Storage{'need_task_scheduling': False, 'is_tune': False, 'train_mode': 'regression', 'modelName': 'emt-dlfr', 'datasetName': 'mosi', 'num_workers': 4, 'model_save_dir': 'results/mosi/emt-dlfr/run_once/models', 'res_save_dir': 'results/mosi/emt-dlfr/run_once/results', 'gpu_ids': [7], 'missing_rates': array([0. , 0.1, 0.2, 0.3, 0.4, 0.5, 0.6, 0.7, 0.8, 0.9, 1. ]), 'seed': 11111, 'num_seeds': 3, 'exp_name': 'moe-uncertainty', 'diff_missing': None, 'KeyEval': 'Loss', 'save_model': True, 'unified_missing': False, 'use_normalized_data': False, 'seeds': [111, 1111, 11111], 'missing_rate': (0.4, 0.4, 0.4), 'dataPath': '/mnt/HDD2/teng/Master-23/sjc/work2/EMT-DLFR-master-based/MMSA/Datasets/MOSI/Processed/unaligned_50.pkl', 'seq_lens': (50, 375, 500), 'feature_dims': (768, 5, 20), 'train_samples': 1284, 'num_classes': 3, 'language': 'en', 'missing_seed': (111, 1111, 11111), 'data_missing': True, 'deal_missing': False, 'need_data_aligned': False, 'need_model_aligned': False, 'need_normalized': False, 'use_bert': True, 'use_finetune': True, 'save_labels': False, 'early_stop': 8, 'update_epochs': 4, 'batch_size': 32, 'learning_rate_bert': 5e-05, 'learning_rate_audio': 0.001, 'learning_rate_video': 0.0001, 'learning_rate_other': 0.001, 'weight_decay_bert': 0.001, 'weight_decay_audio': 0.01, 'weight_decay_video': 0.001, 'weight_decay_other': 0.001, 'a_lstm_hidden_size': 32, 'v_lstm_hidden_size': 64, 'a_lstm_layers': 1, 'v_lstm_layers': 1, 'text_out': 768, 'audio_out': 16, 'video_out': 32, 'a_lstm_dropout': 0.0, 'v_lstm_dropout': 0.0, 't_bert_dropout': 0.1, 'd_model': 128, 'fusion_layers': 3, 'heads': 4, 'learnable_pos_emb': False, 'emb_dropout': 0.0, 'attn_dropout': 0.2, 'ff_dropout': 0.1, 'ff_expansion': 4, 'mpu_share': True, 'modality_share': True, 'layer_share': True, 'attn_act_fn': 'tanh', 'gmc_tokens_pred_dim': 128, 'text_pred_dim': 256, 'audio_pred_dim': 8, 'video_pred_dim': 16, 'recon_loss': 'SmoothL1Loss', 'loss_attra_weight': 1.2, 'use_uncertainty_weighted_attra': True, 'uncertainty_attra_alpha': 0.1, 'loss_recon_weight': 1, 'uncertainty_reg_weight': 0.3, 'uncertainty_reg_margin': 5e-05, 'uncertainty_before_weight': 0, 'post_fusion_dim': 256, 'post_fusion_dropout': 0.3, 'H': 3.0, 'cur_time': 3, 'model_save_path': 'results/mosi/emt-dlfr/run_once/models/emt-dlfr-mosi-regression-mr0.4-11111.pth', 'device': device(type='cuda', index=7), 'tasks': 'M'}>",111,73.03,73.09,73.32,73.46,37.61,33.82,103.69,56.11,-172.49,103.34
2026-02-08_18-05-38,emt-dlfr,"<Storage{'need_task_scheduling': False, 'is_tune': False, 'train_mode': 'regression', 'modelName': 'emt-dlfr', 'datasetName': 'mosi', 'num_workers': 4, 'model_save_dir': 'results/mosi/emt-dlfr/run_once/models', 'res_save_dir': 'results/mosi/emt-dlfr/run_once/results', 'gpu_ids': [7], 'missing_rates': array([0. , 0.1, 0.2, 0.3, 0.4, 0.5, 0.6, 0.7, 0.8, 0.9, 1. ]), 'seed': 11111, 'num_seeds': 3, 'exp_name': 'moe-uncertainty', 'diff_missing': None, 'KeyEval': 'Loss', 'save_model': True, 'unified_missing': False, 'use_normalized_data': False, 'seeds': [111, 1111, 11111], 'missing_rate': (0.4, 0.4, 0.4), 'dataPath': '/mnt/HDD2/teng/Master-23/sjc/work2/EMT-DLFR-master-based/MMSA/Datasets/MOSI/Processed/unaligned_50.pkl', 'seq_lens': (50, 375, 500), 'feature_dims': (768, 5, 20), 'train_samples': 1284, 'num_classes': 3, 'language': 'en', 'missing_seed': (111, 1111, 11111), 'data_missing': True, 'deal_missing': False, 'need_data_aligned': False, 'need_model_aligned': False, 'need_normalized': False, 'use_bert': True, 'use_finetune': True, 'save_labels': False, 'early_stop': 8, 'update_epochs': 4, 'batch_size': 32, 'learning_rate_bert': 5e-05, 'learning_rate_audio': 0.001, 'learning_rate_video': 0.0001, 'learning_rate_other': 0.001, 'weight_decay_bert': 0.001, 'weight_decay_audio': 0.01, 'weight_decay_video': 0.001, 'weight_decay_other': 0.001, 'a_lstm_hidden_size': 32, 'v_lstm_hidden_size': 64, 'a_lstm_layers': 1, 'v_lstm_layers': 1, 'text_out': 768, 'audio_out': 16, 'video_out': 32, 'a_lstm_dropout': 0.0, 'v_lstm_dropout': 0.0, 't_bert_dropout': 0.1, 'd_model': 128, 'fusion_layers': 3, 'heads': 4, 'learnable_pos_emb': False, 'emb_dropout': 0.0, 'attn_dropout': 0.2, 'ff_dropout': 0.1, 'ff_expansion': 4, 'mpu_share': True, 'modality_share': True, 'layer_share': True, 'attn_act_fn': 'tanh', 'gmc_tokens_pred_dim': 128, 'text_pred_dim': 256, 'audio_pred_dim': 8, 'video_pred_dim': 16, 'recon_loss': 'SmoothL1Loss', 'loss_attra_weight': 1.2, 'use_uncertainty_weighted_attra': True, 'uncertainty_attra_alpha': 0.1, 'loss_recon_weight': 1, 'uncertainty_reg_weight': 0.3, 'uncertainty_reg_margin': 5e-05, 'uncertainty_before_weight': 0, 'post_fusion_dim': 256, 'post_fusion_dropout': 0.3, 'H': 3.0, 'cur_time': 3, 'model_save_path': 'results/mosi/emt-dlfr/run_once/models/emt-dlfr-mosi-regression-mr0.4-11111.pth', 'device': device(type='cuda', index=7), 'tasks': 'M'}>",1111,73.03,73.09,73.78,73.92,32.94,29.74,106.8,55.04,-153.56,105.67
2026-02-08_18-05-38,emt-dlfr,"<Storage{'need_task_scheduling': False, 'is_tune': False, 'train_mode': 'regression', 'modelName': 'emt-dlfr', 'datasetName': 'mosi', 'num_workers': 4, 'model_save_dir': 'results/mosi/emt-dlfr/run_once/models', 'res_save_dir': 'results/mosi/emt-dlfr/run_once/results', 'gpu_ids': [7], 'missing_rates': array([0. , 0.1, 0.2, 0.3, 0.4, 0.5, 0.6, 0.7, 0.8, 0.9, 1. ]), 'seed': 11111, 'num_seeds': 3, 'exp_name': 'moe-uncertainty', 'diff_missing': None, 'KeyEval': 'Loss', 'save_model': True, 'unified_missing': False, 'use_normalized_data': False, 'seeds': [111, 1111, 11111], 'missing_rate': (0.4, 0.4, 0.4), 'dataPath': '/mnt/HDD2/teng/Master-23/sjc/work2/EMT-DLFR-master-based/MMSA/Datasets/MOSI/Processed/unaligned_50.pkl', 'seq_lens': (50, 375, 500), 'feature_dims': (768, 5, 20), 'train_samples': 1284, 'num_classes': 3, 'language': 'en', 'missing_seed': (111, 1111, 11111), 'data_missing': True, 'deal_missing': False, 'need_data_aligned': False, 'need_model_aligned': False, 'need_normalized': False, 'use_bert': True, 'use_finetune': True, 'save_labels': False, 'early_stop': 8, 'update_epochs': 4, 'batch_size': 32, 'learning_rate_bert': 5e-05, 'learning_rate_audio': 0.001, 'learning_rate_video': 0.0001, 'learning_rate_other': 0.001, 'weight_decay_bert': 0.001, 'weight_decay_audio': 0.01, 'weight_decay_video': 0.001, 'weight_decay_other': 0.001, 'a_lstm_hidden_size': 32, 'v_lstm_hidden_size': 64, 'a_lstm_layers': 1, 'v_lstm_layers': 1, 'text_out': 768, 'audio_out': 16, 'video_out': 32, 'a_lstm_dropout': 0.0, 'v_lstm_dropout': 0.0, 't_bert_dropout': 0.1, 'd_model': 128, 'fusion_layers': 3, 'heads': 4, 'learnable_pos_emb': False, 'emb_dropout': 0.0, 'attn_dropout': 0.2, 'ff_dropout': 0.1, 'ff_expansion': 4, 'mpu_share': True, 'modality_share': True, 'layer_share': True, 'attn_act_fn': 'tanh', 'gmc_tokens_pred_dim': 128, 'text_pred_dim': 256, 'audio_pred_dim': 8, 'video_pred_dim': 16, 'recon_loss': 'SmoothL1Loss', 'loss_attra_weight': 1.2, 'use_uncertainty_weighted_attra': True, 'uncertainty_attra_alpha': 0.1, 'loss_recon_weight': 1, 'uncertainty_reg_weight': 0.3, 'uncertainty_reg_margin': 5e-05, 'uncertainty_before_weight': 0, 'post_fusion_dim': 256, 'post_fusion_dropout': 0.3, 'H': 3.0, 'cur_time': 3, 'model_save_path': 'results/mosi/emt-dlfr/run_once/models/emt-dlfr-mosi-regression-mr0.4-11111.pth', 'device': device(type='cuda', index=7), 'tasks': 'M'}>",11111,72.74,72.81,73.02,73.18,33.97,29.74,108.68,55.6,-153.3,109.08
2026-02-08_18-05-38,emt-dlfr,"<Storage{'need_task_scheduling': False, 'is_tune': False, 'train_mode': 'regression', 'modelName': 'emt-dlfr', 'datasetName': 'mosi', 'num_workers': 4, 'model_save_dir': 'results/mosi/emt-dlfr/run_once/models', 'res_save_dir': 'results/mosi/emt-dlfr/run_once/results', 'gpu_ids': [7], 'missing_rates': array([0. , 0.1, 0.2, 0.3, 0.4, 0.5, 0.6, 0.7, 0.8, 0.9, 1. ]), 'seed': 11111, 'num_seeds': 3, 'exp_name': 'moe-uncertainty', 'diff_missing': None, 'KeyEval': 'Loss', 'save_model': True, 'unified_missing': False, 'use_normalized_data': False, 'seeds': [111, 1111, 11111], 'missing_rate': (0.4, 0.4, 0.4), 'dataPath': '/mnt/HDD2/teng/Master-23/sjc/work2/EMT-DLFR-master-based/MMSA/Datasets/MOSI/Processed/unaligned_50.pkl', 'seq_lens': (50, 375, 500), 'feature_dims': (768, 5, 20), 'train_samples': 1284, 'num_classes': 3, 'language': 'en', 'missing_seed': (111, 1111, 11111), 'data_missing': True, 'deal_missing': False, 'need_data_aligned': False, 'need_model_aligned': False, 'need_normalized': False, 'use_bert': True, 'use_finetune': True, 'save_labels': False, 'early_stop': 8, 'update_epochs': 4, 'batch_size': 32, 'learning_rate_bert': 5e-05, 'learning_rate_audio': 0.001, 'learning_rate_video': 0.0001, 'learning_rate_other': 0.001, 'weight_decay_bert': 0.001, 'weight_decay_audio': 0.01, 'weight_decay_video': 0.001, 'weight_decay_other': 0.001, 'a_lstm_hidden_size': 32, 'v_lstm_hidden_size': 64, 'a_lstm_layers': 1, 'v_lstm_layers': 1, 'text_out': 768, 'audio_out': 16, 'video_out': 32, 'a_lstm_dropout': 0.0, 'v_lstm_dropout': 0.0, 't_bert_dropout': 0.1, 'd_model': 128, 'fusion_layers': 3, 'heads': 4, 'learnable_pos_emb': False, 'emb_dropout': 0.0, 'attn_dropout': 0.2, 'ff_dropout': 0.1, 'ff_expansion': 4, 'mpu_share': True, 'modality_share': True, 'layer_share': True, 'attn_act_fn': 'tanh', 'gmc_tokens_pred_dim': 128, 'text_pred_dim': 256, 'audio_pred_dim': 8, 'video_pred_dim': 16, 'recon_loss': 'SmoothL1Loss', 'loss_attra_weight': 1.2, 'use_uncertainty_weighted_attra': True, 'uncertainty_attra_alpha': 0.1, 'loss_recon_weight': 1, 'uncertainty_reg_weight': 0.3, 'uncertainty_reg_margin': 5e-05, 'uncertainty_before_weight': 0, 'post_fusion_dim': 256, 'post_fusion_dropout': 0.3, 'H': 3.0, 'cur_time': 3, 'model_save_path': 'results/mosi/emt-dlfr/run_once/models/emt-dlfr-mosi-regression-mr0.4-11111.pth', 'device': device(type='cuda', index=7), 'tasks': 'M'}>",<mean/std>,"(72.93, 0.14)","(73.0, 0.13)","(73.37, 0.31)","(73.52, 0.31)","(34.84, 2.0)","(31.1, 1.92)","(106.39, 2.06)","(55.58, 0.44)","(-159.78, 8.99)","(106.03, 2.36)"
2026-02-08_18-05-38,emt-dlfr,"<Storage{'need_task_scheduling': False, 'is_tune': False, 'train_mode': 'regression', 'modelName': 'emt-dlfr', 'datasetName': 'mosi', 'num_workers': 4, 'model_save_dir': 'results/mosi/emt-dlfr/run_once/models', 'res_save_dir': 'results/mosi/emt-dlfr/run_once/results', 'gpu_ids': [7], 'missing_rates': array([0. , 0.1, 0.2, 0.3, 0.4, 0.5, 0.6, 0.7, 0.8, 0.9, 1. ]), 'seed': 11111, 'num_seeds': 3, 'exp_name': 'moe-uncertainty', 'diff_missing': None, 'KeyEval': 'Loss', 'save_model': True, 'unified_missing': False, 'use_normalized_data': False, 'seeds': [111, 1111, 11111], 'missing_rate': (0.4, 0.4, 0.4), 'dataPath': '/mnt/HDD2/teng/Master-23/sjc/work2/EMT-DLFR-master-based/MMSA/Datasets/MOSI/Processed/unaligned_50.pkl', 'seq_lens': (50, 375, 500), 'feature_dims': (768, 5, 20), 'train_samples': 1284, 'num_classes': 3, 'language': 'en', 'missing_seed': (111, 1111, 11111), 'data_missing': True, 'deal_missing': False, 'need_data_aligned': False, 'need_model_aligned': False, 'need_normalized': False, 'use_bert': True, 'use_finetune': True, 'save_labels': False, 'early_stop': 8, 'update_epochs': 4, 'batch_size': 32, 'learning_rate_bert': 5e-05, 'learning_rate_audio': 0.001, 'learning_rate_video': 0.0001, 'learning_rate_other': 0.001, 'weight_decay_bert': 0.001, 'weight_decay_audio': 0.01, 'weight_decay_video': 0.001, 'weight_decay_other': 0.001, 'a_lstm_hidden_size': 32, 'v_lstm_hidden_size': 64, 'a_lstm_layers': 1, 'v_lstm_layers': 1, 'text_out': 768, 'audio_out': 16, 'video_out': 32, 'a_lstm_dropout': 0.0, 'v_lstm_dropout': 0.0, 't_bert_dropout': 0.1, 'd_model': 128, 'fusion_layers': 3, 'heads': 4, 'learnable_pos_emb': False, 'emb_dropout': 0.0, 'attn_dropout': 0.2, 'ff_dropout': 0.1, 'ff_expansion': 4, 'mpu_share': True, 'modality_share': True, 'layer_share': True, 'attn_act_fn': 'tanh', 'gmc_tokens_pred_dim': 128, 'text_pred_dim': 256, 'audio_pred_dim': 8, 'video_pred_dim': 16, 'recon_loss': 'SmoothL1Loss', 'loss_attra_weight': 1.2, 'use_uncertainty_weighted_attra': True, 'uncertainty_attra_alpha': 0.1, 'loss_recon_weight': 1, 'uncertainty_reg_weight': 0.3, 'uncertainty_reg_margin': 5e-05, 'uncertainty_before_weight': 0, 'post_fusion_dim': 256, 'post_fusion_dropout': 0.3, 'H': 3.0, 'cur_time': 3, 'model_save_path': 'results/mosi/emt-dlfr/run_once/models/emt-dlfr-mosi-regression-mr0.4-11111.pth', 'device': device(type='cuda', index=7), 'tasks': 'M'}>",<max/seed>,"(73.03, 111)","(73.09, 111)","(73.78, 1111)","(73.92, 1111)","(37.61, 111)","(33.82, 111)","(108.68, 11111)","(56.11, 111)","(-153.3, 11111)","(109.08, 11111)"
2026-02-08_18-05-38,emt-dlfr,"<Storage{'need_task_scheduling': False, 'is_tune': False, 'train_mode': 'regression', 'modelName': 'emt-dlfr', 'datasetName': 'mosi', 'num_workers': 4, 'model_save_dir': 'results/mosi/emt-dlfr/run_once/models', 'res_save_dir': 'results/mosi/emt-dlfr/run_once/results', 'gpu_ids': [7], 'missing_rates': array([0. , 0.1, 0.2, 0.3, 0.4, 0.5, 0.6, 0.7, 0.8, 0.9, 1. ]), 'seed': 11111, 'num_seeds': 3, 'exp_name': 'moe-uncertainty', 'diff_missing': None, 'KeyEval': 'Loss', 'save_model': True, 'unified_missing': False, 'use_normalized_data': False, 'seeds': [111, 1111, 11111], 'missing_rate': (0.4, 0.4, 0.4), 'dataPath': '/mnt/HDD2/teng/Master-23/sjc/work2/EMT-DLFR-master-based/MMSA/Datasets/MOSI/Processed/unaligned_50.pkl', 'seq_lens': (50, 375, 500), 'feature_dims': (768, 5, 20), 'train_samples': 1284, 'num_classes': 3, 'language': 'en', 'missing_seed': (111, 1111, 11111), 'data_missing': True, 'deal_missing': False, 'need_data_aligned': False, 'need_model_aligned': False, 'need_normalized': False, 'use_bert': True, 'use_finetune': True, 'save_labels': False, 'early_stop': 8, 'update_epochs': 4, 'batch_size': 32, 'learning_rate_bert': 5e-05, 'learning_rate_audio': 0.001, 'learning_rate_video': 0.0001, 'learning_rate_other': 0.001, 'weight_decay_bert': 0.001, 'weight_decay_audio': 0.01, 'weight_decay_video': 0.001, 'weight_decay_other': 0.001, 'a_lstm_hidden_size': 32, 'v_lstm_hidden_size': 64, 'a_lstm_layers': 1, 'v_lstm_layers': 1, 'text_out': 768, 'audio_out': 16, 'video_out': 32, 'a_lstm_dropout': 0.0, 'v_lstm_dropout': 0.0, 't_bert_dropout': 0.1, 'd_model': 128, 'fusion_layers': 3, 'heads': 4, 'learnable_pos_emb': False, 'emb_dropout': 0.0, 'attn_dropout': 0.2, 'ff_dropout': 0.1, 'ff_expansion': 4, 'mpu_share': True, 'modality_share': True, 'layer_share': True, 'attn_act_fn': 'tanh', 'gmc_tokens_pred_dim': 128, 'text_pred_dim': 256, 'audio_pred_dim': 8, 'video_pred_dim': 16, 'recon_loss': 'SmoothL1Loss', 'loss_attra_weight': 1.2, 'use_uncertainty_weighted_attra': True, 'uncertainty_attra_alpha': 0.1, 'loss_recon_weight': 1, 'uncertainty_reg_weight': 0.3, 'uncertainty_reg_margin': 5e-05, 'uncertainty_before_weight': 0, 'post_fusion_dim': 256, 'post_fusion_dropout': 0.3, 'H': 3.0, 'cur_time': 3, 'model_save_path': 'results/mosi/emt-dlfr/run_once/models/emt-dlfr-mosi-regression-mr0.4-11111.pth', 'device': device(type='cuda', index=7), 'tasks': 'M'}>",<min/seed>,"(72.74, 11111)","(72.81, 11111)","(73.02, 11111)","(73.18, 11111)","(32.94, 1111)","(29.74, 1111)","(103.69, 111)","(55.04, 1111)","(-172.49, 111)","(103.34, 111)"
2026-02-09_02-51-20,emt-dlfr,"<Storage{'need_task_scheduling': False, 'is_tune': False, 'train_mode': 'regression', 'modelName': 'emt-dlfr', 'datasetName': 'mosi', 'num_workers': 4, 'model_save_dir': 'results/mosi/emt-dlfr/run_once/models', 'res_save_dir': 'results/mosi/emt-dlfr/run_once/results', 'gpu_ids': [7], 'missing_rates': array([0. , 0.1, 0.2, 0.3, 0.4, 0.5, 0.6, 0.7, 0.8, 0.9, 1. ]), 'seed': 11111, 'num_seeds': 3, 'exp_name': 'moe-uncertainty', 'diff_missing': None, 'KeyEval': 'Loss', 'save_model': True, 'unified_missing': False, 'use_normalized_data': False, 'seeds': [111, 1111, 11111], 'missing_rate': (0.4, 0.4, 0.4), 'dataPath': '/mnt/HDD2/teng/Master-23/sjc/work2/EMT-DLFR-master-based/MMSA/Datasets/MOSI/Processed/unaligned_50.pkl', 'seq_lens': (50, 375, 500), 'feature_dims': (768, 5, 20), 'train_samples': 1284, 'num_classes': 3, 'language': 'en', 'missing_seed': (111, 1111, 11111), 'data_missing': True, 'deal_missing': False, 'need_data_aligned': False, 'need_model_aligned': False, 'need_normalized': False, 'use_bert': True, 'use_finetune': True, 'save_labels': False, 'early_stop': 8, 'update_epochs': 4, 'batch_size': 32, 'learning_rate_bert': 5e-05, 'learning_rate_audio': 0.001, 'learning_rate_video': 0.0001, 'learning_rate_other': 0.001, 'weight_decay_bert': 0.001, 'weight_decay_audio': 0.01, 'weight_decay_video': 0.001, 'weight_decay_other': 0.001, 'a_lstm_hidden_size': 32, 'v_lstm_hidden_size': 64, 'a_lstm_layers': 1, 'v_lstm_layers': 1, 'text_out': 768, 'audio_out': 16, 'video_out': 32, 'a_lstm_dropout': 0.0, 'v_lstm_dropout': 0.0, 't_bert_dropout': 0.1, 'd_model': 128, 'fusion_layers': 3, 'heads': 4, 'learnable_pos_emb': False, 'emb_dropout': 0.0, 'attn_dropout': 0.2, 'ff_dropout': 0.1, 'ff_expansion': 4, 'mpu_share': True, 'modality_share': True, 'layer_share': True, 'attn_act_fn': 'tanh', 'gmc_tokens_pred_dim': 128, 'text_pred_dim': 256, 'audio_pred_dim': 8, 'video_pred_dim': 16, 'recon_loss': 'SmoothL1Loss', 'loss_attra_weight': 1, 'use_uncertainty_weighted_attra': True, 'uncertainty_attra_alpha': 0.1, 'loss_recon_weight': 1, 'uncertainty_reg_weight': 0, 'uncertainty_reg_margin': 5e-05, 'uncertainty_before_weight': 0, 'post_fusion_dim': 256, 'post_fusion_dropout': 0.3, 'H': 3.0, 'cur_time': 3, 'model_save_path': 'results/mosi/emt-dlfr/run_once/models/emt-dlfr-mosi-regression-mr0.4-11111.pth', 'device': device(type='cuda', index=7), 'tasks': 'M'}>",111,72.3,72.31,73.32,73.41,39.07,34.4,102.33,56.57,-127.06,102.05
2026-02-09_02-51-20,emt-dlfr,"<Storage{'need_task_scheduling': False, 'is_tune': False, 'train_mode': 'regression', 'modelName': 'emt-dlfr', 'datasetName': 'mosi', 'num_workers': 4, 'model_save_dir': 'results/mosi/emt-dlfr/run_once/models', 'res_save_dir': 'results/mosi/emt-dlfr/run_once/results', 'gpu_ids': [7], 'missing_rates': array([0. , 0.1, 0.2, 0.3, 0.4, 0.5, 0.6, 0.7, 0.8, 0.9, 1. ]), 'seed': 11111, 'num_seeds': 3, 'exp_name': 'moe-uncertainty', 'diff_missing': None, 'KeyEval': 'Loss', 'save_model': True, 'unified_missing': False, 'use_normalized_data': False, 'seeds': [111, 1111, 11111], 'missing_rate': (0.4, 0.4, 0.4), 'dataPath': '/mnt/HDD2/teng/Master-23/sjc/work2/EMT-DLFR-master-based/MMSA/Datasets/MOSI/Processed/unaligned_50.pkl', 'seq_lens': (50, 375, 500), 'feature_dims': (768, 5, 20), 'train_samples': 1284, 'num_classes': 3, 'language': 'en', 'missing_seed': (111, 1111, 11111), 'data_missing': True, 'deal_missing': False, 'need_data_aligned': False, 'need_model_aligned': False, 'need_normalized': False, 'use_bert': True, 'use_finetune': True, 'save_labels': False, 'early_stop': 8, 'update_epochs': 4, 'batch_size': 32, 'learning_rate_bert': 5e-05, 'learning_rate_audio': 0.001, 'learning_rate_video': 0.0001, 'learning_rate_other': 0.001, 'weight_decay_bert': 0.001, 'weight_decay_audio': 0.01, 'weight_decay_video': 0.001, 'weight_decay_other': 0.001, 'a_lstm_hidden_size': 32, 'v_lstm_hidden_size': 64, 'a_lstm_layers': 1, 'v_lstm_layers': 1, 'text_out': 768, 'audio_out': 16, 'video_out': 32, 'a_lstm_dropout': 0.0, 'v_lstm_dropout': 0.0, 't_bert_dropout': 0.1, 'd_model': 128, 'fusion_layers': 3, 'heads': 4, 'learnable_pos_emb': False, 'emb_dropout': 0.0, 'attn_dropout': 0.2, 'ff_dropout': 0.1, 'ff_expansion': 4, 'mpu_share': True, 'modality_share': True, 'layer_share': True, 'attn_act_fn': 'tanh', 'gmc_tokens_pred_dim': 128, 'text_pred_dim': 256, 'audio_pred_dim': 8, 'video_pred_dim': 16, 'recon_loss': 'SmoothL1Loss', 'loss_attra_weight': 1, 'use_uncertainty_weighted_attra': True, 'uncertainty_attra_alpha': 0.1, 'loss_recon_weight': 1, 'uncertainty_reg_weight': 0, 'uncertainty_reg_margin': 5e-05, 'uncertainty_before_weight': 0, 'post_fusion_dim': 256, 'post_fusion_dropout': 0.3, 'H': 3.0, 'cur_time': 3, 'model_save_path': 'results/mosi/emt-dlfr/run_once/models/emt-dlfr-mosi-regression-mr0.4-11111.pth', 'device': device(type='cuda', index=7), 'tasks': 'M'}>",1111,72.16,72.23,72.71,72.88,33.38,29.01,107.07,55.18,-113.41,107.96
2026-02-09_02-51-20,emt-dlfr,"<Storage{'need_task_scheduling': False, 'is_tune': False, 'train_mode': 'regression', 'modelName': 'emt-dlfr', 'datasetName': 'mosi', 'num_workers': 4, 'model_save_dir': 'results/mosi/emt-dlfr/run_once/models', 'res_save_dir': 'results/mosi/emt-dlfr/run_once/results', 'gpu_ids': [7], 'missing_rates': array([0. , 0.1, 0.2, 0.3, 0.4, 0.5, 0.6, 0.7, 0.8, 0.9, 1. ]), 'seed': 11111, 'num_seeds': 3, 'exp_name': 'moe-uncertainty', 'diff_missing': None, 'KeyEval': 'Loss', 'save_model': True, 'unified_missing': False, 'use_normalized_data': False, 'seeds': [111, 1111, 11111], 'missing_rate': (0.4, 0.4, 0.4), 'dataPath': '/mnt/HDD2/teng/Master-23/sjc/work2/EMT-DLFR-master-based/MMSA/Datasets/MOSI/Processed/unaligned_50.pkl', 'seq_lens': (50, 375, 500), 'feature_dims': (768, 5, 20), 'train_samples': 1284, 'num_classes': 3, 'language': 'en', 'missing_seed': (111, 1111, 11111), 'data_missing': True, 'deal_missing': False, 'need_data_aligned': False, 'need_model_aligned': False, 'need_normalized': False, 'use_bert': True, 'use_finetune': True, 'save_labels': False, 'early_stop': 8, 'update_epochs': 4, 'batch_size': 32, 'learning_rate_bert': 5e-05, 'learning_rate_audio': 0.001, 'learning_rate_video': 0.0001, 'learning_rate_other': 0.001, 'weight_decay_bert': 0.001, 'weight_decay_audio': 0.01, 'weight_decay_video': 0.001, 'weight_decay_other': 0.001, 'a_lstm_hidden_size': 32, 'v_lstm_hidden_size': 64, 'a_lstm_layers': 1, 'v_lstm_layers': 1, 'text_out': 768, 'audio_out': 16, 'video_out': 32, 'a_lstm_dropout': 0.0, 'v_lstm_dropout': 0.0, 't_bert_dropout': 0.1, 'd_model': 128, 'fusion_layers': 3, 'heads': 4, 'learnable_pos_emb': False, 'emb_dropout': 0.0, 'attn_dropout': 0.2, 'ff_dropout': 0.1, 'ff_expansion': 4, 'mpu_share': True, 'modality_share': True, 'layer_share': True, 'attn_act_fn': 'tanh', 'gmc_tokens_pred_dim': 128, 'text_pred_dim': 256, 'audio_pred_dim': 8, 'video_pred_dim': 16, 'recon_loss': 'SmoothL1Loss', 'loss_attra_weight': 1, 'use_uncertainty_weighted_attra': True, 'uncertainty_attra_alpha': 0.1, 'loss_recon_weight': 1, 'uncertainty_reg_weight': 0, 'uncertainty_reg_margin': 5e-05, 'uncertainty_before_weight': 0, 'post_fusion_dim': 256, 'post_fusion_dropout': 0.3, 'H': 3.0, 'cur_time': 3, 'model_save_path': 'results/mosi/emt-dlfr/run_once/models/emt-dlfr-mosi-regression-mr0.4-11111.pth', 'device': device(type='cuda', index=7), 'tasks': 'M'}>",11111,71.87,71.76,73.17,73.16,38.05,32.65,103.02,56.06,-117.08,103.51
2026-02-09_02-51-20,emt-dlfr,"<Storage{'need_task_scheduling': False, 'is_tune': False, 'train_mode': 'regression', 'modelName': 'emt-dlfr', 'datasetName': 'mosi', 'num_workers': 4, 'model_save_dir': 'results/mosi/emt-dlfr/run_once/models', 'res_save_dir': 'results/mosi/emt-dlfr/run_once/results', 'gpu_ids': [7], 'missing_rates': array([0. , 0.1, 0.2, 0.3, 0.4, 0.5, 0.6, 0.7, 0.8, 0.9, 1. ]), 'seed': 11111, 'num_seeds': 3, 'exp_name': 'moe-uncertainty', 'diff_missing': None, 'KeyEval': 'Loss', 'save_model': True, 'unified_missing': False, 'use_normalized_data': False, 'seeds': [111, 1111, 11111], 'missing_rate': (0.4, 0.4, 0.4), 'dataPath': '/mnt/HDD2/teng/Master-23/sjc/work2/EMT-DLFR-master-based/MMSA/Datasets/MOSI/Processed/unaligned_50.pkl', 'seq_lens': (50, 375, 500), 'feature_dims': (768, 5, 20), 'train_samples': 1284, 'num_classes': 3, 'language': 'en', 'missing_seed': (111, 1111, 11111), 'data_missing': True, 'deal_missing': False, 'need_data_aligned': False, 'need_model_aligned': False, 'need_normalized': False, 'use_bert': True, 'use_finetune': True, 'save_labels': False, 'early_stop': 8, 'update_epochs': 4, 'batch_size': 32, 'learning_rate_bert': 5e-05, 'learning_rate_audio': 0.001, 'learning_rate_video': 0.0001, 'learning_rate_other': 0.001, 'weight_decay_bert': 0.001, 'weight_decay_audio': 0.01, 'weight_decay_video': 0.001, 'weight_decay_other': 0.001, 'a_lstm_hidden_size': 32, 'v_lstm_hidden_size': 64, 'a_lstm_layers': 1, 'v_lstm_layers': 1, 'text_out': 768, 'audio_out': 16, 'video_out': 32, 'a_lstm_dropout': 0.0, 'v_lstm_dropout': 0.0, 't_bert_dropout': 0.1, 'd_model': 128, 'fusion_layers': 3, 'heads': 4, 'learnable_pos_emb': False, 'emb_dropout': 0.0, 'attn_dropout': 0.2, 'ff_dropout': 0.1, 'ff_expansion': 4, 'mpu_share': True, 'modality_share': True, 'layer_share': True, 'attn_act_fn': 'tanh', 'gmc_tokens_pred_dim': 128, 'text_pred_dim': 256, 'audio_pred_dim': 8, 'video_pred_dim': 16, 'recon_loss': 'SmoothL1Loss', 'loss_attra_weight': 1, 'use_uncertainty_weighted_attra': True, 'uncertainty_attra_alpha': 0.1, 'loss_recon_weight': 1, 'uncertainty_reg_weight': 0, 'uncertainty_reg_margin': 5e-05, 'uncertainty_before_weight': 0, 'post_fusion_dim': 256, 'post_fusion_dropout': 0.3, 'H': 3.0, 'cur_time': 3, 'model_save_path': 'results/mosi/emt-dlfr/run_once/models/emt-dlfr-mosi-regression-mr0.4-11111.pth', 'device': device(type='cuda', index=7), 'tasks': 'M'}>",<mean/std>,"(72.11, 0.18)","(72.1, 0.24)","(73.07, 0.26)","(73.15, 0.22)","(36.83, 2.48)","(32.02, 2.25)","(104.14, 2.09)","(55.94, 0.57)","(-119.18, 5.77)","(104.51, 2.51)"
2026-02-09_02-51-20,emt-dlfr,"<Storage{'need_task_scheduling': False, 'is_tune': False, 'train_mode': 'regression', 'modelName': 'emt-dlfr', 'datasetName': 'mosi', 'num_workers': 4, 'model_save_dir': 'results/mosi/emt-dlfr/run_once/models', 'res_save_dir': 'results/mosi/emt-dlfr/run_once/results', 'gpu_ids': [7], 'missing_rates': array([0. , 0.1, 0.2, 0.3, 0.4, 0.5, 0.6, 0.7, 0.8, 0.9, 1. ]), 'seed': 11111, 'num_seeds': 3, 'exp_name': 'moe-uncertainty', 'diff_missing': None, 'KeyEval': 'Loss', 'save_model': True, 'unified_missing': False, 'use_normalized_data': False, 'seeds': [111, 1111, 11111], 'missing_rate': (0.4, 0.4, 0.4), 'dataPath': '/mnt/HDD2/teng/Master-23/sjc/work2/EMT-DLFR-master-based/MMSA/Datasets/MOSI/Processed/unaligned_50.pkl', 'seq_lens': (50, 375, 500), 'feature_dims': (768, 5, 20), 'train_samples': 1284, 'num_classes': 3, 'language': 'en', 'missing_seed': (111, 1111, 11111), 'data_missing': True, 'deal_missing': False, 'need_data_aligned': False, 'need_model_aligned': False, 'need_normalized': False, 'use_bert': True, 'use_finetune': True, 'save_labels': False, 'early_stop': 8, 'update_epochs': 4, 'batch_size': 32, 'learning_rate_bert': 5e-05, 'learning_rate_audio': 0.001, 'learning_rate_video': 0.0001, 'learning_rate_other': 0.001, 'weight_decay_bert': 0.001, 'weight_decay_audio': 0.01, 'weight_decay_video': 0.001, 'weight_decay_other': 0.001, 'a_lstm_hidden_size': 32, 'v_lstm_hidden_size': 64, 'a_lstm_layers': 1, 'v_lstm_layers': 1, 'text_out': 768, 'audio_out': 16, 'video_out': 32, 'a_lstm_dropout': 0.0, 'v_lstm_dropout': 0.0, 't_bert_dropout': 0.1, 'd_model': 128, 'fusion_layers': 3, 'heads': 4, 'learnable_pos_emb': False, 'emb_dropout': 0.0, 'attn_dropout': 0.2, 'ff_dropout': 0.1, 'ff_expansion': 4, 'mpu_share': True, 'modality_share': True, 'layer_share': True, 'attn_act_fn': 'tanh', 'gmc_tokens_pred_dim': 128, 'text_pred_dim': 256, 'audio_pred_dim': 8, 'video_pred_dim': 16, 'recon_loss': 'SmoothL1Loss', 'loss_attra_weight': 1, 'use_uncertainty_weighted_attra': True, 'uncertainty_attra_alpha': 0.1, 'loss_recon_weight': 1, 'uncertainty_reg_weight': 0, 'uncertainty_reg_margin': 5e-05, 'uncertainty_before_weight': 0, 'post_fusion_dim': 256, 'post_fusion_dropout': 0.3, 'H': 3.0, 'cur_time': 3, 'model_save_path': 'results/mosi/emt-dlfr/run_once/models/emt-dlfr-mosi-regression-mr0.4-11111.pth', 'device': device(type='cuda', index=7), 'tasks': 'M'}>",<max/seed>,"(72.3, 111)","(72.31, 111)","(73.32, 111)","(73.41, 111)","(39.07, 111)","(34.4, 111)","(107.07, 1111)","(56.57, 111)","(-113.41, 1111)","(107.96, 1111)"
2026-02-09_02-51-20,emt-dlfr,"<Storage{'need_task_scheduling': False, 'is_tune': False, 'train_mode': 'regression', 'modelName': 'emt-dlfr', 'datasetName': 'mosi', 'num_workers': 4, 'model_save_dir': 'results/mosi/emt-dlfr/run_once/models', 'res_save_dir': 'results/mosi/emt-dlfr/run_once/results', 'gpu_ids': [7], 'missing_rates': array([0. , 0.1, 0.2, 0.3, 0.4, 0.5, 0.6, 0.7, 0.8, 0.9, 1. ]), 'seed': 11111, 'num_seeds': 3, 'exp_name': 'moe-uncertainty', 'diff_missing': None, 'KeyEval': 'Loss', 'save_model': True, 'unified_missing': False, 'use_normalized_data': False, 'seeds': [111, 1111, 11111], 'missing_rate': (0.4, 0.4, 0.4), 'dataPath': '/mnt/HDD2/teng/Master-23/sjc/work2/EMT-DLFR-master-based/MMSA/Datasets/MOSI/Processed/unaligned_50.pkl', 'seq_lens': (50, 375, 500), 'feature_dims': (768, 5, 20), 'train_samples': 1284, 'num_classes': 3, 'language': 'en', 'missing_seed': (111, 1111, 11111), 'data_missing': True, 'deal_missing': False, 'need_data_aligned': False, 'need_model_aligned': False, 'need_normalized': False, 'use_bert': True, 'use_finetune': True, 'save_labels': False, 'early_stop': 8, 'update_epochs': 4, 'batch_size': 32, 'learning_rate_bert': 5e-05, 'learning_rate_audio': 0.001, 'learning_rate_video': 0.0001, 'learning_rate_other': 0.001, 'weight_decay_bert': 0.001, 'weight_decay_audio': 0.01, 'weight_decay_video': 0.001, 'weight_decay_other': 0.001, 'a_lstm_hidden_size': 32, 'v_lstm_hidden_size': 64, 'a_lstm_layers': 1, 'v_lstm_layers': 1, 'text_out': 768, 'audio_out': 16, 'video_out': 32, 'a_lstm_dropout': 0.0, 'v_lstm_dropout': 0.0, 't_bert_dropout': 0.1, 'd_model': 128, 'fusion_layers': 3, 'heads': 4, 'learnable_pos_emb': False, 'emb_dropout': 0.0, 'attn_dropout': 0.2, 'ff_dropout': 0.1, 'ff_expansion': 4, 'mpu_share': True, 'modality_share': True, 'layer_share': True, 'attn_act_fn': 'tanh', 'gmc_tokens_pred_dim': 128, 'text_pred_dim': 256, 'audio_pred_dim': 8, 'video_pred_dim': 16, 'recon_loss': 'SmoothL1Loss', 'loss_attra_weight': 1, 'use_uncertainty_weighted_attra': True, 'uncertainty_attra_alpha': 0.1, 'loss_recon_weight': 1, 'uncertainty_reg_weight': 0, 'uncertainty_reg_margin': 5e-05, 'uncertainty_before_weight': 0, 'post_fusion_dim': 256, 'post_fusion_dropout': 0.3, 'H': 3.0, 'cur_time': 3, 'model_save_path': 'results/mosi/emt-dlfr/run_once/models/emt-dlfr-mosi-regression-mr0.4-11111.pth', 'device': device(type='cuda', index=7), 'tasks': 'M'}>",<min/seed>,"(71.87, 11111)","(71.76, 11111)","(72.71, 1111)","(72.88, 1111)","(33.38, 1111)","(29.01, 1111)","(102.33, 111)","(55.18, 1111)","(-127.06, 111)","(102.05, 111)"
2026-02-09_07-42-41,emt-dlfr,"<Storage{'need_task_scheduling': False, 'is_tune': False, 'train_mode': 'regression', 'modelName': 'emt-dlfr', 'datasetName': 'mosi', 'num_workers': 4, 'model_save_dir': 'results/mosi/emt-dlfr/run_once/models', 'res_save_dir': 'results/mosi/emt-dlfr/run_once/results', 'gpu_ids': [7], 'missing_rates': array([0. , 0.1, 0.2, 0.3, 0.4, 0.5, 0.6, 0.7, 0.8, 0.9, 1. ]), 'seed': 11111, 'num_seeds': 3, 'exp_name': 'moe-uncertainty', 'diff_missing': None, 'KeyEval': 'Loss', 'save_model': True, 'unified_missing': False, 'use_normalized_data': False, 'seeds': [111, 1111, 11111], 'missing_rate': (0.4, 0.4, 0.4), 'dataPath': '/mnt/HDD2/teng/Master-23/sjc/work2/EMT-DLFR-master-based/MMSA/Datasets/MOSI/Processed/unaligned_50.pkl', 'seq_lens': (50, 375, 500), 'feature_dims': (768, 5, 20), 'train_samples': 1284, 'num_classes': 3, 'language': 'en', 'missing_seed': (111, 1111, 11111), 'data_missing': True, 'deal_missing': False, 'need_data_aligned': False, 'need_model_aligned': False, 'need_normalized': False, 'use_bert': True, 'use_finetune': True, 'save_labels': False, 'early_stop': 8, 'update_epochs': 4, 'batch_size': 32, 'learning_rate_bert': 5e-05, 'learning_rate_audio': 0.001, 'learning_rate_video': 0.0001, 'learning_rate_other': 0.001, 'weight_decay_bert': 0.001, 'weight_decay_audio': 0.01, 'weight_decay_video': 0.001, 'weight_decay_other': 0.001, 'a_lstm_hidden_size': 32, 'v_lstm_hidden_size': 64, 'a_lstm_layers': 1, 'v_lstm_layers': 1, 'text_out': 768, 'audio_out': 16, 'video_out': 32, 'a_lstm_dropout': 0.0, 'v_lstm_dropout': 0.0, 't_bert_dropout': 0.1, 'd_model': 128, 'fusion_layers': 3, 'heads': 4, 'learnable_pos_emb': False, 'emb_dropout': 0.0, 'attn_dropout': 0.2, 'ff_dropout': 0.1, 'ff_expansion': 4, 'mpu_share': True, 'modality_share': True, 'layer_share': True, 'attn_act_fn': 'tanh', 'gmc_tokens_pred_dim': 128, 'text_pred_dim': 256, 'audio_pred_dim': 8, 'video_pred_dim': 16, 'recon_loss': 'SmoothL1Loss', 'loss_attra_weight': 1, 'use_uncertainty_weighted_attra': True, 'uncertainty_attra_alpha': 0.1, 'loss_recon_weight': 1, 'uncertainty_reg_weight': 0, 'uncertainty_reg_margin': 5e-05, 'uncertainty_before_weight': 0.5, 'post_fusion_dim': 256, 'post_fusion_dropout': 0.3, 'H': 3.0, 'cur_time': 3, 'model_save_path': 'results/mosi/emt-dlfr/run_once/models/emt-dlfr-mosi-regression-mr0.4-11111.pth', 'device': device(type='cuda', index=7), 'tasks': 'M'}>",111,71.57,71.59,72.1,72.19,36.59,31.92,104.97,54.99,-125.23,104.72
2026-02-09_07-42-41,emt-dlfr,"<Storage{'need_task_scheduling': False, 'is_tune': False, 'train_mode': 'regression', 'modelName': 'emt-dlfr', 'datasetName': 'mosi', 'num_workers': 4, 'model_save_dir': 'results/mosi/emt-dlfr/run_once/models', 'res_save_dir': 'results/mosi/emt-dlfr/run_once/results', 'gpu_ids': [7], 'missing_rates': array([0. , 0.1, 0.2, 0.3, 0.4, 0.5, 0.6, 0.7, 0.8, 0.9, 1. ]), 'seed': 11111, 'num_seeds': 3, 'exp_name': 'moe-uncertainty', 'diff_missing': None, 'KeyEval': 'Loss', 'save_model': True, 'unified_missing': False, 'use_normalized_data': False, 'seeds': [111, 1111, 11111], 'missing_rate': (0.4, 0.4, 0.4), 'dataPath': '/mnt/HDD2/teng/Master-23/sjc/work2/EMT-DLFR-master-based/MMSA/Datasets/MOSI/Processed/unaligned_50.pkl', 'seq_lens': (50, 375, 500), 'feature_dims': (768, 5, 20), 'train_samples': 1284, 'num_classes': 3, 'language': 'en', 'missing_seed': (111, 1111, 11111), 'data_missing': True, 'deal_missing': False, 'need_data_aligned': False, 'need_model_aligned': False, 'need_normalized': False, 'use_bert': True, 'use_finetune': True, 'save_labels': False, 'early_stop': 8, 'update_epochs': 4, 'batch_size': 32, 'learning_rate_bert': 5e-05, 'learning_rate_audio': 0.001, 'learning_rate_video': 0.0001, 'learning_rate_other': 0.001, 'weight_decay_bert': 0.001, 'weight_decay_audio': 0.01, 'weight_decay_video': 0.001, 'weight_decay_other': 0.001, 'a_lstm_hidden_size': 32, 'v_lstm_hidden_size': 64, 'a_lstm_layers': 1, 'v_lstm_layers': 1, 'text_out': 768, 'audio_out': 16, 'video_out': 32, 'a_lstm_dropout': 0.0, 'v_lstm_dropout': 0.0, 't_bert_dropout': 0.1, 'd_model': 128, 'fusion_layers': 3, 'heads': 4, 'learnable_pos_emb': False, 'emb_dropout': 0.0, 'attn_dropout': 0.2, 'ff_dropout': 0.1, 'ff_expansion': 4, 'mpu_share': True, 'modality_share': True, 'layer_share': True, 'attn_act_fn': 'tanh', 'gmc_tokens_pred_dim': 128, 'text_pred_dim': 256, 'audio_pred_dim': 8, 'video_pred_dim': 16, 'recon_loss': 'SmoothL1Loss', 'loss_attra_weight': 1, 'use_uncertainty_weighted_attra': True, 'uncertainty_attra_alpha': 0.1, 'loss_recon_weight': 1, 'uncertainty_reg_weight': 0, 'uncertainty_reg_margin': 5e-05, 'uncertainty_before_weight': 0.5, 'post_fusion_dim': 256, 'post_fusion_dropout': 0.3, 'H': 3.0, 'cur_time': 3, 'model_save_path': 'results/mosi/emt-dlfr/run_once/models/emt-dlfr-mosi-regression-mr0.4-11111.pth', 'device': device(type='cuda', index=7), 'tasks': 'M'}>",1111,72.16,72.1,72.87,72.88,32.94,30.03,104.11,55.78,-107.07,104.37
2026-02-09_07-42-41,emt-dlfr,"<Storage{'need_task_scheduling': False, 'is_tune': False, 'train_mode': 'regression', 'modelName': 'emt-dlfr', 'datasetName': 'mosi', 'num_workers': 4, 'model_save_dir': 'results/mosi/emt-dlfr/run_once/models', 'res_save_dir': 'results/mosi/emt-dlfr/run_once/results', 'gpu_ids': [7], 'missing_rates': array([0. , 0.1, 0.2, 0.3, 0.4, 0.5, 0.6, 0.7, 0.8, 0.9, 1. ]), 'seed': 11111, 'num_seeds': 3, 'exp_name': 'moe-uncertainty', 'diff_missing': None, 'KeyEval': 'Loss', 'save_model': True, 'unified_missing': False, 'use_normalized_data': False, 'seeds': [111, 1111, 11111], 'missing_rate': (0.4, 0.4, 0.4), 'dataPath': '/mnt/HDD2/teng/Master-23/sjc/work2/EMT-DLFR-master-based/MMSA/Datasets/MOSI/Processed/unaligned_50.pkl', 'seq_lens': (50, 375, 500), 'feature_dims': (768, 5, 20), 'train_samples': 1284, 'num_classes': 3, 'language': 'en', 'missing_seed': (111, 1111, 11111), 'data_missing': True, 'deal_missing': False, 'need_data_aligned': False, 'need_model_aligned': False, 'need_normalized': False, 'use_bert': True, 'use_finetune': True, 'save_labels': False, 'early_stop': 8, 'update_epochs': 4, 'batch_size': 32, 'learning_rate_bert': 5e-05, 'learning_rate_audio': 0.001, 'learning_rate_video': 0.0001, 'learning_rate_other': 0.001, 'weight_decay_bert': 0.001, 'weight_decay_audio': 0.01, 'weight_decay_video': 0.001, 'weight_decay_other': 0.001, 'a_lstm_hidden_size': 32, 'v_lstm_hidden_size': 64, 'a_lstm_layers': 1, 'v_lstm_layers': 1, 'text_out': 768, 'audio_out': 16, 'video_out': 32, 'a_lstm_dropout': 0.0, 'v_lstm_dropout': 0.0, 't_bert_dropout': 0.1, 'd_model': 128, 'fusion_layers': 3, 'heads': 4, 'learnable_pos_emb': False, 'emb_dropout': 0.0, 'attn_dropout': 0.2, 'ff_dropout': 0.1, 'ff_expansion': 4, 'mpu_share': True, 'modality_share': True, 'layer_share': True, 'attn_act_fn': 'tanh', 'gmc_tokens_pred_dim': 128, 'text_pred_dim': 256, 'audio_pred_dim': 8, 'video_pred_dim': 16, 'recon_loss': 'SmoothL1Loss', 'loss_attra_weight': 1, 'use_uncertainty_weighted_attra': True, 'uncertainty_attra_alpha': 0.1, 'loss_recon_weight': 1, 'uncertainty_reg_weight': 0, 'uncertainty_reg_margin': 5e-05, 'uncertainty_before_weight': 0.5, 'post_fusion_dim': 256, 'post_fusion_dropout': 0.3, 'H': 3.0, 'cur_time': 3, 'model_save_path': 'results/mosi/emt-dlfr/run_once/models/emt-dlfr-mosi-regression-mr0.4-11111.pth', 'device': device(type='cuda', index=7), 'tasks': 'M'}>",11111,73.18,73.18,73.93,74.0,35.86,31.78,104.06,56.25,-124.23,103.69
2026-02-09_07-42-41,emt-dlfr,"<Storage{'need_task_scheduling': False, 'is_tune': False, 'train_mode': 'regression', 'modelName': 'emt-dlfr', 'datasetName': 'mosi', 'num_workers': 4, 'model_save_dir': 'results/mosi/emt-dlfr/run_once/models', 'res_save_dir': 'results/mosi/emt-dlfr/run_once/results', 'gpu_ids': [7], 'missing_rates': array([0. , 0.1, 0.2, 0.3, 0.4, 0.5, 0.6, 0.7, 0.8, 0.9, 1. ]), 'seed': 11111, 'num_seeds': 3, 'exp_name': 'moe-uncertainty', 'diff_missing': None, 'KeyEval': 'Loss', 'save_model': True, 'unified_missing': False, 'use_normalized_data': False, 'seeds': [111, 1111, 11111], 'missing_rate': (0.4, 0.4, 0.4), 'dataPath': '/mnt/HDD2/teng/Master-23/sjc/work2/EMT-DLFR-master-based/MMSA/Datasets/MOSI/Processed/unaligned_50.pkl', 'seq_lens': (50, 375, 500), 'feature_dims': (768, 5, 20), 'train_samples': 1284, 'num_classes': 3, 'language': 'en', 'missing_seed': (111, 1111, 11111), 'data_missing': True, 'deal_missing': False, 'need_data_aligned': False, 'need_model_aligned': False, 'need_normalized': False, 'use_bert': True, 'use_finetune': True, 'save_labels': False, 'early_stop': 8, 'update_epochs': 4, 'batch_size': 32, 'learning_rate_bert': 5e-05, 'learning_rate_audio': 0.001, 'learning_rate_video': 0.0001, 'learning_rate_other': 0.001, 'weight_decay_bert': 0.001, 'weight_decay_audio': 0.01, 'weight_decay_video': 0.001, 'weight_decay_other': 0.001, 'a_lstm_hidden_size': 32, 'v_lstm_hidden_size': 64, 'a_lstm_layers': 1, 'v_lstm_layers': 1, 'text_out': 768, 'audio_out': 16, 'video_out': 32, 'a_lstm_dropout': 0.0, 'v_lstm_dropout': 0.0, 't_bert_dropout': 0.1, 'd_model': 128, 'fusion_layers': 3, 'heads': 4, 'learnable_pos_emb': False, 'emb_dropout': 0.0, 'attn_dropout': 0.2, 'ff_dropout': 0.1, 'ff_expansion': 4, 'mpu_share': True, 'modality_share': True, 'layer_share': True, 'attn_act_fn': 'tanh', 'gmc_tokens_pred_dim': 128, 'text_pred_dim': 256, 'audio_pred_dim': 8, 'video_pred_dim': 16, 'recon_loss': 'SmoothL1Loss', 'loss_attra_weight': 1, 'use_uncertainty_weighted_attra': True, 'uncertainty_attra_alpha': 0.1, 'loss_recon_weight': 1, 'uncertainty_reg_weight': 0, 'uncertainty_reg_margin': 5e-05, 'uncertainty_before_weight': 0.5, 'post_fusion_dim': 256, 'post_fusion_dropout': 0.3, 'H': 3.0, 'cur_time': 3, 'model_save_path': 'results/mosi/emt-dlfr/run_once/models/emt-dlfr-mosi-regression-mr0.4-11111.pth', 'device': device(type='cuda', index=7), 'tasks': 'M'}>",<mean/std>,"(72.3, 0.67)","(72.29, 0.66)","(72.97, 0.75)","(73.02, 0.75)","(35.13, 1.58)","(31.24, 0.86)","(104.38, 0.42)","(55.67, 0.52)","(-118.84, 8.34)","(104.26, 0.43)"
2026-02-09_07-42-41,emt-dlfr,"<Storage{'need_task_scheduling': False, 'is_tune': False, 'train_mode': 'regression', 'modelName': 'emt-dlfr', 'datasetName': 'mosi', 'num_workers': 4, 'model_save_dir': 'results/mosi/emt-dlfr/run_once/models', 'res_save_dir': 'results/mosi/emt-dlfr/run_once/results', 'gpu_ids': [7], 'missing_rates': array([0. , 0.1, 0.2, 0.3, 0.4, 0.5, 0.6, 0.7, 0.8, 0.9, 1. ]), 'seed': 11111, 'num_seeds': 3, 'exp_name': 'moe-uncertainty', 'diff_missing': None, 'KeyEval': 'Loss', 'save_model': True, 'unified_missing': False, 'use_normalized_data': False, 'seeds': [111, 1111, 11111], 'missing_rate': (0.4, 0.4, 0.4), 'dataPath': '/mnt/HDD2/teng/Master-23/sjc/work2/EMT-DLFR-master-based/MMSA/Datasets/MOSI/Processed/unaligned_50.pkl', 'seq_lens': (50, 375, 500), 'feature_dims': (768, 5, 20), 'train_samples': 1284, 'num_classes': 3, 'language': 'en', 'missing_seed': (111, 1111, 11111), 'data_missing': True, 'deal_missing': False, 'need_data_aligned': False, 'need_model_aligned': False, 'need_normalized': False, 'use_bert': True, 'use_finetune': True, 'save_labels': False, 'early_stop': 8, 'update_epochs': 4, 'batch_size': 32, 'learning_rate_bert': 5e-05, 'learning_rate_audio': 0.001, 'learning_rate_video': 0.0001, 'learning_rate_other': 0.001, 'weight_decay_bert': 0.001, 'weight_decay_audio': 0.01, 'weight_decay_video': 0.001, 'weight_decay_other': 0.001, 'a_lstm_hidden_size': 32, 'v_lstm_hidden_size': 64, 'a_lstm_layers': 1, 'v_lstm_layers': 1, 'text_out': 768, 'audio_out': 16, 'video_out': 32, 'a_lstm_dropout': 0.0, 'v_lstm_dropout': 0.0, 't_bert_dropout': 0.1, 'd_model': 128, 'fusion_layers': 3, 'heads': 4, 'learnable_pos_emb': False, 'emb_dropout': 0.0, 'attn_dropout': 0.2, 'ff_dropout': 0.1, 'ff_expansion': 4, 'mpu_share': True, 'modality_share': True, 'layer_share': True, 'attn_act_fn': 'tanh', 'gmc_tokens_pred_dim': 128, 'text_pred_dim': 256, 'audio_pred_dim': 8, 'video_pred_dim': 16, 'recon_loss': 'SmoothL1Loss', 'loss_attra_weight': 1, 'use_uncertainty_weighted_attra': True, 'uncertainty_attra_alpha': 0.1, 'loss_recon_weight': 1, 'uncertainty_reg_weight': 0, 'uncertainty_reg_margin': 5e-05, 'uncertainty_before_weight': 0.5, 'post_fusion_dim': 256, 'post_fusion_dropout': 0.3, 'H': 3.0, 'cur_time': 3, 'model_save_path': 'results/mosi/emt-dlfr/run_once/models/emt-dlfr-mosi-regression-mr0.4-11111.pth', 'device': device(type='cuda', index=7), 'tasks': 'M'}>",<max/seed>,"(73.18, 11111)","(73.18, 11111)","(73.93, 11111)","(74.0, 11111)","(36.59, 111)","(31.92, 111)","(104.97, 111)","(56.25, 11111)","(-107.07, 1111)","(104.72, 111)"
2026-02-09_07-42-41,emt-dlfr,"<Storage{'need_task_scheduling': False, 'is_tune': False, 'train_mode': 'regression', 'modelName': 'emt-dlfr', 'datasetName': 'mosi', 'num_workers': 4, 'model_save_dir': 'results/mosi/emt-dlfr/run_once/models', 'res_save_dir': 'results/mosi/emt-dlfr/run_once/results', 'gpu_ids': [7], 'missing_rates': array([0. , 0.1, 0.2, 0.3, 0.4, 0.5, 0.6, 0.7, 0.8, 0.9, 1. ]), 'seed': 11111, 'num_seeds': 3, 'exp_name': 'moe-uncertainty', 'diff_missing': None, 'KeyEval': 'Loss', 'save_model': True, 'unified_missing': False, 'use_normalized_data': False, 'seeds': [111, 1111, 11111], 'missing_rate': (0.4, 0.4, 0.4), 'dataPath': '/mnt/HDD2/teng/Master-23/sjc/work2/EMT-DLFR-master-based/MMSA/Datasets/MOSI/Processed/unaligned_50.pkl', 'seq_lens': (50, 375, 500), 'feature_dims': (768, 5, 20), 'train_samples': 1284, 'num_classes': 3, 'language': 'en', 'missing_seed': (111, 1111, 11111), 'data_missing': True, 'deal_missing': False, 'need_data_aligned': False, 'need_model_aligned': False, 'need_normalized': False, 'use_bert': True, 'use_finetune': True, 'save_labels': False, 'early_stop': 8, 'update_epochs': 4, 'batch_size': 32, 'learning_rate_bert': 5e-05, 'learning_rate_audio': 0.001, 'learning_rate_video': 0.0001, 'learning_rate_other': 0.001, 'weight_decay_bert': 0.001, 'weight_decay_audio': 0.01, 'weight_decay_video': 0.001, 'weight_decay_other': 0.001, 'a_lstm_hidden_size': 32, 'v_lstm_hidden_size': 64, 'a_lstm_layers': 1, 'v_lstm_layers': 1, 'text_out': 768, 'audio_out': 16, 'video_out': 32, 'a_lstm_dropout': 0.0, 'v_lstm_dropout': 0.0, 't_bert_dropout': 0.1, 'd_model': 128, 'fusion_layers': 3, 'heads': 4, 'learnable_pos_emb': False, 'emb_dropout': 0.0, 'attn_dropout': 0.2, 'ff_dropout': 0.1, 'ff_expansion': 4, 'mpu_share': True, 'modality_share': True, 'layer_share': True, 'attn_act_fn': 'tanh', 'gmc_tokens_pred_dim': 128, 'text_pred_dim': 256, 'audio_pred_dim': 8, 'video_pred_dim': 16, 'recon_loss': 'SmoothL1Loss', 'loss_attra_weight': 1, 'use_uncertainty_weighted_attra': True, 'uncertainty_attra_alpha': 0.1, 'loss_recon_weight': 1, 'uncertainty_reg_weight': 0, 'uncertainty_reg_margin': 5e-05, 'uncertainty_before_weight': 0.5, 'post_fusion_dim': 256, 'post_fusion_dropout': 0.3, 'H': 3.0, 'cur_time': 3, 'model_save_path': 'results/mosi/emt-dlfr/run_once/models/emt-dlfr-mosi-regression-mr0.4-11111.pth', 'device': device(type='cuda', index=7), 'tasks': 'M'}>",<min/seed>,"(71.57, 111)","(71.59, 111)","(72.1, 111)","(72.19, 111)","(32.94, 1111)","(30.03, 1111)","(104.06, 11111)","(54.99, 111)","(-125.23, 111)","(103.69, 11111)"
2026-02-09_12-23-52,emt-dlfr,"<Storage{'need_task_scheduling': False, 'is_tune': False, 'train_mode': 'regression', 'modelName': 'emt-dlfr', 'datasetName': 'mosi', 'num_workers': 4, 'model_save_dir': 'results/mosi/emt-dlfr/run_once/models', 'res_save_dir': 'results/mosi/emt-dlfr/run_once/results', 'gpu_ids': [7], 'missing_rates': array([0. , 0.1, 0.2, 0.3, 0.4, 0.5, 0.6, 0.7, 0.8, 0.9, 1. ]), 'seed': 11111, 'num_seeds': 3, 'exp_name': 'moe-uncertainty', 'diff_missing': None, 'KeyEval': 'Loss', 'save_model': True, 'unified_missing': False, 'use_normalized_data': False, 'seeds': [111, 1111, 11111], 'missing_rate': (0.4, 0.4, 0.4), 'dataPath': '/mnt/HDD2/teng/Master-23/sjc/work2/EMT-DLFR-master-based/MMSA/Datasets/MOSI/Processed/unaligned_50.pkl', 'seq_lens': (50, 375, 500), 'feature_dims': (768, 5, 20), 'train_samples': 1284, 'num_classes': 3, 'language': 'en', 'missing_seed': (111, 1111, 11111), 'data_missing': True, 'deal_missing': False, 'need_data_aligned': False, 'need_model_aligned': False, 'need_normalized': False, 'use_bert': True, 'use_finetune': True, 'save_labels': False, 'early_stop': 8, 'update_epochs': 4, 'batch_size': 32, 'learning_rate_bert': 5e-05, 'learning_rate_audio': 0.001, 'learning_rate_video': 0.0001, 'learning_rate_other': 0.001, 'weight_decay_bert': 0.001, 'weight_decay_audio': 0.01, 'weight_decay_video': 0.001, 'weight_decay_other': 0.001, 'a_lstm_hidden_size': 32, 'v_lstm_hidden_size': 64, 'a_lstm_layers': 1, 'v_lstm_layers': 1, 'text_out': 768, 'audio_out': 16, 'video_out': 32, 'a_lstm_dropout': 0.0, 'v_lstm_dropout': 0.0, 't_bert_dropout': 0.1, 'd_model': 128, 'fusion_layers': 3, 'heads': 4, 'learnable_pos_emb': False, 'emb_dropout': 0.0, 'attn_dropout': 0.2, 'ff_dropout': 0.1, 'ff_expansion': 4, 'mpu_share': True, 'modality_share': True, 'layer_share': True, 'attn_act_fn': 'tanh', 'gmc_tokens_pred_dim': 128, 'text_pred_dim': 256, 'audio_pred_dim': 8, 'video_pred_dim': 16, 'recon_loss': 'SmoothL1Loss', 'loss_attra_weight': 1, 'use_uncertainty_weighted_attra': True, 'use_per_modal_uncertainty_weight': True, 'uncertainty_attra_alpha': 0.1, 'modal_attra_weights': {'gmc': 1.0, 'text': 1.2, 'audio': 0.8, 'video': 0.8}, 'loss_recon_weight': 1, 'uncertainty_reg_weight': 0, 'uncertainty_reg_margin': 5e-05, 'uncertainty_before_weight': 0, 'post_fusion_dim': 256, 'post_fusion_dropout': 0.3, 'H': 3.0, 'cur_time': 3, 'model_save_path': 'results/mosi/emt-dlfr/run_once/models/emt-dlfr-mosi-regression-mr0.4-11111.pth', 'device': device(type='cuda', index=7), 'tasks': 'M'}>",111,74.2,74.26,74.7,74.84,36.59,33.09,105.38,55.65,-121.14,106.18
2026-02-09_12-23-52,emt-dlfr,"<Storage{'need_task_scheduling': False, 'is_tune': False, 'train_mode': 'regression', 'modelName': 'emt-dlfr', 'datasetName': 'mosi', 'num_workers': 4, 'model_save_dir': 'results/mosi/emt-dlfr/run_once/models', 'res_save_dir': 'results/mosi/emt-dlfr/run_once/results', 'gpu_ids': [7], 'missing_rates': array([0. , 0.1, 0.2, 0.3, 0.4, 0.5, 0.6, 0.7, 0.8, 0.9, 1. ]), 'seed': 11111, 'num_seeds': 3, 'exp_name': 'moe-uncertainty', 'diff_missing': None, 'KeyEval': 'Loss', 'save_model': True, 'unified_missing': False, 'use_normalized_data': False, 'seeds': [111, 1111, 11111], 'missing_rate': (0.4, 0.4, 0.4), 'dataPath': '/mnt/HDD2/teng/Master-23/sjc/work2/EMT-DLFR-master-based/MMSA/Datasets/MOSI/Processed/unaligned_50.pkl', 'seq_lens': (50, 375, 500), 'feature_dims': (768, 5, 20), 'train_samples': 1284, 'num_classes': 3, 'language': 'en', 'missing_seed': (111, 1111, 11111), 'data_missing': True, 'deal_missing': False, 'need_data_aligned': False, 'need_model_aligned': False, 'need_normalized': False, 'use_bert': True, 'use_finetune': True, 'save_labels': False, 'early_stop': 8, 'update_epochs': 4, 'batch_size': 32, 'learning_rate_bert': 5e-05, 'learning_rate_audio': 0.001, 'learning_rate_video': 0.0001, 'learning_rate_other': 0.001, 'weight_decay_bert': 0.001, 'weight_decay_audio': 0.01, 'weight_decay_video': 0.001, 'weight_decay_other': 0.001, 'a_lstm_hidden_size': 32, 'v_lstm_hidden_size': 64, 'a_lstm_layers': 1, 'v_lstm_layers': 1, 'text_out': 768, 'audio_out': 16, 'video_out': 32, 'a_lstm_dropout': 0.0, 'v_lstm_dropout': 0.0, 't_bert_dropout': 0.1, 'd_model': 128, 'fusion_layers': 3, 'heads': 4, 'learnable_pos_emb': False, 'emb_dropout': 0.0, 'attn_dropout': 0.2, 'ff_dropout': 0.1, 'ff_expansion': 4, 'mpu_share': True, 'modality_share': True, 'layer_share': True, 'attn_act_fn': 'tanh', 'gmc_tokens_pred_dim': 128, 'text_pred_dim': 256, 'audio_pred_dim': 8, 'video_pred_dim': 16, 'recon_loss': 'SmoothL1Loss', 'loss_attra_weight': 1, 'use_uncertainty_weighted_attra': True, 'use_per_modal_uncertainty_weight': True, 'uncertainty_attra_alpha': 0.1, 'modal_attra_weights': {'gmc': 1.0, 'text': 1.2, 'audio': 0.8, 'video': 0.8}, 'loss_recon_weight': 1, 'uncertainty_reg_weight': 0, 'uncertainty_reg_margin': 5e-05, 'uncertainty_before_weight': 0, 'post_fusion_dim': 256, 'post_fusion_dropout': 0.3, 'H': 3.0, 'cur_time': 3, 'model_save_path': 'results/mosi/emt-dlfr/run_once/models/emt-dlfr-mosi-regression-mr0.4-11111.pth', 'device': device(type='cuda', index=7), 'tasks': 'M'}>",1111,73.03,73.06,73.78,73.88,35.28,31.2,102.29,56.85,-129.46,103.24
2026-02-09_12-23-52,emt-dlfr,"<Storage{'need_task_scheduling': False, 'is_tune': False, 'train_mode': 'regression', 'modelName': 'emt-dlfr', 'datasetName': 'mosi', 'num_workers': 4, 'model_save_dir': 'results/mosi/emt-dlfr/run_once/models', 'res_save_dir': 'results/mosi/emt-dlfr/run_once/results', 'gpu_ids': [7], 'missing_rates': array([0. , 0.1, 0.2, 0.3, 0.4, 0.5, 0.6, 0.7, 0.8, 0.9, 1. ]), 'seed': 11111, 'num_seeds': 3, 'exp_name': 'moe-uncertainty', 'diff_missing': None, 'KeyEval': 'Loss', 'save_model': True, 'unified_missing': False, 'use_normalized_data': False, 'seeds': [111, 1111, 11111], 'missing_rate': (0.4, 0.4, 0.4), 'dataPath': '/mnt/HDD2/teng/Master-23/sjc/work2/EMT-DLFR-master-based/MMSA/Datasets/MOSI/Processed/unaligned_50.pkl', 'seq_lens': (50, 375, 500), 'feature_dims': (768, 5, 20), 'train_samples': 1284, 'num_classes': 3, 'language': 'en', 'missing_seed': (111, 1111, 11111), 'data_missing': True, 'deal_missing': False, 'need_data_aligned': False, 'need_model_aligned': False, 'need_normalized': False, 'use_bert': True, 'use_finetune': True, 'save_labels': False, 'early_stop': 8, 'update_epochs': 4, 'batch_size': 32, 'learning_rate_bert': 5e-05, 'learning_rate_audio': 0.001, 'learning_rate_video': 0.0001, 'learning_rate_other': 0.001, 'weight_decay_bert': 0.001, 'weight_decay_audio': 0.01, 'weight_decay_video': 0.001, 'weight_decay_other': 0.001, 'a_lstm_hidden_size': 32, 'v_lstm_hidden_size': 64, 'a_lstm_layers': 1, 'v_lstm_layers': 1, 'text_out': 768, 'audio_out': 16, 'video_out': 32, 'a_lstm_dropout': 0.0, 'v_lstm_dropout': 0.0, 't_bert_dropout': 0.1, 'd_model': 128, 'fusion_layers': 3, 'heads': 4, 'learnable_pos_emb': False, 'emb_dropout': 0.0, 'attn_dropout': 0.2, 'ff_dropout': 0.1, 'ff_expansion': 4, 'mpu_share': True, 'modality_share': True, 'layer_share': True, 'attn_act_fn': 'tanh', 'gmc_tokens_pred_dim': 128, 'text_pred_dim': 256, 'audio_pred_dim': 8, 'video_pred_dim': 16, 'recon_loss': 'SmoothL1Loss', 'loss_attra_weight': 1, 'use_uncertainty_weighted_attra': True, 'use_per_modal_uncertainty_weight': True, 'uncertainty_attra_alpha': 0.1, 'modal_attra_weights': {'gmc': 1.0, 'text': 1.2, 'audio': 0.8, 'video': 0.8}, 'loss_recon_weight': 1, 'uncertainty_reg_weight': 0, 'uncertainty_reg_margin': 5e-05, 'uncertainty_before_weight': 0, 'post_fusion_dim': 256, 'post_fusion_dropout': 0.3, 'H': 3.0, 'cur_time': 3, 'model_save_path': 'results/mosi/emt-dlfr/run_once/models/emt-dlfr-mosi-regression-mr0.4-11111.pth', 'device': device(type='cuda', index=7), 'tasks': 'M'}>",11111,73.03,73.05,73.93,74.03,33.97,30.32,105.37,55.0,-123.79,104.79
2026-02-09_12-23-52,emt-dlfr,"<Storage{'need_task_scheduling': False, 'is_tune': False, 'train_mode': 'regression', 'modelName': 'emt-dlfr', 'datasetName': 'mosi', 'num_workers': 4, 'model_save_dir': 'results/mosi/emt-dlfr/run_once/models', 'res_save_dir': 'results/mosi/emt-dlfr/run_once/results', 'gpu_ids': [7], 'missing_rates': array([0. , 0.1, 0.2, 0.3, 0.4, 0.5, 0.6, 0.7, 0.8, 0.9, 1. ]), 'seed': 11111, 'num_seeds': 3, 'exp_name': 'moe-uncertainty', 'diff_missing': None, 'KeyEval': 'Loss', 'save_model': True, 'unified_missing': False, 'use_normalized_data': False, 'seeds': [111, 1111, 11111], 'missing_rate': (0.4, 0.4, 0.4), 'dataPath': '/mnt/HDD2/teng/Master-23/sjc/work2/EMT-DLFR-master-based/MMSA/Datasets/MOSI/Processed/unaligned_50.pkl', 'seq_lens': (50, 375, 500), 'feature_dims': (768, 5, 20), 'train_samples': 1284, 'num_classes': 3, 'language': 'en', 'missing_seed': (111, 1111, 11111), 'data_missing': True, 'deal_missing': False, 'need_data_aligned': False, 'need_model_aligned': False, 'need_normalized': False, 'use_bert': True, 'use_finetune': True, 'save_labels': False, 'early_stop': 8, 'update_epochs': 4, 'batch_size': 32, 'learning_rate_bert': 5e-05, 'learning_rate_audio': 0.001, 'learning_rate_video': 0.0001, 'learning_rate_other': 0.001, 'weight_decay_bert': 0.001, 'weight_decay_audio': 0.01, 'weight_decay_video': 0.001, 'weight_decay_other': 0.001, 'a_lstm_hidden_size': 32, 'v_lstm_hidden_size': 64, 'a_lstm_layers': 1, 'v_lstm_layers': 1, 'text_out': 768, 'audio_out': 16, 'video_out': 32, 'a_lstm_dropout': 0.0, 'v_lstm_dropout': 0.0, 't_bert_dropout': 0.1, 'd_model': 128, 'fusion_layers': 3, 'heads': 4, 'learnable_pos_emb': False, 'emb_dropout': 0.0, 'attn_dropout': 0.2, 'ff_dropout': 0.1, 'ff_expansion': 4, 'mpu_share': True, 'modality_share': True, 'layer_share': True, 'attn_act_fn': 'tanh', 'gmc_tokens_pred_dim': 128, 'text_pred_dim': 256, 'audio_pred_dim': 8, 'video_pred_dim': 16, 'recon_loss': 'SmoothL1Loss', 'loss_attra_weight': 1, 'use_uncertainty_weighted_attra': True, 'use_per_modal_uncertainty_weight': True, 'uncertainty_attra_alpha': 0.1, 'modal_attra_weights': {'gmc': 1.0, 'text': 1.2, 'audio': 0.8, 'video': 0.8}, 'loss_recon_weight': 1, 'uncertainty_reg_weight': 0, 'uncertainty_reg_margin': 5e-05, 'uncertainty_before_weight': 0, 'post_fusion_dim': 256, 'post_fusion_dropout': 0.3, 'H': 3.0, 'cur_time': 3, 'model_save_path': 'results/mosi/emt-dlfr/run_once/models/emt-dlfr-mosi-regression-mr0.4-11111.pth', 'device': device(type='cuda', index=7), 'tasks': 'M'}>",<mean/std>,"(73.42, 0.55)","(73.46, 0.57)","(74.14, 0.4)","(74.25, 0.42)","(35.28, 1.07)","(31.54, 1.16)","(104.35, 1.45)","(55.83, 0.77)","(-124.79, 3.47)","(104.74, 1.2)"
2026-02-09_12-23-52,emt-dlfr,"<Storage{'need_task_scheduling': False, 'is_tune': False, 'train_mode': 'regression', 'modelName': 'emt-dlfr', 'datasetName': 'mosi', 'num_workers': 4, 'model_save_dir': 'results/mosi/emt-dlfr/run_once/models', 'res_save_dir': 'results/mosi/emt-dlfr/run_once/results', 'gpu_ids': [7], 'missing_rates': array([0. , 0.1, 0.2, 0.3, 0.4, 0.5, 0.6, 0.7, 0.8, 0.9, 1. ]), 'seed': 11111, 'num_seeds': 3, 'exp_name': 'moe-uncertainty', 'diff_missing': None, 'KeyEval': 'Loss', 'save_model': True, 'unified_missing': False, 'use_normalized_data': False, 'seeds': [111, 1111, 11111], 'missing_rate': (0.4, 0.4, 0.4), 'dataPath': '/mnt/HDD2/teng/Master-23/sjc/work2/EMT-DLFR-master-based/MMSA/Datasets/MOSI/Processed/unaligned_50.pkl', 'seq_lens': (50, 375, 500), 'feature_dims': (768, 5, 20), 'train_samples': 1284, 'num_classes': 3, 'language': 'en', 'missing_seed': (111, 1111, 11111), 'data_missing': True, 'deal_missing': False, 'need_data_aligned': False, 'need_model_aligned': False, 'need_normalized': False, 'use_bert': True, 'use_finetune': True, 'save_labels': False, 'early_stop': 8, 'update_epochs': 4, 'batch_size': 32, 'learning_rate_bert': 5e-05, 'learning_rate_audio': 0.001, 'learning_rate_video': 0.0001, 'learning_rate_other': 0.001, 'weight_decay_bert': 0.001, 'weight_decay_audio': 0.01, 'weight_decay_video': 0.001, 'weight_decay_other': 0.001, 'a_lstm_hidden_size': 32, 'v_lstm_hidden_size': 64, 'a_lstm_layers': 1, 'v_lstm_layers': 1, 'text_out': 768, 'audio_out': 16, 'video_out': 32, 'a_lstm_dropout': 0.0, 'v_lstm_dropout': 0.0, 't_bert_dropout': 0.1, 'd_model': 128, 'fusion_layers': 3, 'heads': 4, 'learnable_pos_emb': False, 'emb_dropout': 0.0, 'attn_dropout': 0.2, 'ff_dropout': 0.1, 'ff_expansion': 4, 'mpu_share': True, 'modality_share': True, 'layer_share': True, 'attn_act_fn': 'tanh', 'gmc_tokens_pred_dim': 128, 'text_pred_dim': 256, 'audio_pred_dim': 8, 'video_pred_dim': 16, 'recon_loss': 'SmoothL1Loss', 'loss_attra_weight': 1, 'use_uncertainty_weighted_attra': True, 'use_per_modal_uncertainty_weight': True, 'uncertainty_attra_alpha': 0.1, 'modal_attra_weights': {'gmc': 1.0, 'text': 1.2, 'audio': 0.8, 'video': 0.8}, 'loss_recon_weight': 1, 'uncertainty_reg_weight': 0, 'uncertainty_reg_margin': 5e-05, 'uncertainty_before_weight': 0, 'post_fusion_dim': 256, 'post_fusion_dropout': 0.3, 'H': 3.0, 'cur_time': 3, 'model_save_path': 'results/mosi/emt-dlfr/run_once/models/emt-dlfr-mosi-regression-mr0.4-11111.pth', 'device': device(type='cuda', index=7), 'tasks': 'M'}>",<max/seed>,"(74.2, 111)","(74.26, 111)","(74.7, 111)","(74.84, 111)","(36.59, 111)","(33.09, 111)","(105.38, 111)","(56.85, 1111)","(-121.14, 111)","(106.18, 111)"
2026-02-09_12-23-52,emt-dlfr,"<Storage{'need_task_scheduling': False, 'is_tune': False, 'train_mode': 'regression', 'modelName': 'emt-dlfr', 'datasetName': 'mosi', 'num_workers': 4, 'model_save_dir': 'results/mosi/emt-dlfr/run_once/models', 'res_save_dir': 'results/mosi/emt-dlfr/run_once/results', 'gpu_ids': [7], 'missing_rates': array([0. , 0.1, 0.2, 0.3, 0.4, 0.5, 0.6, 0.7, 0.8, 0.9, 1. ]), 'seed': 11111, 'num_seeds': 3, 'exp_name': 'moe-uncertainty', 'diff_missing': None, 'KeyEval': 'Loss', 'save_model': True, 'unified_missing': False, 'use_normalized_data': False, 'seeds': [111, 1111, 11111], 'missing_rate': (0.4, 0.4, 0.4), 'dataPath': '/mnt/HDD2/teng/Master-23/sjc/work2/EMT-DLFR-master-based/MMSA/Datasets/MOSI/Processed/unaligned_50.pkl', 'seq_lens': (50, 375, 500), 'feature_dims': (768, 5, 20), 'train_samples': 1284, 'num_classes': 3, 'language': 'en', 'missing_seed': (111, 1111, 11111), 'data_missing': True, 'deal_missing': False, 'need_data_aligned': False, 'need_model_aligned': False, 'need_normalized': False, 'use_bert': True, 'use_finetune': True, 'save_labels': False, 'early_stop': 8, 'update_epochs': 4, 'batch_size': 32, 'learning_rate_bert': 5e-05, 'learning_rate_audio': 0.001, 'learning_rate_video': 0.0001, 'learning_rate_other': 0.001, 'weight_decay_bert': 0.001, 'weight_decay_audio': 0.01, 'weight_decay_video': 0.001, 'weight_decay_other': 0.001, 'a_lstm_hidden_size': 32, 'v_lstm_hidden_size': 64, 'a_lstm_layers': 1, 'v_lstm_layers': 1, 'text_out': 768, 'audio_out': 16, 'video_out': 32, 'a_lstm_dropout': 0.0, 'v_lstm_dropout': 0.0, 't_bert_dropout': 0.1, 'd_model': 128, 'fusion_layers': 3, 'heads': 4, 'learnable_pos_emb': False, 'emb_dropout': 0.0, 'attn_dropout': 0.2, 'ff_dropout': 0.1, 'ff_expansion': 4, 'mpu_share': True, 'modality_share': True, 'layer_share': True, 'attn_act_fn': 'tanh', 'gmc_tokens_pred_dim': 128, 'text_pred_dim': 256, 'audio_pred_dim': 8, 'video_pred_dim': 16, 'recon_loss': 'SmoothL1Loss', 'loss_attra_weight': 1, 'use_uncertainty_weighted_attra': True, 'use_per_modal_uncertainty_weight': True, 'uncertainty_attra_alpha': 0.1, 'modal_attra_weights': {'gmc': 1.0, 'text': 1.2, 'audio': 0.8, 'video': 0.8}, 'loss_recon_weight': 1, 'uncertainty_reg_weight': 0, 'uncertainty_reg_margin': 5e-05, 'uncertainty_before_weight': 0, 'post_fusion_dim': 256, 'post_fusion_dropout': 0.3, 'H': 3.0, 'cur_time': 3, 'model_save_path': 'results/mosi/emt-dlfr/run_once/models/emt-dlfr-mosi-regression-mr0.4-11111.pth', 'device': device(type='cuda', index=7), 'tasks': 'M'}>",<min/seed>,"(73.03, 1111)","(73.05, 11111)","(73.78, 1111)","(73.88, 1111)","(33.97, 11111)","(30.32, 11111)","(102.29, 1111)","(55.0, 11111)","(-129.46, 1111)","(103.24, 1111)"
2026-02-09_18-15-07,emt-dlfr,"<Storage{'need_task_scheduling': False, 'is_tune': False, 'train_mode': 'regression', 'modelName': 'emt-dlfr', 'datasetName': 'mosi', 'num_workers': 4, 'model_save_dir': 'results/mosi/emt-dlfr/run_once/models', 'res_save_dir': 'results/mosi/emt-dlfr/run_once/results', 'gpu_ids': [7], 'missing_rates': array([0. , 0.1, 0.2, 0.3, 0.4, 0.5, 0.6, 0.7, 0.8, 0.9, 1. ]), 'seed': 11111, 'num_seeds': 3, 'exp_name': 'moe-uncertainty', 'diff_missing': None, 'KeyEval': 'Loss', 'save_model': True, 'unified_missing': False, 'use_normalized_data': False, 'seeds': [111, 1111, 11111], 'missing_rate': (0.4, 0.4, 0.4), 'dataPath': '/mnt/HDD2/teng/Master-23/sjc/work2/EMT-DLFR-master-based/MMSA/Datasets/MOSI/Processed/unaligned_50.pkl', 'seq_lens': (50, 375, 500), 'feature_dims': (768, 5, 20), 'train_samples': 1284, 'num_classes': 3, 'language': 'en', 'missing_seed': (111, 1111, 11111), 'data_missing': True, 'deal_missing': False, 'need_data_aligned': False, 'need_model_aligned': False, 'need_normalized': False, 'use_bert': True, 'use_finetune': True, 'save_labels': False, 'early_stop': 8, 'update_epochs': 4, 'batch_size': 32, 'learning_rate_bert': 5e-05, 'learning_rate_audio': 0.001, 'learning_rate_video': 0.0001, 'learning_rate_other': 0.001, 'weight_decay_bert': 0.001, 'weight_decay_audio': 0.01, 'weight_decay_video': 0.001, 'weight_decay_other': 0.001, 'a_lstm_hidden_size': 32, 'v_lstm_hidden_size': 64, 'a_lstm_layers': 1, 'v_lstm_layers': 1, 'text_out': 768, 'audio_out': 16, 'video_out': 32, 'a_lstm_dropout': 0.0, 'v_lstm_dropout': 0.0, 't_bert_dropout': 0.1, 'd_model': 128, 'fusion_layers': 3, 'heads': 4, 'learnable_pos_emb': False, 'emb_dropout': 0.0, 'attn_dropout': 0.2, 'ff_dropout': 0.1, 'ff_expansion': 4, 'mpu_share': True, 'modality_share': True, 'layer_share': True, 'attn_act_fn': 'tanh', 'gmc_tokens_pred_dim': 128, 'text_pred_dim': 256, 'audio_pred_dim': 8, 'video_pred_dim': 16, 'recon_loss': 'SmoothL1Loss', 'loss_attra_weight': 1, 'use_uncertainty_weighted_attra': True, 'use_per_modal_uncertainty_weight': False, 'uncertainty_attra_alpha': 0.1, 'modal_attra_weights': {'gmc': 1.0, 'text': 1.2, 'audio': 0.8, 'video': 0.8}, 'loss_recon_weight': 1, 'uncertainty_reg_weight': 0, 'uncertainty_reg_margin': 5e-05, 'uncertainty_before_weight': 0, 'post_fusion_dim': 256, 'post_fusion_dropout': 0.3, 'H': 3.0, 'cur_time': 3, 'model_save_path': 'results/mosi/emt-dlfr/run_once/models/emt-dlfr-mosi-regression-mr0.4-11111.pth', 'device': device(type='cuda', index=7), 'tasks': 'M'}>",111,73.62,73.55,74.39,74.39,39.36,34.99,101.61,56.56,-131.81,102.53
2026-02-09_18-15-07,emt-dlfr,"<Storage{'need_task_scheduling': False, 'is_tune': False, 'train_mode': 'regression', 'modelName': 'emt-dlfr', 'datasetName': 'mosi', 'num_workers': 4, 'model_save_dir': 'results/mosi/emt-dlfr/run_once/models', 'res_save_dir': 'results/mosi/emt-dlfr/run_once/results', 'gpu_ids': [7], 'missing_rates': array([0. , 0.1, 0.2, 0.3, 0.4, 0.5, 0.6, 0.7, 0.8, 0.9, 1. ]), 'seed': 11111, 'num_seeds': 3, 'exp_name': 'moe-uncertainty', 'diff_missing': None, 'KeyEval': 'Loss', 'save_model': True, 'unified_missing': False, 'use_normalized_data': False, 'seeds': [111, 1111, 11111], 'missing_rate': (0.4, 0.4, 0.4), 'dataPath': '/mnt/HDD2/teng/Master-23/sjc/work2/EMT-DLFR-master-based/MMSA/Datasets/MOSI/Processed/unaligned_50.pkl', 'seq_lens': (50, 375, 500), 'feature_dims': (768, 5, 20), 'train_samples': 1284, 'num_classes': 3, 'language': 'en', 'missing_seed': (111, 1111, 11111), 'data_missing': True, 'deal_missing': False, 'need_data_aligned': False, 'need_model_aligned': False, 'need_normalized': False, 'use_bert': True, 'use_finetune': True, 'save_labels': False, 'early_stop': 8, 'update_epochs': 4, 'batch_size': 32, 'learning_rate_bert': 5e-05, 'learning_rate_audio': 0.001, 'learning_rate_video': 0.0001, 'learning_rate_other': 0.001, 'weight_decay_bert': 0.001, 'weight_decay_audio': 0.01, 'weight_decay_video': 0.001, 'weight_decay_other': 0.001, 'a_lstm_hidden_size': 32, 'v_lstm_hidden_size': 64, 'a_lstm_layers': 1, 'v_lstm_layers': 1, 'text_out': 768, 'audio_out': 16, 'video_out': 32, 'a_lstm_dropout': 0.0, 'v_lstm_dropout': 0.0, 't_bert_dropout': 0.1, 'd_model': 128, 'fusion_layers': 3, 'heads': 4, 'learnable_pos_emb': False, 'emb_dropout': 0.0, 'attn_dropout': 0.2, 'ff_dropout': 0.1, 'ff_expansion': 4, 'mpu_share': True, 'modality_share': True, 'layer_share': True, 'attn_act_fn': 'tanh', 'gmc_tokens_pred_dim': 128, 'text_pred_dim': 256, 'audio_pred_dim': 8, 'video_pred_dim': 16, 'recon_loss': 'SmoothL1Loss', 'loss_attra_weight': 1, 'use_uncertainty_weighted_attra': True, 'use_per_modal_uncertainty_weight': False, 'uncertainty_attra_alpha': 0.1, 'modal_attra_weights': {'gmc': 1.0, 'text': 1.2, 'audio': 0.8, 'video': 0.8}, 'loss_recon_weight': 1, 'uncertainty_reg_weight': 0, 'uncertainty_reg_margin': 5e-05, 'uncertainty_before_weight': 0, 'post_fusion_dim': 256, 'post_fusion_dropout': 0.3, 'H': 3.0, 'cur_time': 3, 'model_save_path': 'results/mosi/emt-dlfr/run_once/models/emt-dlfr-mosi-regression-mr0.4-11111.pth', 'device': device(type='cuda', index=7), 'tasks': 'M'}>",1111,72.3,72.35,73.17,73.3,34.99,31.05,104.41,56.15,-118.15,104.86
2026-02-09_18-15-07,emt-dlfr,"<Storage{'need_task_scheduling': False, 'is_tune': False, 'train_mode': 'regression', 'modelName': 'emt-dlfr', 'datasetName': 'mosi', 'num_workers': 4, 'model_save_dir': 'results/mosi/emt-dlfr/run_once/models', 'res_save_dir': 'results/mosi/emt-dlfr/run_once/results', 'gpu_ids': [7], 'missing_rates': array([0. , 0.1, 0.2, 0.3, 0.4, 0.5, 0.6, 0.7, 0.8, 0.9, 1. ]), 'seed': 11111, 'num_seeds': 3, 'exp_name': 'moe-uncertainty', 'diff_missing': None, 'KeyEval': 'Loss', 'save_model': True, 'unified_missing': False, 'use_normalized_data': False, 'seeds': [111, 1111, 11111], 'missing_rate': (0.4, 0.4, 0.4), 'dataPath': '/mnt/HDD2/teng/Master-23/sjc/work2/EMT-DLFR-master-based/MMSA/Datasets/MOSI/Processed/unaligned_50.pkl', 'seq_lens': (50, 375, 500), 'feature_dims': (768, 5, 20), 'train_samples': 1284, 'num_classes': 3, 'language': 'en', 'missing_seed': (111, 1111, 11111), 'data_missing': True, 'deal_missing': False, 'need_data_aligned': False, 'need_model_aligned': False, 'need_normalized': False, 'use_bert': True, 'use_finetune': True, 'save_labels': False, 'early_stop': 8, 'update_epochs': 4, 'batch_size': 32, 'learning_rate_bert': 5e-05, 'learning_rate_audio': 0.001, 'learning_rate_video': 0.0001, 'learning_rate_other': 0.001, 'weight_decay_bert': 0.001, 'weight_decay_audio': 0.01, 'weight_decay_video': 0.001, 'weight_decay_other': 0.001, 'a_lstm_hidden_size': 32, 'v_lstm_hidden_size': 64, 'a_lstm_layers': 1, 'v_lstm_layers': 1, 'text_out': 768, 'audio_out': 16, 'video_out': 32, 'a_lstm_dropout': 0.0, 'v_lstm_dropout': 0.0, 't_bert_dropout': 0.1, 'd_model': 128, 'fusion_layers': 3, 'heads': 4, 'learnable_pos_emb': False, 'emb_dropout': 0.0, 'attn_dropout': 0.2, 'ff_dropout': 0.1, 'ff_expansion': 4, 'mpu_share': True, 'modality_share': True, 'layer_share': True, 'attn_act_fn': 'tanh', 'gmc_tokens_pred_dim': 128, 'text_pred_dim': 256, 'audio_pred_dim': 8, 'video_pred_dim': 16, 'recon_loss': 'SmoothL1Loss', 'loss_attra_weight': 1, 'use_uncertainty_weighted_attra': True, 'use_per_modal_uncertainty_weight': False, 'uncertainty_attra_alpha': 0.1, 'modal_attra_weights': {'gmc': 1.0, 'text': 1.2, 'audio': 0.8, 'video': 0.8}, 'loss_recon_weight': 1, 'uncertainty_reg_weight': 0, 'uncertainty_reg_margin': 5e-05, 'uncertainty_before_weight': 0, 'post_fusion_dim': 256, 'post_fusion_dropout': 0.3, 'H': 3.0, 'cur_time': 3, 'model_save_path': 'results/mosi/emt-dlfr/run_once/models/emt-dlfr-mosi-regression-mr0.4-11111.pth', 'device': device(type='cuda', index=7), 'tasks': 'M'}>",11111,72.01,72.09,72.26,72.42,32.8,29.59,107.01,54.35,-110.09,107.02
2026-02-09_18-15-07,emt-dlfr,"<Storage{'need_task_scheduling': False, 'is_tune': False, 'train_mode': 'regression', 'modelName': 'emt-dlfr', 'datasetName': 'mosi', 'num_workers': 4, 'model_save_dir': 'results/mosi/emt-dlfr/run_once/models', 'res_save_dir': 'results/mosi/emt-dlfr/run_once/results', 'gpu_ids': [7], 'missing_rates': array([0. , 0.1, 0.2, 0.3, 0.4, 0.5, 0.6, 0.7, 0.8, 0.9, 1. ]), 'seed': 11111, 'num_seeds': 3, 'exp_name': 'moe-uncertainty', 'diff_missing': None, 'KeyEval': 'Loss', 'save_model': True, 'unified_missing': False, 'use_normalized_data': False, 'seeds': [111, 1111, 11111], 'missing_rate': (0.4, 0.4, 0.4), 'dataPath': '/mnt/HDD2/teng/Master-23/sjc/work2/EMT-DLFR-master-based/MMSA/Datasets/MOSI/Processed/unaligned_50.pkl', 'seq_lens': (50, 375, 500), 'feature_dims': (768, 5, 20), 'train_samples': 1284, 'num_classes': 3, 'language': 'en', 'missing_seed': (111, 1111, 11111), 'data_missing': True, 'deal_missing': False, 'need_data_aligned': False, 'need_model_aligned': False, 'need_normalized': False, 'use_bert': True, 'use_finetune': True, 'save_labels': False, 'early_stop': 8, 'update_epochs': 4, 'batch_size': 32, 'learning_rate_bert': 5e-05, 'learning_rate_audio': 0.001, 'learning_rate_video': 0.0001, 'learning_rate_other': 0.001, 'weight_decay_bert': 0.001, 'weight_decay_audio': 0.01, 'weight_decay_video': 0.001, 'weight_decay_other': 0.001, 'a_lstm_hidden_size': 32, 'v_lstm_hidden_size': 64, 'a_lstm_layers': 1, 'v_lstm_layers': 1, 'text_out': 768, 'audio_out': 16, 'video_out': 32, 'a_lstm_dropout': 0.0, 'v_lstm_dropout': 0.0, 't_bert_dropout': 0.1, 'd_model': 128, 'fusion_layers': 3, 'heads': 4, 'learnable_pos_emb': False, 'emb_dropout': 0.0, 'attn_dropout': 0.2, 'ff_dropout': 0.1, 'ff_expansion': 4, 'mpu_share': True, 'modality_share': True, 'layer_share': True, 'attn_act_fn': 'tanh', 'gmc_tokens_pred_dim': 128, 'text_pred_dim': 256, 'audio_pred_dim': 8, 'video_pred_dim': 16, 'recon_loss': 'SmoothL1Loss', 'loss_attra_weight': 1, 'use_uncertainty_weighted_attra': True, 'use_per_modal_uncertainty_weight': False, 'uncertainty_attra_alpha': 0.1, 'modal_attra_weights': {'gmc': 1.0, 'text': 1.2, 'audio': 0.8, 'video': 0.8}, 'loss_recon_weight': 1, 'uncertainty_reg_weight': 0, 'uncertainty_reg_margin': 5e-05, 'uncertainty_before_weight': 0, 'post_fusion_dim': 256, 'post_fusion_dropout': 0.3, 'H': 3.0, 'cur_time': 3, 'model_save_path': 'results/mosi/emt-dlfr/run_once/models/emt-dlfr-mosi-regression-mr0.4-11111.pth', 'device': device(type='cuda', index=7), 'tasks': 'M'}>",<mean/std>,"(72.64, 0.7)","(72.66, 0.64)","(73.27, 0.87)","(73.37, 0.81)","(35.72, 2.73)","(31.88, 2.28)","(104.34, 2.21)","(55.69, 0.96)","(-120.02, 8.96)","(104.8, 1.83)"
2026-02-09_18-15-07,emt-dlfr,"<Storage{'need_task_scheduling': False, 'is_tune': False, 'train_mode': 'regression', 'modelName': 'emt-dlfr', 'datasetName': 'mosi', 'num_workers': 4, 'model_save_dir': 'results/mosi/emt-dlfr/run_once/models', 'res_save_dir': 'results/mosi/emt-dlfr/run_once/results', 'gpu_ids': [7], 'missing_rates': array([0. , 0.1, 0.2, 0.3, 0.4, 0.5, 0.6, 0.7, 0.8, 0.9, 1. ]), 'seed': 11111, 'num_seeds': 3, 'exp_name': 'moe-uncertainty', 'diff_missing': None, 'KeyEval': 'Loss', 'save_model': True, 'unified_missing': False, 'use_normalized_data': False, 'seeds': [111, 1111, 11111], 'missing_rate': (0.4, 0.4, 0.4), 'dataPath': '/mnt/HDD2/teng/Master-23/sjc/work2/EMT-DLFR-master-based/MMSA/Datasets/MOSI/Processed/unaligned_50.pkl', 'seq_lens': (50, 375, 500), 'feature_dims': (768, 5, 20), 'train_samples': 1284, 'num_classes': 3, 'language': 'en', 'missing_seed': (111, 1111, 11111), 'data_missing': True, 'deal_missing': False, 'need_data_aligned': False, 'need_model_aligned': False, 'need_normalized': False, 'use_bert': True, 'use_finetune': True, 'save_labels': False, 'early_stop': 8, 'update_epochs': 4, 'batch_size': 32, 'learning_rate_bert': 5e-05, 'learning_rate_audio': 0.001, 'learning_rate_video': 0.0001, 'learning_rate_other': 0.001, 'weight_decay_bert': 0.001, 'weight_decay_audio': 0.01, 'weight_decay_video': 0.001, 'weight_decay_other': 0.001, 'a_lstm_hidden_size': 32, 'v_lstm_hidden_size': 64, 'a_lstm_layers': 1, 'v_lstm_layers': 1, 'text_out': 768, 'audio_out': 16, 'video_out': 32, 'a_lstm_dropout': 0.0, 'v_lstm_dropout': 0.0, 't_bert_dropout': 0.1, 'd_model': 128, 'fusion_layers': 3, 'heads': 4, 'learnable_pos_emb': False, 'emb_dropout': 0.0, 'attn_dropout': 0.2, 'ff_dropout': 0.1, 'ff_expansion': 4, 'mpu_share': True, 'modality_share': True, 'layer_share': True, 'attn_act_fn': 'tanh', 'gmc_tokens_pred_dim': 128, 'text_pred_dim': 256, 'audio_pred_dim': 8, 'video_pred_dim': 16, 'recon_loss': 'SmoothL1Loss', 'loss_attra_weight': 1, 'use_uncertainty_weighted_attra': True, 'use_per_modal_uncertainty_weight': False, 'uncertainty_attra_alpha': 0.1, 'modal_attra_weights': {'gmc': 1.0, 'text': 1.2, 'audio': 0.8, 'video': 0.8}, 'loss_recon_weight': 1, 'uncertainty_reg_weight': 0, 'uncertainty_reg_margin': 5e-05, 'uncertainty_before_weight': 0, 'post_fusion_dim': 256, 'post_fusion_dropout': 0.3, 'H': 3.0, 'cur_time': 3, 'model_save_path': 'results/mosi/emt-dlfr/run_once/models/emt-dlfr-mosi-regression-mr0.4-11111.pth', 'device': device(type='cuda', index=7), 'tasks': 'M'}>",<max/seed>,"(73.62, 111)","(73.55, 111)","(74.39, 111)","(74.39, 111)","(39.36, 111)","(34.99, 111)","(107.01, 11111)","(56.56, 111)","(-110.09, 11111)","(107.02, 11111)"
2026-02-09_18-15-07,emt-dlfr,"<Storage{'need_task_scheduling': False, 'is_tune': False, 'train_mode': 'regression', 'modelName': 'emt-dlfr', 'datasetName': 'mosi', 'num_workers': 4, 'model_save_dir': 'results/mosi/emt-dlfr/run_once/models', 'res_save_dir': 'results/mosi/emt-dlfr/run_once/results', 'gpu_ids': [7], 'missing_rates': array([0. , 0.1, 0.2, 0.3, 0.4, 0.5, 0.6, 0.7, 0.8, 0.9, 1. ]), 'seed': 11111, 'num_seeds': 3, 'exp_name': 'moe-uncertainty', 'diff_missing': None, 'KeyEval': 'Loss', 'save_model': True, 'unified_missing': False, 'use_normalized_data': False, 'seeds': [111, 1111, 11111], 'missing_rate': (0.4, 0.4, 0.4), 'dataPath': '/mnt/HDD2/teng/Master-23/sjc/work2/EMT-DLFR-master-based/MMSA/Datasets/MOSI/Processed/unaligned_50.pkl', 'seq_lens': (50, 375, 500), 'feature_dims': (768, 5, 20), 'train_samples': 1284, 'num_classes': 3, 'language': 'en', 'missing_seed': (111, 1111, 11111), 'data_missing': True, 'deal_missing': False, 'need_data_aligned': False, 'need_model_aligned': False, 'need_normalized': False, 'use_bert': True, 'use_finetune': True, 'save_labels': False, 'early_stop': 8, 'update_epochs': 4, 'batch_size': 32, 'learning_rate_bert': 5e-05, 'learning_rate_audio': 0.001, 'learning_rate_video': 0.0001, 'learning_rate_other': 0.001, 'weight_decay_bert': 0.001, 'weight_decay_audio': 0.01, 'weight_decay_video': 0.001, 'weight_decay_other': 0.001, 'a_lstm_hidden_size': 32, 'v_lstm_hidden_size': 64, 'a_lstm_layers': 1, 'v_lstm_layers': 1, 'text_out': 768, 'audio_out': 16, 'video_out': 32, 'a_lstm_dropout': 0.0, 'v_lstm_dropout': 0.0, 't_bert_dropout': 0.1, 'd_model': 128, 'fusion_layers': 3, 'heads': 4, 'learnable_pos_emb': False, 'emb_dropout': 0.0, 'attn_dropout': 0.2, 'ff_dropout': 0.1, 'ff_expansion': 4, 'mpu_share': True, 'modality_share': True, 'layer_share': True, 'attn_act_fn': 'tanh', 'gmc_tokens_pred_dim': 128, 'text_pred_dim': 256, 'audio_pred_dim': 8, 'video_pred_dim': 16, 'recon_loss': 'SmoothL1Loss', 'loss_attra_weight': 1, 'use_uncertainty_weighted_attra': True, 'use_per_modal_uncertainty_weight': False, 'uncertainty_attra_alpha': 0.1, 'modal_attra_weights': {'gmc': 1.0, 'text': 1.2, 'audio': 0.8, 'video': 0.8}, 'loss_recon_weight': 1, 'uncertainty_reg_weight': 0, 'uncertainty_reg_margin': 5e-05, 'uncertainty_before_weight': 0, 'post_fusion_dim': 256, 'post_fusion_dropout': 0.3, 'H': 3.0, 'cur_time': 3, 'model_save_path': 'results/mosi/emt-dlfr/run_once/models/emt-dlfr-mosi-regression-mr0.4-11111.pth', 'device': device(type='cuda', index=7), 'tasks': 'M'}>",<min/seed>,"(72.01, 11111)","(72.09, 11111)","(72.26, 11111)","(72.42, 11111)","(32.8, 11111)","(29.59, 11111)","(101.61, 111)","(54.35, 11111)","(-131.81, 111)","(102.53, 111)"
2026-02-10_03-46-19,emt-dlfr,"<Storage{'need_task_scheduling': False, 'is_tune': False, 'train_mode': 'regression', 'modelName': 'emt-dlfr', 'datasetName': 'mosi', 'num_workers': 4, 'model_save_dir': 'results/mosi/emt-dlfr/run_once/models', 'res_save_dir': 'results/mosi/emt-dlfr/run_once/results', 'gpu_ids': [7], 'missing_rates': array([0. , 0.1, 0.2, 0.3, 0.4, 0.5, 0.6, 0.7, 0.8, 0.9, 1. ]), 'seed': 11111, 'num_seeds': 3, 'exp_name': 'moe-uncertainty', 'diff_missing': None, 'KeyEval': 'Loss', 'save_model': True, 'unified_missing': False, 'use_normalized_data': False, 'seeds': [111, 1111, 11111], 'missing_rate': (0.4, 0.4, 0.4), 'dataPath': '/mnt/HDD2/teng/Master-23/sjc/work2/EMT-DLFR-master-based/MMSA/Datasets/MOSI/Processed/unaligned_50.pkl', 'seq_lens': (50, 375, 500), 'feature_dims': (768, 5, 20), 'train_samples': 1284, 'num_classes': 3, 'language': 'en', 'missing_seed': (111, 1111, 11111), 'data_missing': True, 'deal_missing': False, 'need_data_aligned': False, 'need_model_aligned': False, 'need_normalized': False, 'use_bert': True, 'use_finetune': True, 'save_labels': False, 'early_stop': 8, 'update_epochs': 4, 'batch_size': 32, 'learning_rate_bert': 5e-05, 'learning_rate_audio': 0.001, 'learning_rate_video': 0.0001, 'learning_rate_other': 0.001, 'weight_decay_bert': 0.001, 'weight_decay_audio': 0.01, 'weight_decay_video': 0.001, 'weight_decay_other': 0.001, 'a_lstm_hidden_size': 32, 'v_lstm_hidden_size': 64, 'a_lstm_layers': 1, 'v_lstm_layers': 1, 'text_out': 768, 'audio_out': 16, 'video_out': 32, 'a_lstm_dropout': 0.0, 'v_lstm_dropout': 0.0, 't_bert_dropout': 0.1, 'd_model': 128, 'fusion_layers': 3, 'heads': 4, 'learnable_pos_emb': False, 'emb_dropout': 0.0, 'attn_dropout': 0.2, 'ff_dropout': 0.1, 'ff_expansion': 4, 'mpu_share': True, 'modality_share': True, 'layer_share': True, 'attn_act_fn': 'tanh', 'gmc_tokens_pred_dim': 128, 'text_pred_dim': 256, 'audio_pred_dim': 8, 'video_pred_dim': 16, 'recon_loss': 'SmoothL1Loss', 'loss_attra_weight': 1, 'use_uncertainty_weighted_attra': True, 'use_per_modal_uncertainty_weight': False, 'uncertainty_attra_alpha': 0.1, 'modal_attra_weights': {'gmc': 1.0, 'text': 1.1, 'audio': 0.9, 'video': 0.9}, 'loss_recon_weight': 1, 'uncertainty_reg_weight': 0, 'uncertainty_reg_margin': 5e-05, 'uncertainty_before_weight': 0, 'post_fusion_dim': 256, 'post_fusion_dropout': 0.3, 'H': 3.0, 'cur_time': 3, 'model_save_path': 'results/mosi/emt-dlfr/run_once/models/emt-dlfr-mosi-regression-mr0.4-11111.pth', 'device': device(type='cuda', index=7), 'tasks': 'M'}>",111,73.18,73.24,73.63,73.77,32.65,29.15,105.31,55.38,-120.74,106.04
2026-02-10_03-46-19,emt-dlfr,"<Storage{'need_task_scheduling': False, 'is_tune': False, 'train_mode': 'regression', 'modelName': 'emt-dlfr', 'datasetName': 'mosi', 'num_workers': 4, 'model_save_dir': 'results/mosi/emt-dlfr/run_once/models', 'res_save_dir': 'results/mosi/emt-dlfr/run_once/results', 'gpu_ids': [7], 'missing_rates': array([0. , 0.1, 0.2, 0.3, 0.4, 0.5, 0.6, 0.7, 0.8, 0.9, 1. ]), 'seed': 11111, 'num_seeds': 3, 'exp_name': 'moe-uncertainty', 'diff_missing': None, 'KeyEval': 'Loss', 'save_model': True, 'unified_missing': False, 'use_normalized_data': False, 'seeds': [111, 1111, 11111], 'missing_rate': (0.4, 0.4, 0.4), 'dataPath': '/mnt/HDD2/teng/Master-23/sjc/work2/EMT-DLFR-master-based/MMSA/Datasets/MOSI/Processed/unaligned_50.pkl', 'seq_lens': (50, 375, 500), 'feature_dims': (768, 5, 20), 'train_samples': 1284, 'num_classes': 3, 'language': 'en', 'missing_seed': (111, 1111, 11111), 'data_missing': True, 'deal_missing': False, 'need_data_aligned': False, 'need_model_aligned': False, 'need_normalized': False, 'use_bert': True, 'use_finetune': True, 'save_labels': False, 'early_stop': 8, 'update_epochs': 4, 'batch_size': 32, 'learning_rate_bert': 5e-05, 'learning_rate_audio': 0.001, 'learning_rate_video': 0.0001, 'learning_rate_other': 0.001, 'weight_decay_bert': 0.001, 'weight_decay_audio': 0.01, 'weight_decay_video': 0.001, 'weight_decay_other': 0.001, 'a_lstm_hidden_size': 32, 'v_lstm_hidden_size': 64, 'a_lstm_layers': 1, 'v_lstm_layers': 1, 'text_out': 768, 'audio_out': 16, 'video_out': 32, 'a_lstm_dropout': 0.0, 'v_lstm_dropout': 0.0, 't_bert_dropout': 0.1, 'd_model': 128, 'fusion_layers': 3, 'heads': 4, 'learnable_pos_emb': False, 'emb_dropout': 0.0, 'attn_dropout': 0.2, 'ff_dropout': 0.1, 'ff_expansion': 4, 'mpu_share': True, 'modality_share': True, 'layer_share': True, 'attn_act_fn': 'tanh', 'gmc_tokens_pred_dim': 128, 'text_pred_dim': 256, 'audio_pred_dim': 8, 'video_pred_dim': 16, 'recon_loss': 'SmoothL1Loss', 'loss_attra_weight': 1, 'use_uncertainty_weighted_attra': True, 'use_per_modal_uncertainty_weight': False, 'uncertainty_attra_alpha': 0.1, 'modal_attra_weights': {'gmc': 1.0, 'text': 1.1, 'audio': 0.9, 'video': 0.9}, 'loss_recon_weight': 1, 'uncertainty_reg_weight': 0, 'uncertainty_reg_margin': 5e-05, 'uncertainty_before_weight': 0, 'post_fusion_dim': 256, 'post_fusion_dropout': 0.3, 'H': 3.0, 'cur_time': 3, 'model_save_path': 'results/mosi/emt-dlfr/run_once/models/emt-dlfr-mosi-regression-mr0.4-11111.pth', 'device': device(type='cuda', index=7), 'tasks': 'M'}>",1111,72.45,72.38,73.63,73.65,36.15,32.65,104.35,55.3,-116.8,104.01
2026-02-10_03-46-19,emt-dlfr,"<Storage{'need_task_scheduling': False, 'is_tune': False, 'train_mode': 'regression', 'modelName': 'emt-dlfr', 'datasetName': 'mosi', 'num_workers': 4, 'model_save_dir': 'results/mosi/emt-dlfr/run_once/models', 'res_save_dir': 'results/mosi/emt-dlfr/run_once/results', 'gpu_ids': [7], 'missing_rates': array([0. , 0.1, 0.2, 0.3, 0.4, 0.5, 0.6, 0.7, 0.8, 0.9, 1. ]), 'seed': 11111, 'num_seeds': 3, 'exp_name': 'moe-uncertainty', 'diff_missing': None, 'KeyEval': 'Loss', 'save_model': True, 'unified_missing': False, 'use_normalized_data': False, 'seeds': [111, 1111, 11111], 'missing_rate': (0.4, 0.4, 0.4), 'dataPath': '/mnt/HDD2/teng/Master-23/sjc/work2/EMT-DLFR-master-based/MMSA/Datasets/MOSI/Processed/unaligned_50.pkl', 'seq_lens': (50, 375, 500), 'feature_dims': (768, 5, 20), 'train_samples': 1284, 'num_classes': 3, 'language': 'en', 'missing_seed': (111, 1111, 11111), 'data_missing': True, 'deal_missing': False, 'need_data_aligned': False, 'need_model_aligned': False, 'need_normalized': False, 'use_bert': True, 'use_finetune': True, 'save_labels': False, 'early_stop': 8, 'update_epochs': 4, 'batch_size': 32, 'learning_rate_bert': 5e-05, 'learning_rate_audio': 0.001, 'learning_rate_video': 0.0001, 'learning_rate_other': 0.001, 'weight_decay_bert': 0.001, 'weight_decay_audio': 0.01, 'weight_decay_video': 0.001, 'weight_decay_other': 0.001, 'a_lstm_hidden_size': 32, 'v_lstm_hidden_size': 64, 'a_lstm_layers': 1, 'v_lstm_layers': 1, 'text_out': 768, 'audio_out': 16, 'video_out': 32, 'a_lstm_dropout': 0.0, 'v_lstm_dropout': 0.0, 't_bert_dropout': 0.1, 'd_model': 128, 'fusion_layers': 3, 'heads': 4, 'learnable_pos_emb': False, 'emb_dropout': 0.0, 'attn_dropout': 0.2, 'ff_dropout': 0.1, 'ff_expansion': 4, 'mpu_share': True, 'modality_share': True, 'layer_share': True, 'attn_act_fn': 'tanh', 'gmc_tokens_pred_dim': 128, 'text_pred_dim': 256, 'audio_pred_dim': 8, 'video_pred_dim': 16, 'recon_loss': 'SmoothL1Loss', 'loss_attra_weight': 1, 'use_uncertainty_weighted_attra': True, 'use_per_modal_uncertainty_weight': False, 'uncertainty_attra_alpha': 0.1, 'modal_attra_weights': {'gmc': 1.0, 'text': 1.1, 'audio': 0.9, 'video': 0.9}, 'loss_recon_weight': 1, 'uncertainty_reg_weight': 0, 'uncertainty_reg_margin': 5e-05, 'uncertainty_before_weight': 0, 'post_fusion_dim': 256, 'post_fusion_dropout': 0.3, 'H': 3.0, 'cur_time': 3, 'model_save_path': 'results/mosi/emt-dlfr/run_once/models/emt-dlfr-mosi-regression-mr0.4-11111.pth', 'device': device(type='cuda', index=7), 'tasks': 'M'}>",11111,73.47,73.54,73.93,74.09,34.84,31.05,105.56,55.35,-120.86,105.05
2026-02-10_03-46-19,emt-dlfr,"<Storage{'need_task_scheduling': False, 'is_tune': False, 'train_mode': 'regression', 'modelName': 'emt-dlfr', 'datasetName': 'mosi', 'num_workers': 4, 'model_save_dir': 'results/mosi/emt-dlfr/run_once/models', 'res_save_dir': 'results/mosi/emt-dlfr/run_once/results', 'gpu_ids': [7], 'missing_rates': array([0. , 0.1, 0.2, 0.3, 0.4, 0.5, 0.6, 0.7, 0.8, 0.9, 1. ]), 'seed': 11111, 'num_seeds': 3, 'exp_name': 'moe-uncertainty', 'diff_missing': None, 'KeyEval': 'Loss', 'save_model': True, 'unified_missing': False, 'use_normalized_data': False, 'seeds': [111, 1111, 11111], 'missing_rate': (0.4, 0.4, 0.4), 'dataPath': '/mnt/HDD2/teng/Master-23/sjc/work2/EMT-DLFR-master-based/MMSA/Datasets/MOSI/Processed/unaligned_50.pkl', 'seq_lens': (50, 375, 500), 'feature_dims': (768, 5, 20), 'train_samples': 1284, 'num_classes': 3, 'language': 'en', 'missing_seed': (111, 1111, 11111), 'data_missing': True, 'deal_missing': False, 'need_data_aligned': False, 'need_model_aligned': False, 'need_normalized': False, 'use_bert': True, 'use_finetune': True, 'save_labels': False, 'early_stop': 8, 'update_epochs': 4, 'batch_size': 32, 'learning_rate_bert': 5e-05, 'learning_rate_audio': 0.001, 'learning_rate_video': 0.0001, 'learning_rate_other': 0.001, 'weight_decay_bert': 0.001, 'weight_decay_audio': 0.01, 'weight_decay_video': 0.001, 'weight_decay_other': 0.001, 'a_lstm_hidden_size': 32, 'v_lstm_hidden_size': 64, 'a_lstm_layers': 1, 'v_lstm_layers': 1, 'text_out': 768, 'audio_out': 16, 'video_out': 32, 'a_lstm_dropout': 0.0, 'v_lstm_dropout': 0.0, 't_bert_dropout': 0.1, 'd_model': 128, 'fusion_layers': 3, 'heads': 4, 'learnable_pos_emb': False, 'emb_dropout': 0.0, 'attn_dropout': 0.2, 'ff_dropout': 0.1, 'ff_expansion': 4, 'mpu_share': True, 'modality_share': True, 'layer_share': True, 'attn_act_fn': 'tanh', 'gmc_tokens_pred_dim': 128, 'text_pred_dim': 256, 'audio_pred_dim': 8, 'video_pred_dim': 16, 'recon_loss': 'SmoothL1Loss', 'loss_attra_weight': 1, 'use_uncertainty_weighted_attra': True, 'use_per_modal_uncertainty_weight': False, 'uncertainty_attra_alpha': 0.1, 'modal_attra_weights': {'gmc': 1.0, 'text': 1.1, 'audio': 0.9, 'video': 0.9}, 'loss_recon_weight': 1, 'uncertainty_reg_weight': 0, 'uncertainty_reg_margin': 5e-05, 'uncertainty_before_weight': 0, 'post_fusion_dim': 256, 'post_fusion_dropout': 0.3, 'H': 3.0, 'cur_time': 3, 'model_save_path': 'results/mosi/emt-dlfr/run_once/models/emt-dlfr-mosi-regression-mr0.4-11111.pth', 'device': device(type='cuda', index=7), 'tasks': 'M'}>",<mean/std>,"(73.03, 0.43)","(73.05, 0.49)","(73.73, 0.14)","(73.84, 0.19)","(34.55, 1.44)","(30.95, 1.43)","(105.07, 0.52)","(55.34, 0.03)","(-119.47, 1.89)","(105.03, 0.83)"
2026-02-10_03-46-19,emt-dlfr,"<Storage{'need_task_scheduling': False, 'is_tune': False, 'train_mode': 'regression', 'modelName': 'emt-dlfr', 'datasetName': 'mosi', 'num_workers': 4, 'model_save_dir': 'results/mosi/emt-dlfr/run_once/models', 'res_save_dir': 'results/mosi/emt-dlfr/run_once/results', 'gpu_ids': [7], 'missing_rates': array([0. , 0.1, 0.2, 0.3, 0.4, 0.5, 0.6, 0.7, 0.8, 0.9, 1. ]), 'seed': 11111, 'num_seeds': 3, 'exp_name': 'moe-uncertainty', 'diff_missing': None, 'KeyEval': 'Loss', 'save_model': True, 'unified_missing': False, 'use_normalized_data': False, 'seeds': [111, 1111, 11111], 'missing_rate': (0.4, 0.4, 0.4), 'dataPath': '/mnt/HDD2/teng/Master-23/sjc/work2/EMT-DLFR-master-based/MMSA/Datasets/MOSI/Processed/unaligned_50.pkl', 'seq_lens': (50, 375, 500), 'feature_dims': (768, 5, 20), 'train_samples': 1284, 'num_classes': 3, 'language': 'en', 'missing_seed': (111, 1111, 11111), 'data_missing': True, 'deal_missing': False, 'need_data_aligned': False, 'need_model_aligned': False, 'need_normalized': False, 'use_bert': True, 'use_finetune': True, 'save_labels': False, 'early_stop': 8, 'update_epochs': 4, 'batch_size': 32, 'learning_rate_bert': 5e-05, 'learning_rate_audio': 0.001, 'learning_rate_video': 0.0001, 'learning_rate_other': 0.001, 'weight_decay_bert': 0.001, 'weight_decay_audio': 0.01, 'weight_decay_video': 0.001, 'weight_decay_other': 0.001, 'a_lstm_hidden_size': 32, 'v_lstm_hidden_size': 64, 'a_lstm_layers': 1, 'v_lstm_layers': 1, 'text_out': 768, 'audio_out': 16, 'video_out': 32, 'a_lstm_dropout': 0.0, 'v_lstm_dropout': 0.0, 't_bert_dropout': 0.1, 'd_model': 128, 'fusion_layers': 3, 'heads': 4, 'learnable_pos_emb': False, 'emb_dropout': 0.0, 'attn_dropout': 0.2, 'ff_dropout': 0.1, 'ff_expansion': 4, 'mpu_share': True, 'modality_share': True, 'layer_share': True, 'attn_act_fn': 'tanh', 'gmc_tokens_pred_dim': 128, 'text_pred_dim': 256, 'audio_pred_dim': 8, 'video_pred_dim': 16, 'recon_loss': 'SmoothL1Loss', 'loss_attra_weight': 1, 'use_uncertainty_weighted_attra': True, 'use_per_modal_uncertainty_weight': False, 'uncertainty_attra_alpha': 0.1, 'modal_attra_weights': {'gmc': 1.0, 'text': 1.1, 'audio': 0.9, 'video': 0.9}, 'loss_recon_weight': 1, 'uncertainty_reg_weight': 0, 'uncertainty_reg_margin': 5e-05, 'uncertainty_before_weight': 0, 'post_fusion_dim': 256, 'post_fusion_dropout': 0.3, 'H': 3.0, 'cur_time': 3, 'model_save_path': 'results/mosi/emt-dlfr/run_once/models/emt-dlfr-mosi-regression-mr0.4-11111.pth', 'device': device(type='cuda', index=7), 'tasks': 'M'}>",<max/seed>,"(73.47, 11111)","(73.54, 11111)","(73.93, 11111)","(74.09, 11111)","(36.15, 1111)","(32.65, 1111)","(105.56, 11111)","(55.38, 111)","(-116.8, 1111)","(106.04, 111)"
2026-02-10_03-46-19,emt-dlfr,"<Storage{'need_task_scheduling': False, 'is_tune': False, 'train_mode': 'regression', 'modelName': 'emt-dlfr', 'datasetName': 'mosi', 'num_workers': 4, 'model_save_dir': 'results/mosi/emt-dlfr/run_once/models', 'res_save_dir': 'results/mosi/emt-dlfr/run_once/results', 'gpu_ids': [7], 'missing_rates': array([0. , 0.1, 0.2, 0.3, 0.4, 0.5, 0.6, 0.7, 0.8, 0.9, 1. ]), 'seed': 11111, 'num_seeds': 3, 'exp_name': 'moe-uncertainty', 'diff_missing': None, 'KeyEval': 'Loss', 'save_model': True, 'unified_missing': False, 'use_normalized_data': False, 'seeds': [111, 1111, 11111], 'missing_rate': (0.4, 0.4, 0.4), 'dataPath': '/mnt/HDD2/teng/Master-23/sjc/work2/EMT-DLFR-master-based/MMSA/Datasets/MOSI/Processed/unaligned_50.pkl', 'seq_lens': (50, 375, 500), 'feature_dims': (768, 5, 20), 'train_samples': 1284, 'num_classes': 3, 'language': 'en', 'missing_seed': (111, 1111, 11111), 'data_missing': True, 'deal_missing': False, 'need_data_aligned': False, 'need_model_aligned': False, 'need_normalized': False, 'use_bert': True, 'use_finetune': True, 'save_labels': False, 'early_stop': 8, 'update_epochs': 4, 'batch_size': 32, 'learning_rate_bert': 5e-05, 'learning_rate_audio': 0.001, 'learning_rate_video': 0.0001, 'learning_rate_other': 0.001, 'weight_decay_bert': 0.001, 'weight_decay_audio': 0.01, 'weight_decay_video': 0.001, 'weight_decay_other': 0.001, 'a_lstm_hidden_size': 32, 'v_lstm_hidden_size': 64, 'a_lstm_layers': 1, 'v_lstm_layers': 1, 'text_out': 768, 'audio_out': 16, 'video_out': 32, 'a_lstm_dropout': 0.0, 'v_lstm_dropout': 0.0, 't_bert_dropout': 0.1, 'd_model': 128, 'fusion_layers': 3, 'heads': 4, 'learnable_pos_emb': False, 'emb_dropout': 0.0, 'attn_dropout': 0.2, 'ff_dropout': 0.1, 'ff_expansion': 4, 'mpu_share': True, 'modality_share': True, 'layer_share': True, 'attn_act_fn': 'tanh', 'gmc_tokens_pred_dim': 128, 'text_pred_dim': 256, 'audio_pred_dim': 8, 'video_pred_dim': 16, 'recon_loss': 'SmoothL1Loss', 'loss_attra_weight': 1, 'use_uncertainty_weighted_attra': True, 'use_per_modal_uncertainty_weight': False, 'uncertainty_attra_alpha': 0.1, 'modal_attra_weights': {'gmc': 1.0, 'text': 1.1, 'audio': 0.9, 'video': 0.9}, 'loss_recon_weight': 1, 'uncertainty_reg_weight': 0, 'uncertainty_reg_margin': 5e-05, 'uncertainty_before_weight': 0, 'post_fusion_dim': 256, 'post_fusion_dropout': 0.3, 'H': 3.0, 'cur_time': 3, 'model_save_path': 'results/mosi/emt-dlfr/run_once/models/emt-dlfr-mosi-regression-mr0.4-11111.pth', 'device': device(type='cuda', index=7), 'tasks': 'M'}>",<min/seed>,"(72.45, 1111)","(72.38, 1111)","(73.63, 111)","(73.65, 1111)","(32.65, 111)","(29.15, 111)","(104.35, 1111)","(55.3, 1111)","(-120.86, 11111)","(104.01, 1111)"
2026-02-10_08-09-00,emt-dlfr,"<Storage{'need_task_scheduling': False, 'is_tune': False, 'train_mode': 'regression', 'modelName': 'emt-dlfr', 'datasetName': 'mosi', 'num_workers': 4, 'model_save_dir': 'results/mosi/emt-dlfr/run_once/models', 'res_save_dir': 'results/mosi/emt-dlfr/run_once/results', 'gpu_ids': [7], 'missing_rates': array([0. , 0.1, 0.2, 0.3, 0.4, 0.5, 0.6, 0.7, 0.8, 0.9, 1. ]), 'seed': 11111, 'num_seeds': 3, 'exp_name': 'moe-uncertainty', 'diff_missing': None, 'KeyEval': 'Loss', 'save_model': True, 'unified_missing': False, 'use_normalized_data': False, 'seeds': [111, 1111, 11111], 'missing_rate': (0.4, 0.4, 0.4), 'dataPath': '/mnt/HDD2/teng/Master-23/sjc/work2/EMT-DLFR-master-based/MMSA/Datasets/MOSI/Processed/unaligned_50.pkl', 'seq_lens': (50, 375, 500), 'feature_dims': (768, 5, 20), 'train_samples': 1284, 'num_classes': 3, 'language': 'en', 'missing_seed': (111, 1111, 11111), 'data_missing': True, 'deal_missing': False, 'need_data_aligned': False, 'need_model_aligned': False, 'need_normalized': False, 'use_bert': True, 'use_finetune': True, 'save_labels': False, 'early_stop': 8, 'update_epochs': 4, 'batch_size': 32, 'learning_rate_bert': 5e-05, 'learning_rate_audio': 0.001, 'learning_rate_video': 0.0001, 'learning_rate_other': 0.001, 'weight_decay_bert': 0.001, 'weight_decay_audio': 0.01, 'weight_decay_video': 0.001, 'weight_decay_other': 0.001, 'a_lstm_hidden_size': 32, 'v_lstm_hidden_size': 64, 'a_lstm_layers': 1, 'v_lstm_layers': 1, 'text_out': 768, 'audio_out': 16, 'video_out': 32, 'a_lstm_dropout': 0.0, 'v_lstm_dropout': 0.0, 't_bert_dropout': 0.1, 'd_model': 128, 'fusion_layers': 3, 'heads': 4, 'learnable_pos_emb': False, 'emb_dropout': 0.0, 'attn_dropout': 0.2, 'ff_dropout': 0.1, 'ff_expansion': 4, 'mpu_share': True, 'modality_share': True, 'layer_share': True, 'attn_act_fn': 'tanh', 'gmc_tokens_pred_dim': 128, 'text_pred_dim': 256, 'audio_pred_dim': 8, 'video_pred_dim': 16, 'recon_loss': 'SmoothL1Loss', 'loss_attra_weight': 1, 'use_uncertainty_weighted_attra': True, 'use_per_modal_uncertainty_weight': False, 'uncertainty_attra_alpha': 0.05, 'modal_attra_weights': {'gmc': 1.0, 'text': 1, 'audio': 1, 'video': 1}, 'loss_recon_weight': 1, 'uncertainty_reg_weight': 0, 'uncertainty_reg_margin': 5e-05, 'uncertainty_before_weight': 0, 'post_fusion_dim': 256, 'post_fusion_dropout': 0.3, 'H': 3.0, 'cur_time': 3, 'model_save_path': 'results/mosi/emt-dlfr/run_once/models/emt-dlfr-mosi-regression-mr0.4-11111.pth', 'device': device(type='cuda', index=7), 'tasks': 'M'}>",111,75.07,75.14,75.46,75.6,38.19,33.82,103.75,56.76,-129.77,103.71
2026-02-10_08-09-00,emt-dlfr,"<Storage{'need_task_scheduling': False, 'is_tune': False, 'train_mode': 'regression', 'modelName': 'emt-dlfr', 'datasetName': 'mosi', 'num_workers': 4, 'model_save_dir': 'results/mosi/emt-dlfr/run_once/models', 'res_save_dir': 'results/mosi/emt-dlfr/run_once/results', 'gpu_ids': [7], 'missing_rates': array([0. , 0.1, 0.2, 0.3, 0.4, 0.5, 0.6, 0.7, 0.8, 0.9, 1. ]), 'seed': 11111, 'num_seeds': 3, 'exp_name': 'moe-uncertainty', 'diff_missing': None, 'KeyEval': 'Loss', 'save_model': True, 'unified_missing': False, 'use_normalized_data': False, 'seeds': [111, 1111, 11111], 'missing_rate': (0.4, 0.4, 0.4), 'dataPath': '/mnt/HDD2/teng/Master-23/sjc/work2/EMT-DLFR-master-based/MMSA/Datasets/MOSI/Processed/unaligned_50.pkl', 'seq_lens': (50, 375, 500), 'feature_dims': (768, 5, 20), 'train_samples': 1284, 'num_classes': 3, 'language': 'en', 'missing_seed': (111, 1111, 11111), 'data_missing': True, 'deal_missing': False, 'need_data_aligned': False, 'need_model_aligned': False, 'need_normalized': False, 'use_bert': True, 'use_finetune': True, 'save_labels': False, 'early_stop': 8, 'update_epochs': 4, 'batch_size': 32, 'learning_rate_bert': 5e-05, 'learning_rate_audio': 0.001, 'learning_rate_video': 0.0001, 'learning_rate_other': 0.001, 'weight_decay_bert': 0.001, 'weight_decay_audio': 0.01, 'weight_decay_video': 0.001, 'weight_decay_other': 0.001, 'a_lstm_hidden_size': 32, 'v_lstm_hidden_size': 64, 'a_lstm_layers': 1, 'v_lstm_layers': 1, 'text_out': 768, 'audio_out': 16, 'video_out': 32, 'a_lstm_dropout': 0.0, 'v_lstm_dropout': 0.0, 't_bert_dropout': 0.1, 'd_model': 128, 'fusion_layers': 3, 'heads': 4, 'learnable_pos_emb': False, 'emb_dropout': 0.0, 'attn_dropout': 0.2, 'ff_dropout': 0.1, 'ff_expansion': 4, 'mpu_share': True, 'modality_share': True, 'layer_share': True, 'attn_act_fn': 'tanh', 'gmc_tokens_pred_dim': 128, 'text_pred_dim': 256, 'audio_pred_dim': 8, 'video_pred_dim': 16, 'recon_loss': 'SmoothL1Loss', 'loss_attra_weight': 1, 'use_uncertainty_weighted_attra': True, 'use_per_modal_uncertainty_weight': False, 'uncertainty_attra_alpha': 0.05, 'modal_attra_weights': {'gmc': 1.0, 'text': 1, 'audio': 1, 'video': 1}, 'loss_recon_weight': 1, 'uncertainty_reg_weight': 0, 'uncertainty_reg_margin': 5e-05, 'uncertainty_before_weight': 0, 'post_fusion_dim': 256, 'post_fusion_dropout': 0.3, 'H': 3.0, 'cur_time': 3, 'model_save_path': 'results/mosi/emt-dlfr/run_once/models/emt-dlfr-mosi-regression-mr0.4-11111.pth', 'device': device(type='cuda', index=7), 'tasks': 'M'}>",1111,73.76,73.77,74.7,74.78,34.4,30.32,105.66,55.3,-117.03,105.43
2026-02-10_08-09-00,emt-dlfr,"<Storage{'need_task_scheduling': False, 'is_tune': False, 'train_mode': 'regression', 'modelName': 'emt-dlfr', 'datasetName': 'mosi', 'num_workers': 4, 'model_save_dir': 'results/mosi/emt-dlfr/run_once/models', 'res_save_dir': 'results/mosi/emt-dlfr/run_once/results', 'gpu_ids': [7], 'missing_rates': array([0. , 0.1, 0.2, 0.3, 0.4, 0.5, 0.6, 0.7, 0.8, 0.9, 1. ]), 'seed': 11111, 'num_seeds': 3, 'exp_name': 'moe-uncertainty', 'diff_missing': None, 'KeyEval': 'Loss', 'save_model': True, 'unified_missing': False, 'use_normalized_data': False, 'seeds': [111, 1111, 11111], 'missing_rate': (0.4, 0.4, 0.4), 'dataPath': '/mnt/HDD2/teng/Master-23/sjc/work2/EMT-DLFR-master-based/MMSA/Datasets/MOSI/Processed/unaligned_50.pkl', 'seq_lens': (50, 375, 500), 'feature_dims': (768, 5, 20), 'train_samples': 1284, 'num_classes': 3, 'language': 'en', 'missing_seed': (111, 1111, 11111), 'data_missing': True, 'deal_missing': False, 'need_data_aligned': False, 'need_model_aligned': False, 'need_normalized': False, 'use_bert': True, 'use_finetune': True, 'save_labels': False, 'early_stop': 8, 'update_epochs': 4, 'batch_size': 32, 'learning_rate_bert': 5e-05, 'learning_rate_audio': 0.001, 'learning_rate_video': 0.0001, 'learning_rate_other': 0.001, 'weight_decay_bert': 0.001, 'weight_decay_audio': 0.01, 'weight_decay_video': 0.001, 'weight_decay_other': 0.001, 'a_lstm_hidden_size': 32, 'v_lstm_hidden_size': 64, 'a_lstm_layers': 1, 'v_lstm_layers': 1, 'text_out': 768, 'audio_out': 16, 'video_out': 32, 'a_lstm_dropout': 0.0, 'v_lstm_dropout': 0.0, 't_bert_dropout': 0.1, 'd_model': 128, 'fusion_layers': 3, 'heads': 4, 'learnable_pos_emb': False, 'emb_dropout': 0.0, 'attn_dropout': 0.2, 'ff_dropout': 0.1, 'ff_expansion': 4, 'mpu_share': True, 'modality_share': True, 'layer_share': True, 'attn_act_fn': 'tanh', 'gmc_tokens_pred_dim': 128, 'text_pred_dim': 256, 'audio_pred_dim': 8, 'video_pred_dim': 16, 'recon_loss': 'SmoothL1Loss', 'loss_attra_weight': 1, 'use_uncertainty_weighted_attra': True, 'use_per_modal_uncertainty_weight': False, 'uncertainty_attra_alpha': 0.05, 'modal_attra_weights': {'gmc': 1.0, 'text': 1, 'audio': 1, 'video': 1}, 'loss_recon_weight': 1, 'uncertainty_reg_weight': 0, 'uncertainty_reg_margin': 5e-05, 'uncertainty_before_weight': 0, 'post_fusion_dim': 256, 'post_fusion_dropout': 0.3, 'H': 3.0, 'cur_time': 3, 'model_save_path': 'results/mosi/emt-dlfr/run_once/models/emt-dlfr-mosi-regression-mr0.4-11111.pth', 'device': device(type='cuda', index=7), 'tasks': 'M'}>",11111,73.91,73.92,74.54,74.62,33.38,29.74,105.1,55.63,-116.12,105.48
2026-02-10_08-09-00,emt-dlfr,"<Storage{'need_task_scheduling': False, 'is_tune': False, 'train_mode': 'regression', 'modelName': 'emt-dlfr', 'datasetName': 'mosi', 'num_workers': 4, 'model_save_dir': 'results/mosi/emt-dlfr/run_once/models', 'res_save_dir': 'results/mosi/emt-dlfr/run_once/results', 'gpu_ids': [7], 'missing_rates': array([0. , 0.1, 0.2, 0.3, 0.4, 0.5, 0.6, 0.7, 0.8, 0.9, 1. ]), 'seed': 11111, 'num_seeds': 3, 'exp_name': 'moe-uncertainty', 'diff_missing': None, 'KeyEval': 'Loss', 'save_model': True, 'unified_missing': False, 'use_normalized_data': False, 'seeds': [111, 1111, 11111], 'missing_rate': (0.4, 0.4, 0.4), 'dataPath': '/mnt/HDD2/teng/Master-23/sjc/work2/EMT-DLFR-master-based/MMSA/Datasets/MOSI/Processed/unaligned_50.pkl', 'seq_lens': (50, 375, 500), 'feature_dims': (768, 5, 20), 'train_samples': 1284, 'num_classes': 3, 'language': 'en', 'missing_seed': (111, 1111, 11111), 'data_missing': True, 'deal_missing': False, 'need_data_aligned': False, 'need_model_aligned': False, 'need_normalized': False, 'use_bert': True, 'use_finetune': True, 'save_labels': False, 'early_stop': 8, 'update_epochs': 4, 'batch_size': 32, 'learning_rate_bert': 5e-05, 'learning_rate_audio': 0.001, 'learning_rate_video': 0.0001, 'learning_rate_other': 0.001, 'weight_decay_bert': 0.001, 'weight_decay_audio': 0.01, 'weight_decay_video': 0.001, 'weight_decay_other': 0.001, 'a_lstm_hidden_size': 32, 'v_lstm_hidden_size': 64, 'a_lstm_layers': 1, 'v_lstm_layers': 1, 'text_out': 768, 'audio_out': 16, 'video_out': 32, 'a_lstm_dropout': 0.0, 'v_lstm_dropout': 0.0, 't_bert_dropout': 0.1, 'd_model': 128, 'fusion_layers': 3, 'heads': 4, 'learnable_pos_emb': False, 'emb_dropout': 0.0, 'attn_dropout': 0.2, 'ff_dropout': 0.1, 'ff_expansion': 4, 'mpu_share': True, 'modality_share': True, 'layer_share': True, 'attn_act_fn': 'tanh', 'gmc_tokens_pred_dim': 128, 'text_pred_dim': 256, 'audio_pred_dim': 8, 'video_pred_dim': 16, 'recon_loss': 'SmoothL1Loss', 'loss_attra_weight': 1, 'use_uncertainty_weighted_attra': True, 'use_per_modal_uncertainty_weight': False, 'uncertainty_attra_alpha': 0.05, 'modal_attra_weights': {'gmc': 1.0, 'text': 1, 'audio': 1, 'video': 1}, 'loss_recon_weight': 1, 'uncertainty_reg_weight': 0, 'uncertainty_reg_margin': 5e-05, 'uncertainty_before_weight': 0, 'post_fusion_dim': 256, 'post_fusion_dropout': 0.3, 'H': 3.0, 'cur_time': 3, 'model_save_path': 'results/mosi/emt-dlfr/run_once/models/emt-dlfr-mosi-regression-mr0.4-11111.pth', 'device': device(type='cuda', index=7), 'tasks': 'M'}>",<mean/std>,"(74.25, 0.59)","(74.28, 0.61)","(74.9, 0.4)","(75.0, 0.43)","(35.32, 2.07)","(31.29, 1.8)","(104.84, 0.8)","(55.9, 0.63)","(-120.97, 6.23)","(104.87, 0.83)"
2026-02-10_08-09-00,emt-dlfr,"<Storage{'need_task_scheduling': False, 'is_tune': False, 'train_mode': 'regression', 'modelName': 'emt-dlfr', 'datasetName': 'mosi', 'num_workers': 4, 'model_save_dir': 'results/mosi/emt-dlfr/run_once/models', 'res_save_dir': 'results/mosi/emt-dlfr/run_once/results', 'gpu_ids': [7], 'missing_rates': array([0. , 0.1, 0.2, 0.3, 0.4, 0.5, 0.6, 0.7, 0.8, 0.9, 1. ]), 'seed': 11111, 'num_seeds': 3, 'exp_name': 'moe-uncertainty', 'diff_missing': None, 'KeyEval': 'Loss', 'save_model': True, 'unified_missing': False, 'use_normalized_data': False, 'seeds': [111, 1111, 11111], 'missing_rate': (0.4, 0.4, 0.4), 'dataPath': '/mnt/HDD2/teng/Master-23/sjc/work2/EMT-DLFR-master-based/MMSA/Datasets/MOSI/Processed/unaligned_50.pkl', 'seq_lens': (50, 375, 500), 'feature_dims': (768, 5, 20), 'train_samples': 1284, 'num_classes': 3, 'language': 'en', 'missing_seed': (111, 1111, 11111), 'data_missing': True, 'deal_missing': False, 'need_data_aligned': False, 'need_model_aligned': False, 'need_normalized': False, 'use_bert': True, 'use_finetune': True, 'save_labels': False, 'early_stop': 8, 'update_epochs': 4, 'batch_size': 32, 'learning_rate_bert': 5e-05, 'learning_rate_audio': 0.001, 'learning_rate_video': 0.0001, 'learning_rate_other': 0.001, 'weight_decay_bert': 0.001, 'weight_decay_audio': 0.01, 'weight_decay_video': 0.001, 'weight_decay_other': 0.001, 'a_lstm_hidden_size': 32, 'v_lstm_hidden_size': 64, 'a_lstm_layers': 1, 'v_lstm_layers': 1, 'text_out': 768, 'audio_out': 16, 'video_out': 32, 'a_lstm_dropout': 0.0, 'v_lstm_dropout': 0.0, 't_bert_dropout': 0.1, 'd_model': 128, 'fusion_layers': 3, 'heads': 4, 'learnable_pos_emb': False, 'emb_dropout': 0.0, 'attn_dropout': 0.2, 'ff_dropout': 0.1, 'ff_expansion': 4, 'mpu_share': True, 'modality_share': True, 'layer_share': True, 'attn_act_fn': 'tanh', 'gmc_tokens_pred_dim': 128, 'text_pred_dim': 256, 'audio_pred_dim': 8, 'video_pred_dim': 16, 'recon_loss': 'SmoothL1Loss', 'loss_attra_weight': 1, 'use_uncertainty_weighted_attra': True, 'use_per_modal_uncertainty_weight': False, 'uncertainty_attra_alpha': 0.05, 'modal_attra_weights': {'gmc': 1.0, 'text': 1, 'audio': 1, 'video': 1}, 'loss_recon_weight': 1, 'uncertainty_reg_weight': 0, 'uncertainty_reg_margin': 5e-05, 'uncertainty_before_weight': 0, 'post_fusion_dim': 256, 'post_fusion_dropout': 0.3, 'H': 3.0, 'cur_time': 3, 'model_save_path': 'results/mosi/emt-dlfr/run_once/models/emt-dlfr-mosi-regression-mr0.4-11111.pth', 'device': device(type='cuda', index=7), 'tasks': 'M'}>",<max/seed>,"(75.07, 111)","(75.14, 111)","(75.46, 111)","(75.6, 111)","(38.19, 111)","(33.82, 111)","(105.66, 1111)","(56.76, 111)","(-116.12, 11111)","(105.48, 11111)"
2026-02-10_08-09-00,emt-dlfr,"<Storage{'need_task_scheduling': False, 'is_tune': False, 'train_mode': 'regression', 'modelName': 'emt-dlfr', 'datasetName': 'mosi', 'num_workers': 4, 'model_save_dir': 'results/mosi/emt-dlfr/run_once/models', 'res_save_dir': 'results/mosi/emt-dlfr/run_once/results', 'gpu_ids': [7], 'missing_rates': array([0. , 0.1, 0.2, 0.3, 0.4, 0.5, 0.6, 0.7, 0.8, 0.9, 1. ]), 'seed': 11111, 'num_seeds': 3, 'exp_name': 'moe-uncertainty', 'diff_missing': None, 'KeyEval': 'Loss', 'save_model': True, 'unified_missing': False, 'use_normalized_data': False, 'seeds': [111, 1111, 11111], 'missing_rate': (0.4, 0.4, 0.4), 'dataPath': '/mnt/HDD2/teng/Master-23/sjc/work2/EMT-DLFR-master-based/MMSA/Datasets/MOSI/Processed/unaligned_50.pkl', 'seq_lens': (50, 375, 500), 'feature_dims': (768, 5, 20), 'train_samples': 1284, 'num_classes': 3, 'language': 'en', 'missing_seed': (111, 1111, 11111), 'data_missing': True, 'deal_missing': False, 'need_data_aligned': False, 'need_model_aligned': False, 'need_normalized': False, 'use_bert': True, 'use_finetune': True, 'save_labels': False, 'early_stop': 8, 'update_epochs': 4, 'batch_size': 32, 'learning_rate_bert': 5e-05, 'learning_rate_audio': 0.001, 'learning_rate_video': 0.0001, 'learning_rate_other': 0.001, 'weight_decay_bert': 0.001, 'weight_decay_audio': 0.01, 'weight_decay_video': 0.001, 'weight_decay_other': 0.001, 'a_lstm_hidden_size': 32, 'v_lstm_hidden_size': 64, 'a_lstm_layers': 1, 'v_lstm_layers': 1, 'text_out': 768, 'audio_out': 16, 'video_out': 32, 'a_lstm_dropout': 0.0, 'v_lstm_dropout': 0.0, 't_bert_dropout': 0.1, 'd_model': 128, 'fusion_layers': 3, 'heads': 4, 'learnable_pos_emb': False, 'emb_dropout': 0.0, 'attn_dropout': 0.2, 'ff_dropout': 0.1, 'ff_expansion': 4, 'mpu_share': True, 'modality_share': True, 'layer_share': True, 'attn_act_fn': 'tanh', 'gmc_tokens_pred_dim': 128, 'text_pred_dim': 256, 'audio_pred_dim': 8, 'video_pred_dim': 16, 'recon_loss': 'SmoothL1Loss', 'loss_attra_weight': 1, 'use_uncertainty_weighted_attra': True, 'use_per_modal_uncertainty_weight': False, 'uncertainty_attra_alpha': 0.05, 'modal_attra_weights': {'gmc': 1.0, 'text': 1, 'audio': 1, 'video': 1}, 'loss_recon_weight': 1, 'uncertainty_reg_weight': 0, 'uncertainty_reg_margin': 5e-05, 'uncertainty_before_weight': 0, 'post_fusion_dim': 256, 'post_fusion_dropout': 0.3, 'H': 3.0, 'cur_time': 3, 'model_save_path': 'results/mosi/emt-dlfr/run_once/models/emt-dlfr-mosi-regression-mr0.4-11111.pth', 'device': device(type='cuda', index=7), 'tasks': 'M'}>",<min/seed>,"(73.76, 1111)","(73.77, 1111)","(74.54, 11111)","(74.62, 11111)","(33.38, 11111)","(29.74, 11111)","(103.75, 111)","(55.3, 1111)","(-129.77, 111)","(103.71, 111)"
2026-02-10_15-34-58,emt-dlfr,"<Storage{'need_task_scheduling': False, 'is_tune': False, 'train_mode': 'regression', 'modelName': 'emt-dlfr', 'datasetName': 'mosi', 'num_workers': 4, 'model_save_dir': 'results/mosi/emt-dlfr/run_once/models', 'res_save_dir': 'results/mosi/emt-dlfr/run_once/results', 'gpu_ids': [7], 'missing_rates': array([0. , 0.1, 0.2, 0.3, 0.4, 0.5, 0.6, 0.7, 0.8, 0.9, 1. ]), 'seed': 11111, 'num_seeds': 3, 'exp_name': 'moe-uncertainty', 'diff_missing': None, 'KeyEval': 'Loss', 'save_model': True, 'unified_missing': False, 'use_normalized_data': False, 'seeds': [111, 1111, 11111], 'missing_rate': (0.4, 0.4, 0.4), 'dataPath': '/mnt/HDD2/teng/Master-23/sjc/work2/EMT-DLFR-master-based/MMSA/Datasets/MOSI/Processed/unaligned_50.pkl', 'seq_lens': (50, 375, 500), 'feature_dims': (768, 5, 20), 'train_samples': 1284, 'num_classes': 3, 'language': 'en', 'missing_seed': (111, 1111, 11111), 'data_missing': True, 'deal_missing': False, 'need_data_aligned': False, 'need_model_aligned': False, 'need_normalized': False, 'use_bert': True, 'use_finetune': True, 'save_labels': False, 'early_stop': 8, 'update_epochs': 4, 'batch_size': 32, 'learning_rate_bert': 5e-05, 'learning_rate_audio': 0.001, 'learning_rate_video': 0.0001, 'learning_rate_other': 0.001, 'weight_decay_bert': 0.001, 'weight_decay_audio': 0.01, 'weight_decay_video': 0.001, 'weight_decay_other': 0.001, 'a_lstm_hidden_size': 32, 'v_lstm_hidden_size': 64, 'a_lstm_layers': 1, 'v_lstm_layers': 1, 'text_out': 768, 'audio_out': 16, 'video_out': 32, 'a_lstm_dropout': 0.0, 'v_lstm_dropout': 0.0, 't_bert_dropout': 0.1, 'd_model': 128, 'fusion_layers': 3, 'heads': 4, 'learnable_pos_emb': False, 'emb_dropout': 0.0, 'attn_dropout': 0.2, 'ff_dropout': 0.1, 'ff_expansion': 4, 'mpu_share': True, 'modality_share': True, 'layer_share': True, 'attn_act_fn': 'tanh', 'gmc_tokens_pred_dim': 128, 'text_pred_dim': 256, 'audio_pred_dim': 8, 'video_pred_dim': 16, 'recon_loss': 'SmoothL1Loss', 'loss_attra_weight': 1, 'use_uncertainty_weighted_attra': True, 'use_per_modal_uncertainty_weight': False, 'uncertainty_attra_alpha': 0.02, 'modal_attra_weights': {'gmc': 1.0, 'text': 1, 'audio': 1, 'video': 1}, 'loss_recon_weight': 1, 'uncertainty_reg_weight': 0, 'uncertainty_reg_margin': 5e-05, 'uncertainty_before_weight': 0, 'post_fusion_dim': 256, 'post_fusion_dropout': 0.3, 'H': 3.0, 'cur_time': 3, 'model_save_path': 'results/mosi/emt-dlfr/run_once/models/emt-dlfr-mosi-regression-mr0.4-11111.pth', 'device': device(type='cuda', index=7), 'tasks': 'M'}>",111,73.76,73.72,74.7,74.73,34.69,31.63,104.75,55.53,-116.88,106.19
2026-02-10_15-34-58,emt-dlfr,"<Storage{'need_task_scheduling': False, 'is_tune': False, 'train_mode': 'regression', 'modelName': 'emt-dlfr', 'datasetName': 'mosi', 'num_workers': 4, 'model_save_dir': 'results/mosi/emt-dlfr/run_once/models', 'res_save_dir': 'results/mosi/emt-dlfr/run_once/results', 'gpu_ids': [7], 'missing_rates': array([0. , 0.1, 0.2, 0.3, 0.4, 0.5, 0.6, 0.7, 0.8, 0.9, 1. ]), 'seed': 11111, 'num_seeds': 3, 'exp_name': 'moe-uncertainty', 'diff_missing': None, 'KeyEval': 'Loss', 'save_model': True, 'unified_missing': False, 'use_normalized_data': False, 'seeds': [111, 1111, 11111], 'missing_rate': (0.4, 0.4, 0.4), 'dataPath': '/mnt/HDD2/teng/Master-23/sjc/work2/EMT-DLFR-master-based/MMSA/Datasets/MOSI/Processed/unaligned_50.pkl', 'seq_lens': (50, 375, 500), 'feature_dims': (768, 5, 20), 'train_samples': 1284, 'num_classes': 3, 'language': 'en', 'missing_seed': (111, 1111, 11111), 'data_missing': True, 'deal_missing': False, 'need_data_aligned': False, 'need_model_aligned': False, 'need_normalized': False, 'use_bert': True, 'use_finetune': True, 'save_labels': False, 'early_stop': 8, 'update_epochs': 4, 'batch_size': 32, 'learning_rate_bert': 5e-05, 'learning_rate_audio': 0.001, 'learning_rate_video': 0.0001, 'learning_rate_other': 0.001, 'weight_decay_bert': 0.001, 'weight_decay_audio': 0.01, 'weight_decay_video': 0.001, 'weight_decay_other': 0.001, 'a_lstm_hidden_size': 32, 'v_lstm_hidden_size': 64, 'a_lstm_layers': 1, 'v_lstm_layers': 1, 'text_out': 768, 'audio_out': 16, 'video_out': 32, 'a_lstm_dropout': 0.0, 'v_lstm_dropout': 0.0, 't_bert_dropout': 0.1, 'd_model': 128, 'fusion_layers': 3, 'heads': 4, 'learnable_pos_emb': False, 'emb_dropout': 0.0, 'attn_dropout': 0.2, 'ff_dropout': 0.1, 'ff_expansion': 4, 'mpu_share': True, 'modality_share': True, 'layer_share': True, 'attn_act_fn': 'tanh', 'gmc_tokens_pred_dim': 128, 'text_pred_dim': 256, 'audio_pred_dim': 8, 'video_pred_dim': 16, 'recon_loss': 'SmoothL1Loss', 'loss_attra_weight': 1, 'use_uncertainty_weighted_attra': True, 'use_per_modal_uncertainty_weight': False, 'uncertainty_attra_alpha': 0.02, 'modal_attra_weights': {'gmc': 1.0, 'text': 1, 'audio': 1, 'video': 1}, 'loss_recon_weight': 1, 'uncertainty_reg_weight': 0, 'uncertainty_reg_margin': 5e-05, 'uncertainty_before_weight': 0, 'post_fusion_dim': 256, 'post_fusion_dropout': 0.3, 'H': 3.0, 'cur_time': 3, 'model_save_path': 'results/mosi/emt-dlfr/run_once/models/emt-dlfr-mosi-regression-mr0.4-11111.pth', 'device': device(type='cuda', index=7), 'tasks': 'M'}>",1111,72.01,72.05,73.02,73.15,35.57,31.2,106.88,53.96,-110.93,107.32
2026-02-10_15-34-58,emt-dlfr,"<Storage{'need_task_scheduling': False, 'is_tune': False, 'train_mode': 'regression', 'modelName': 'emt-dlfr', 'datasetName': 'mosi', 'num_workers': 4, 'model_save_dir': 'results/mosi/emt-dlfr/run_once/models', 'res_save_dir': 'results/mosi/emt-dlfr/run_once/results', 'gpu_ids': [7], 'missing_rates': array([0. , 0.1, 0.2, 0.3, 0.4, 0.5, 0.6, 0.7, 0.8, 0.9, 1. ]), 'seed': 11111, 'num_seeds': 3, 'exp_name': 'moe-uncertainty', 'diff_missing': None, 'KeyEval': 'Loss', 'save_model': True, 'unified_missing': False, 'use_normalized_data': False, 'seeds': [111, 1111, 11111], 'missing_rate': (0.4, 0.4, 0.4), 'dataPath': '/mnt/HDD2/teng/Master-23/sjc/work2/EMT-DLFR-master-based/MMSA/Datasets/MOSI/Processed/unaligned_50.pkl', 'seq_lens': (50, 375, 500), 'feature_dims': (768, 5, 20), 'train_samples': 1284, 'num_classes': 3, 'language': 'en', 'missing_seed': (111, 1111, 11111), 'data_missing': True, 'deal_missing': False, 'need_data_aligned': False, 'need_model_aligned': False, 'need_normalized': False, 'use_bert': True, 'use_finetune': True, 'save_labels': False, 'early_stop': 8, 'update_epochs': 4, 'batch_size': 32, 'learning_rate_bert': 5e-05, 'learning_rate_audio': 0.001, 'learning_rate_video': 0.0001, 'learning_rate_other': 0.001, 'weight_decay_bert': 0.001, 'weight_decay_audio': 0.01, 'weight_decay_video': 0.001, 'weight_decay_other': 0.001, 'a_lstm_hidden_size': 32, 'v_lstm_hidden_size': 64, 'a_lstm_layers': 1, 'v_lstm_layers': 1, 'text_out': 768, 'audio_out': 16, 'video_out': 32, 'a_lstm_dropout': 0.0, 'v_lstm_dropout': 0.0, 't_bert_dropout': 0.1, 'd_model': 128, 'fusion_layers': 3, 'heads': 4, 'learnable_pos_emb': False, 'emb_dropout': 0.0, 'attn_dropout': 0.2, 'ff_dropout': 0.1, 'ff_expansion': 4, 'mpu_share': True, 'modality_share': True, 'layer_share': True, 'attn_act_fn': 'tanh', 'gmc_tokens_pred_dim': 128, 'text_pred_dim': 256, 'audio_pred_dim': 8, 'video_pred_dim': 16, 'recon_loss': 'SmoothL1Loss', 'loss_attra_weight': 1, 'use_uncertainty_weighted_attra': True, 'use_per_modal_uncertainty_weight': False, 'uncertainty_attra_alpha': 0.02, 'modal_attra_weights': {'gmc': 1.0, 'text': 1, 'audio': 1, 'video': 1}, 'loss_recon_weight': 1, 'uncertainty_reg_weight': 0, 'uncertainty_reg_margin': 5e-05, 'uncertainty_before_weight': 0, 'post_fusion_dim': 256, 'post_fusion_dropout': 0.3, 'H': 3.0, 'cur_time': 3, 'model_save_path': 'results/mosi/emt-dlfr/run_once/models/emt-dlfr-mosi-regression-mr0.4-11111.pth', 'device': device(type='cuda', index=7), 'tasks': 'M'}>",11111,73.03,73.1,73.48,73.63,32.94,28.72,107.65,55.14,-109.22,108.16
2026-02-10_15-34-58,emt-dlfr,"<Storage{'need_task_scheduling': False, 'is_tune': False, 'train_mode': 'regression', 'modelName': 'emt-dlfr', 'datasetName': 'mosi', 'num_workers': 4, 'model_save_dir': 'results/mosi/emt-dlfr/run_once/models', 'res_save_dir': 'results/mosi/emt-dlfr/run_once/results', 'gpu_ids': [7], 'missing_rates': array([0. , 0.1, 0.2, 0.3, 0.4, 0.5, 0.6, 0.7, 0.8, 0.9, 1. ]), 'seed': 11111, 'num_seeds': 3, 'exp_name': 'moe-uncertainty', 'diff_missing': None, 'KeyEval': 'Loss', 'save_model': True, 'unified_missing': False, 'use_normalized_data': False, 'seeds': [111, 1111, 11111], 'missing_rate': (0.4, 0.4, 0.4), 'dataPath': '/mnt/HDD2/teng/Master-23/sjc/work2/EMT-DLFR-master-based/MMSA/Datasets/MOSI/Processed/unaligned_50.pkl', 'seq_lens': (50, 375, 500), 'feature_dims': (768, 5, 20), 'train_samples': 1284, 'num_classes': 3, 'language': 'en', 'missing_seed': (111, 1111, 11111), 'data_missing': True, 'deal_missing': False, 'need_data_aligned': False, 'need_model_aligned': False, 'need_normalized': False, 'use_bert': True, 'use_finetune': True, 'save_labels': False, 'early_stop': 8, 'update_epochs': 4, 'batch_size': 32, 'learning_rate_bert': 5e-05, 'learning_rate_audio': 0.001, 'learning_rate_video': 0.0001, 'learning_rate_other': 0.001, 'weight_decay_bert': 0.001, 'weight_decay_audio': 0.01, 'weight_decay_video': 0.001, 'weight_decay_other': 0.001, 'a_lstm_hidden_size': 32, 'v_lstm_hidden_size': 64, 'a_lstm_layers': 1, 'v_lstm_layers': 1, 'text_out': 768, 'audio_out': 16, 'video_out': 32, 'a_lstm_dropout': 0.0, 'v_lstm_dropout': 0.0, 't_bert_dropout': 0.1, 'd_model': 128, 'fusion_layers': 3, 'heads': 4, 'learnable_pos_emb': False, 'emb_dropout': 0.0, 'attn_dropout': 0.2, 'ff_dropout': 0.1, 'ff_expansion': 4, 'mpu_share': True, 'modality_share': True, 'layer_share': True, 'attn_act_fn': 'tanh', 'gmc_tokens_pred_dim': 128, 'text_pred_dim': 256, 'audio_pred_dim': 8, 'video_pred_dim': 16, 'recon_loss': 'SmoothL1Loss', 'loss_attra_weight': 1, 'use_uncertainty_weighted_attra': True, 'use_per_modal_uncertainty_weight': False, 'uncertainty_attra_alpha': 0.02, 'modal_attra_weights': {'gmc': 1.0, 'text': 1, 'audio': 1, 'video': 1}, 'loss_recon_weight': 1, 'uncertainty_reg_weight': 0, 'uncertainty_reg_margin': 5e-05, 'uncertainty_before_weight': 0, 'post_fusion_dim': 256, 'post_fusion_dropout': 0.3, 'H': 3.0, 'cur_time': 3, 'model_save_path': 'results/mosi/emt-dlfr/run_once/models/emt-dlfr-mosi-regression-mr0.4-11111.pth', 'device': device(type='cuda', index=7), 'tasks': 'M'}>",<mean/std>,"(72.93, 0.72)","(72.96, 0.69)","(73.73, 0.71)","(73.84, 0.66)","(34.4, 1.09)","(30.52, 1.28)","(106.43, 1.23)","(54.88, 0.67)","(-112.34, 3.28)","(107.23, 0.81)"
2026-02-10_15-34-58,emt-dlfr,"<Storage{'need_task_scheduling': False, 'is_tune': False, 'train_mode': 'regression', 'modelName': 'emt-dlfr', 'datasetName': 'mosi', 'num_workers': 4, 'model_save_dir': 'results/mosi/emt-dlfr/run_once/models', 'res_save_dir': 'results/mosi/emt-dlfr/run_once/results', 'gpu_ids': [7], 'missing_rates': array([0. , 0.1, 0.2, 0.3, 0.4, 0.5, 0.6, 0.7, 0.8, 0.9, 1. ]), 'seed': 11111, 'num_seeds': 3, 'exp_name': 'moe-uncertainty', 'diff_missing': None, 'KeyEval': 'Loss', 'save_model': True, 'unified_missing': False, 'use_normalized_data': False, 'seeds': [111, 1111, 11111], 'missing_rate': (0.4, 0.4, 0.4), 'dataPath': '/mnt/HDD2/teng/Master-23/sjc/work2/EMT-DLFR-master-based/MMSA/Datasets/MOSI/Processed/unaligned_50.pkl', 'seq_lens': (50, 375, 500), 'feature_dims': (768, 5, 20), 'train_samples': 1284, 'num_classes': 3, 'language': 'en', 'missing_seed': (111, 1111, 11111), 'data_missing': True, 'deal_missing': False, 'need_data_aligned': False, 'need_model_aligned': False, 'need_normalized': False, 'use_bert': True, 'use_finetune': True, 'save_labels': False, 'early_stop': 8, 'update_epochs': 4, 'batch_size': 32, 'learning_rate_bert': 5e-05, 'learning_rate_audio': 0.001, 'learning_rate_video': 0.0001, 'learning_rate_other': 0.001, 'weight_decay_bert': 0.001, 'weight_decay_audio': 0.01, 'weight_decay_video': 0.001, 'weight_decay_other': 0.001, 'a_lstm_hidden_size': 32, 'v_lstm_hidden_size': 64, 'a_lstm_layers': 1, 'v_lstm_layers': 1, 'text_out': 768, 'audio_out': 16, 'video_out': 32, 'a_lstm_dropout': 0.0, 'v_lstm_dropout': 0.0, 't_bert_dropout': 0.1, 'd_model': 128, 'fusion_layers': 3, 'heads': 4, 'learnable_pos_emb': False, 'emb_dropout': 0.0, 'attn_dropout': 0.2, 'ff_dropout': 0.1, 'ff_expansion': 4, 'mpu_share': True, 'modality_share': True, 'layer_share': True, 'attn_act_fn': 'tanh', 'gmc_tokens_pred_dim': 128, 'text_pred_dim': 256, 'audio_pred_dim': 8, 'video_pred_dim': 16, 'recon_loss': 'SmoothL1Loss', 'loss_attra_weight': 1, 'use_uncertainty_weighted_attra': True, 'use_per_modal_uncertainty_weight': False, 'uncertainty_attra_alpha': 0.02, 'modal_attra_weights': {'gmc': 1.0, 'text': 1, 'audio': 1, 'video': 1}, 'loss_recon_weight': 1, 'uncertainty_reg_weight': 0, 'uncertainty_reg_margin': 5e-05, 'uncertainty_before_weight': 0, 'post_fusion_dim': 256, 'post_fusion_dropout': 0.3, 'H': 3.0, 'cur_time': 3, 'model_save_path': 'results/mosi/emt-dlfr/run_once/models/emt-dlfr-mosi-regression-mr0.4-11111.pth', 'device': device(type='cuda', index=7), 'tasks': 'M'}>",<max/seed>,"(73.76, 111)","(73.72, 111)","(74.7, 111)","(74.73, 111)","(35.57, 1111)","(31.63, 111)","(107.65, 11111)","(55.53, 111)","(-109.22, 11111)","(108.16, 11111)"
2026-02-10_15-34-58,emt-dlfr,"<Storage{'need_task_scheduling': False, 'is_tune': False, 'train_mode': 'regression', 'modelName': 'emt-dlfr', 'datasetName': 'mosi', 'num_workers': 4, 'model_save_dir': 'results/mosi/emt-dlfr/run_once/models', 'res_save_dir': 'results/mosi/emt-dlfr/run_once/results', 'gpu_ids': [7], 'missing_rates': array([0. , 0.1, 0.2, 0.3, 0.4, 0.5, 0.6, 0.7, 0.8, 0.9, 1. ]), 'seed': 11111, 'num_seeds': 3, 'exp_name': 'moe-uncertainty', 'diff_missing': None, 'KeyEval': 'Loss', 'save_model': True, 'unified_missing': False, 'use_normalized_data': False, 'seeds': [111, 1111, 11111], 'missing_rate': (0.4, 0.4, 0.4), 'dataPath': '/mnt/HDD2/teng/Master-23/sjc/work2/EMT-DLFR-master-based/MMSA/Datasets/MOSI/Processed/unaligned_50.pkl', 'seq_lens': (50, 375, 500), 'feature_dims': (768, 5, 20), 'train_samples': 1284, 'num_classes': 3, 'language': 'en', 'missing_seed': (111, 1111, 11111), 'data_missing': True, 'deal_missing': False, 'need_data_aligned': False, 'need_model_aligned': False, 'need_normalized': False, 'use_bert': True, 'use_finetune': True, 'save_labels': False, 'early_stop': 8, 'update_epochs': 4, 'batch_size': 32, 'learning_rate_bert': 5e-05, 'learning_rate_audio': 0.001, 'learning_rate_video': 0.0001, 'learning_rate_other': 0.001, 'weight_decay_bert': 0.001, 'weight_decay_audio': 0.01, 'weight_decay_video': 0.001, 'weight_decay_other': 0.001, 'a_lstm_hidden_size': 32, 'v_lstm_hidden_size': 64, 'a_lstm_layers': 1, 'v_lstm_layers': 1, 'text_out': 768, 'audio_out': 16, 'video_out': 32, 'a_lstm_dropout': 0.0, 'v_lstm_dropout': 0.0, 't_bert_dropout': 0.1, 'd_model': 128, 'fusion_layers': 3, 'heads': 4, 'learnable_pos_emb': False, 'emb_dropout': 0.0, 'attn_dropout': 0.2, 'ff_dropout': 0.1, 'ff_expansion': 4, 'mpu_share': True, 'modality_share': True, 'layer_share': True, 'attn_act_fn': 'tanh', 'gmc_tokens_pred_dim': 128, 'text_pred_dim': 256, 'audio_pred_dim': 8, 'video_pred_dim': 16, 'recon_loss': 'SmoothL1Loss', 'loss_attra_weight': 1, 'use_uncertainty_weighted_attra': True, 'use_per_modal_uncertainty_weight': False, 'uncertainty_attra_alpha': 0.02, 'modal_attra_weights': {'gmc': 1.0, 'text': 1, 'audio': 1, 'video': 1}, 'loss_recon_weight': 1, 'uncertainty_reg_weight': 0, 'uncertainty_reg_margin': 5e-05, 'uncertainty_before_weight': 0, 'post_fusion_dim': 256, 'post_fusion_dropout': 0.3, 'H': 3.0, 'cur_time': 3, 'model_save_path': 'results/mosi/emt-dlfr/run_once/models/emt-dlfr-mosi-regression-mr0.4-11111.pth', 'device': device(type='cuda', index=7), 'tasks': 'M'}>",<min/seed>,"(72.01, 1111)","(72.05, 1111)","(73.02, 1111)","(73.15, 1111)","(32.94, 11111)","(28.72, 11111)","(104.75, 111)","(53.96, 1111)","(-116.88, 111)","(106.19, 111)"
2026-02-11_04-40-44,emt-dlfr,"<Storage{'need_task_scheduling': False, 'is_tune': False, 'train_mode': 'regression', 'modelName': 'emt-dlfr', 'datasetName': 'mosi', 'num_workers': 4, 'model_save_dir': 'results/mosi/emt-dlfr/run_once/models', 'res_save_dir': 'results/mosi/emt-dlfr/run_once/results', 'gpu_ids': [1], 'missing_rates': array([0. , 0.1, 0.2, 0.3, 0.4, 0.5, 0.6, 0.7, 0.8, 0.9, 1. ]), 'seed': 11111, 'num_seeds': 3, 'exp_name': 'moe-uncertainty', 'diff_missing': None, 'KeyEval': 'Loss', 'save_model': True, 'unified_missing': False, 'use_normalized_data': False, 'seeds': [111, 1111, 11111], 'missing_rate': (0.4, 0.4, 0.4), 'dataPath': '/mnt/HDD2/teng/Master-23/sjc/work2/EMT-DLFR-master-based/MMSA/Datasets/MOSI/Processed/unaligned_50.pkl', 'seq_lens': (50, 375, 500), 'feature_dims': (768, 5, 20), 'train_samples': 1284, 'num_classes': 3, 'language': 'en', 'missing_seed': (111, 1111, 11111), 'data_missing': True, 'deal_missing': False, 'need_data_aligned': False, 'need_model_aligned': False, 'need_normalized': False, 'use_bert': True, 'use_finetune': True, 'save_labels': False, 'early_stop': 8, 'update_epochs': 4, 'batch_size': 32, 'learning_rate_bert': 5e-05, 'learning_rate_audio': 0.001, 'learning_rate_video': 0.0001, 'learning_rate_other': 0.001, 'weight_decay_bert': 0.001, 'weight_decay_audio': 0.01, 'weight_decay_video': 0.001, 'weight_decay_other': 0.001, 'a_lstm_hidden_size': 32, 'v_lstm_hidden_size': 64, 'a_lstm_layers': 1, 'v_lstm_layers': 1, 'text_out': 768, 'audio_out': 16, 'video_out': 32, 'a_lstm_dropout': 0.0, 'v_lstm_dropout': 0.0, 't_bert_dropout': 0.1, 'd_model': 128, 'fusion_layers': 3, 'heads': 4, 'learnable_pos_emb': False, 'emb_dropout': 0.0, 'attn_dropout': 0.2, 'ff_dropout': 0.1, 'ff_expansion': 4, 'mpu_share': True, 'modality_share': True, 'layer_share': True, 'attn_act_fn': 'tanh', 'gmc_tokens_pred_dim': 128, 'text_pred_dim': 256, 'audio_pred_dim': 8, 'video_pred_dim': 16, 'recon_loss': 'SmoothL1Loss', 'loss_attra_weight': 1, 'use_uncertainty_weighted_attra': True, 'use_per_modal_uncertainty_weight': False, 'uncertainty_attra_alpha': 0.05, 'modal_attra_weights': {'gmc': 1.0, 'text': 1, 'audio': 1, 'video': 1}, 'loss_recon_weight': 1, 'uncertainty_reg_weight': 0, 'uncertainty_reg_margin': 5e-05, 'uncertainty_before_weight': 0, 'post_fusion_dim': 256, 'post_fusion_dropout': 0.3, 'H': 3.0, 'K_text': 2, 'K_audio': 4, 'K_video': 4, 'use_uncertainty': False, 'cur_time': 3, 'model_save_path': 'results/mosi/emt-dlfr/run_once/models/emt-dlfr-mosi-regression-mr0.4-11111.pth', 'device': device(type='cuda', index=1), 'tasks': 'M'}>",111,71.72,71.77,72.71,72.85,35.28,31.78,106.91,54.43,-118.88,107.28
2026-02-11_04-40-44,emt-dlfr,"<Storage{'need_task_scheduling': False, 'is_tune': False, 'train_mode': 'regression', 'modelName': 'emt-dlfr', 'datasetName': 'mosi', 'num_workers': 4, 'model_save_dir': 'results/mosi/emt-dlfr/run_once/models', 'res_save_dir': 'results/mosi/emt-dlfr/run_once/results', 'gpu_ids': [1], 'missing_rates': array([0. , 0.1, 0.2, 0.3, 0.4, 0.5, 0.6, 0.7, 0.8, 0.9, 1. ]), 'seed': 11111, 'num_seeds': 3, 'exp_name': 'moe-uncertainty', 'diff_missing': None, 'KeyEval': 'Loss', 'save_model': True, 'unified_missing': False, 'use_normalized_data': False, 'seeds': [111, 1111, 11111], 'missing_rate': (0.4, 0.4, 0.4), 'dataPath': '/mnt/HDD2/teng/Master-23/sjc/work2/EMT-DLFR-master-based/MMSA/Datasets/MOSI/Processed/unaligned_50.pkl', 'seq_lens': (50, 375, 500), 'feature_dims': (768, 5, 20), 'train_samples': 1284, 'num_classes': 3, 'language': 'en', 'missing_seed': (111, 1111, 11111), 'data_missing': True, 'deal_missing': False, 'need_data_aligned': False, 'need_model_aligned': False, 'need_normalized': False, 'use_bert': True, 'use_finetune': True, 'save_labels': False, 'early_stop': 8, 'update_epochs': 4, 'batch_size': 32, 'learning_rate_bert': 5e-05, 'learning_rate_audio': 0.001, 'learning_rate_video': 0.0001, 'learning_rate_other': 0.001, 'weight_decay_bert': 0.001, 'weight_decay_audio': 0.01, 'weight_decay_video': 0.001, 'weight_decay_other': 0.001, 'a_lstm_hidden_size': 32, 'v_lstm_hidden_size': 64, 'a_lstm_layers': 1, 'v_lstm_layers': 1, 'text_out': 768, 'audio_out': 16, 'video_out': 32, 'a_lstm_dropout': 0.0, 'v_lstm_dropout': 0.0, 't_bert_dropout': 0.1, 'd_model': 128, 'fusion_layers': 3, 'heads': 4, 'learnable_pos_emb': False, 'emb_dropout': 0.0, 'attn_dropout': 0.2, 'ff_dropout': 0.1, 'ff_expansion': 4, 'mpu_share': True, 'modality_share': True, 'layer_share': True, 'attn_act_fn': 'tanh', 'gmc_tokens_pred_dim': 128, 'text_pred_dim': 256, 'audio_pred_dim': 8, 'video_pred_dim': 16, 'recon_loss': 'SmoothL1Loss', 'loss_attra_weight': 1, 'use_uncertainty_weighted_attra': True, 'use_per_modal_uncertainty_weight': False, 'uncertainty_attra_alpha': 0.05, 'modal_attra_weights': {'gmc': 1.0, 'text': 1, 'audio': 1, 'video': 1}, 'loss_recon_weight': 1, 'uncertainty_reg_weight': 0, 'uncertainty_reg_margin': 5e-05, 'uncertainty_before_weight': 0, 'post_fusion_dim': 256, 'post_fusion_dropout': 0.3, 'H': 3.0, 'K_text': 2, 'K_audio': 4, 'K_video': 4, 'use_uncertainty': False, 'cur_time': 3, 'model_save_path': 'results/mosi/emt-dlfr/run_once/models/emt-dlfr-mosi-regression-mr0.4-11111.pth', 'device': device(type='cuda', index=1), 'tasks': 'M'}>",1111,73.32,73.27,74.39,74.41,33.97,30.9,104.43,55.88,-143.15,103.71
2026-02-11_04-40-44,emt-dlfr,"<Storage{'need_task_scheduling': False, 'is_tune': False, 'train_mode': 'regression', 'modelName': 'emt-dlfr', 'datasetName': 'mosi', 'num_workers': 4, 'model_save_dir': 'results/mosi/emt-dlfr/run_once/models', 'res_save_dir': 'results/mosi/emt-dlfr/run_once/results', 'gpu_ids': [1], 'missing_rates': array([0. , 0.1, 0.2, 0.3, 0.4, 0.5, 0.6, 0.7, 0.8, 0.9, 1. ]), 'seed': 11111, 'num_seeds': 3, 'exp_name': 'moe-uncertainty', 'diff_missing': None, 'KeyEval': 'Loss', 'save_model': True, 'unified_missing': False, 'use_normalized_data': False, 'seeds': [111, 1111, 11111], 'missing_rate': (0.4, 0.4, 0.4), 'dataPath': '/mnt/HDD2/teng/Master-23/sjc/work2/EMT-DLFR-master-based/MMSA/Datasets/MOSI/Processed/unaligned_50.pkl', 'seq_lens': (50, 375, 500), 'feature_dims': (768, 5, 20), 'train_samples': 1284, 'num_classes': 3, 'language': 'en', 'missing_seed': (111, 1111, 11111), 'data_missing': True, 'deal_missing': False, 'need_data_aligned': False, 'need_model_aligned': False, 'need_normalized': False, 'use_bert': True, 'use_finetune': True, 'save_labels': False, 'early_stop': 8, 'update_epochs': 4, 'batch_size': 32, 'learning_rate_bert': 5e-05, 'learning_rate_audio': 0.001, 'learning_rate_video': 0.0001, 'learning_rate_other': 0.001, 'weight_decay_bert': 0.001, 'weight_decay_audio': 0.01, 'weight_decay_video': 0.001, 'weight_decay_other': 0.001, 'a_lstm_hidden_size': 32, 'v_lstm_hidden_size': 64, 'a_lstm_layers': 1, 'v_lstm_layers': 1, 'text_out': 768, 'audio_out': 16, 'video_out': 32, 'a_lstm_dropout': 0.0, 'v_lstm_dropout': 0.0, 't_bert_dropout': 0.1, 'd_model': 128, 'fusion_layers': 3, 'heads': 4, 'learnable_pos_emb': False, 'emb_dropout': 0.0, 'attn_dropout': 0.2, 'ff_dropout': 0.1, 'ff_expansion': 4, 'mpu_share': True, 'modality_share': True, 'layer_share': True, 'attn_act_fn': 'tanh', 'gmc_tokens_pred_dim': 128, 'text_pred_dim': 256, 'audio_pred_dim': 8, 'video_pred_dim': 16, 'recon_loss': 'SmoothL1Loss', 'loss_attra_weight': 1, 'use_uncertainty_weighted_attra': True, 'use_per_modal_uncertainty_weight': False, 'uncertainty_attra_alpha': 0.05, 'modal_attra_weights': {'gmc': 1.0, 'text': 1, 'audio': 1, 'video': 1}, 'loss_recon_weight': 1, 'uncertainty_reg_weight': 0, 'uncertainty_reg_margin': 5e-05, 'uncertainty_before_weight': 0, 'post_fusion_dim': 256, 'post_fusion_dropout': 0.3, 'H': 3.0, 'K_text': 2, 'K_audio': 4, 'K_video': 4, 'use_uncertainty': False, 'cur_time': 3, 'model_save_path': 'results/mosi/emt-dlfr/run_once/models/emt-dlfr-mosi-regression-mr0.4-11111.pth', 'device': device(type='cuda', index=1), 'tasks': 'M'}>",11111,73.62,73.69,74.09,74.24,38.19,35.28,102.89,57.0,-125.88,103.52
2026-02-11_04-40-44,emt-dlfr,"<Storage{'need_task_scheduling': False, 'is_tune': False, 'train_mode': 'regression', 'modelName': 'emt-dlfr', 'datasetName': 'mosi', 'num_workers': 4, 'model_save_dir': 'results/mosi/emt-dlfr/run_once/models', 'res_save_dir': 'results/mosi/emt-dlfr/run_once/results', 'gpu_ids': [1], 'missing_rates': array([0. , 0.1, 0.2, 0.3, 0.4, 0.5, 0.6, 0.7, 0.8, 0.9, 1. ]), 'seed': 11111, 'num_seeds': 3, 'exp_name': 'moe-uncertainty', 'diff_missing': None, 'KeyEval': 'Loss', 'save_model': True, 'unified_missing': False, 'use_normalized_data': False, 'seeds': [111, 1111, 11111], 'missing_rate': (0.4, 0.4, 0.4), 'dataPath': '/mnt/HDD2/teng/Master-23/sjc/work2/EMT-DLFR-master-based/MMSA/Datasets/MOSI/Processed/unaligned_50.pkl', 'seq_lens': (50, 375, 500), 'feature_dims': (768, 5, 20), 'train_samples': 1284, 'num_classes': 3, 'language': 'en', 'missing_seed': (111, 1111, 11111), 'data_missing': True, 'deal_missing': False, 'need_data_aligned': False, 'need_model_aligned': False, 'need_normalized': False, 'use_bert': True, 'use_finetune': True, 'save_labels': False, 'early_stop': 8, 'update_epochs': 4, 'batch_size': 32, 'learning_rate_bert': 5e-05, 'learning_rate_audio': 0.001, 'learning_rate_video': 0.0001, 'learning_rate_other': 0.001, 'weight_decay_bert': 0.001, 'weight_decay_audio': 0.01, 'weight_decay_video': 0.001, 'weight_decay_other': 0.001, 'a_lstm_hidden_size': 32, 'v_lstm_hidden_size': 64, 'a_lstm_layers': 1, 'v_lstm_layers': 1, 'text_out': 768, 'audio_out': 16, 'video_out': 32, 'a_lstm_dropout': 0.0, 'v_lstm_dropout': 0.0, 't_bert_dropout': 0.1, 'd_model': 128, 'fusion_layers': 3, 'heads': 4, 'learnable_pos_emb': False, 'emb_dropout': 0.0, 'attn_dropout': 0.2, 'ff_dropout': 0.1, 'ff_expansion': 4, 'mpu_share': True, 'modality_share': True, 'layer_share': True, 'attn_act_fn': 'tanh', 'gmc_tokens_pred_dim': 128, 'text_pred_dim': 256, 'audio_pred_dim': 8, 'video_pred_dim': 16, 'recon_loss': 'SmoothL1Loss', 'loss_attra_weight': 1, 'use_uncertainty_weighted_attra': True, 'use_per_modal_uncertainty_weight': False, 'uncertainty_attra_alpha': 0.05, 'modal_attra_weights': {'gmc': 1.0, 'text': 1, 'audio': 1, 'video': 1}, 'loss_recon_weight': 1, 'uncertainty_reg_weight': 0, 'uncertainty_reg_margin': 5e-05, 'uncertainty_before_weight': 0, 'post_fusion_dim': 256, 'post_fusion_dropout': 0.3, 'H': 3.0, 'K_text': 2, 'K_audio': 4, 'K_video': 4, 'use_uncertainty': False, 'cur_time': 3, 'model_save_path': 'results/mosi/emt-dlfr/run_once/models/emt-dlfr-mosi-regression-mr0.4-11111.pth', 'device': device(type='cuda', index=1), 'tasks': 'M'}>",<mean/std>,"(72.89, 0.83)","(72.91, 0.82)","(73.73, 0.73)","(73.83, 0.7)","(35.81, 1.76)","(32.65, 1.89)","(104.74, 1.66)","(55.77, 1.05)","(-129.3, 10.2)","(104.83, 1.73)"
2026-02-11_04-40-44,emt-dlfr,"<Storage{'need_task_scheduling': False, 'is_tune': False, 'train_mode': 'regression', 'modelName': 'emt-dlfr', 'datasetName': 'mosi', 'num_workers': 4, 'model_save_dir': 'results/mosi/emt-dlfr/run_once/models', 'res_save_dir': 'results/mosi/emt-dlfr/run_once/results', 'gpu_ids': [1], 'missing_rates': array([0. , 0.1, 0.2, 0.3, 0.4, 0.5, 0.6, 0.7, 0.8, 0.9, 1. ]), 'seed': 11111, 'num_seeds': 3, 'exp_name': 'moe-uncertainty', 'diff_missing': None, 'KeyEval': 'Loss', 'save_model': True, 'unified_missing': False, 'use_normalized_data': False, 'seeds': [111, 1111, 11111], 'missing_rate': (0.4, 0.4, 0.4), 'dataPath': '/mnt/HDD2/teng/Master-23/sjc/work2/EMT-DLFR-master-based/MMSA/Datasets/MOSI/Processed/unaligned_50.pkl', 'seq_lens': (50, 375, 500), 'feature_dims': (768, 5, 20), 'train_samples': 1284, 'num_classes': 3, 'language': 'en', 'missing_seed': (111, 1111, 11111), 'data_missing': True, 'deal_missing': False, 'need_data_aligned': False, 'need_model_aligned': False, 'need_normalized': False, 'use_bert': True, 'use_finetune': True, 'save_labels': False, 'early_stop': 8, 'update_epochs': 4, 'batch_size': 32, 'learning_rate_bert': 5e-05, 'learning_rate_audio': 0.001, 'learning_rate_video': 0.0001, 'learning_rate_other': 0.001, 'weight_decay_bert': 0.001, 'weight_decay_audio': 0.01, 'weight_decay_video': 0.001, 'weight_decay_other': 0.001, 'a_lstm_hidden_size': 32, 'v_lstm_hidden_size': 64, 'a_lstm_layers': 1, 'v_lstm_layers': 1, 'text_out': 768, 'audio_out': 16, 'video_out': 32, 'a_lstm_dropout': 0.0, 'v_lstm_dropout': 0.0, 't_bert_dropout': 0.1, 'd_model': 128, 'fusion_layers': 3, 'heads': 4, 'learnable_pos_emb': False, 'emb_dropout': 0.0, 'attn_dropout': 0.2, 'ff_dropout': 0.1, 'ff_expansion': 4, 'mpu_share': True, 'modality_share': True, 'layer_share': True, 'attn_act_fn': 'tanh', 'gmc_tokens_pred_dim': 128, 'text_pred_dim': 256, 'audio_pred_dim': 8, 'video_pred_dim': 16, 'recon_loss': 'SmoothL1Loss', 'loss_attra_weight': 1, 'use_uncertainty_weighted_attra': True, 'use_per_modal_uncertainty_weight': False, 'uncertainty_attra_alpha': 0.05, 'modal_attra_weights': {'gmc': 1.0, 'text': 1, 'audio': 1, 'video': 1}, 'loss_recon_weight': 1, 'uncertainty_reg_weight': 0, 'uncertainty_reg_margin': 5e-05, 'uncertainty_before_weight': 0, 'post_fusion_dim': 256, 'post_fusion_dropout': 0.3, 'H': 3.0, 'K_text': 2, 'K_audio': 4, 'K_video': 4, 'use_uncertainty': False, 'cur_time': 3, 'model_save_path': 'results/mosi/emt-dlfr/run_once/models/emt-dlfr-mosi-regression-mr0.4-11111.pth', 'device': device(type='cuda', index=1), 'tasks': 'M'}>",<max/seed>,"(73.62, 11111)","(73.69, 11111)","(74.39, 1111)","(74.41, 1111)","(38.19, 11111)","(35.28, 11111)","(106.91, 111)","(57.0, 11111)","(-118.88, 111)","(107.28, 111)"
2026-02-11_04-40-44,emt-dlfr,"<Storage{'need_task_scheduling': False, 'is_tune': False, 'train_mode': 'regression', 'modelName': 'emt-dlfr', 'datasetName': 'mosi', 'num_workers': 4, 'model_save_dir': 'results/mosi/emt-dlfr/run_once/models', 'res_save_dir': 'results/mosi/emt-dlfr/run_once/results', 'gpu_ids': [1], 'missing_rates': array([0. , 0.1, 0.2, 0.3, 0.4, 0.5, 0.6, 0.7, 0.8, 0.9, 1. ]), 'seed': 11111, 'num_seeds': 3, 'exp_name': 'moe-uncertainty', 'diff_missing': None, 'KeyEval': 'Loss', 'save_model': True, 'unified_missing': False, 'use_normalized_data': False, 'seeds': [111, 1111, 11111], 'missing_rate': (0.4, 0.4, 0.4), 'dataPath': '/mnt/HDD2/teng/Master-23/sjc/work2/EMT-DLFR-master-based/MMSA/Datasets/MOSI/Processed/unaligned_50.pkl', 'seq_lens': (50, 375, 500), 'feature_dims': (768, 5, 20), 'train_samples': 1284, 'num_classes': 3, 'language': 'en', 'missing_seed': (111, 1111, 11111), 'data_missing': True, 'deal_missing': False, 'need_data_aligned': False, 'need_model_aligned': False, 'need_normalized': False, 'use_bert': True, 'use_finetune': True, 'save_labels': False, 'early_stop': 8, 'update_epochs': 4, 'batch_size': 32, 'learning_rate_bert': 5e-05, 'learning_rate_audio': 0.001, 'learning_rate_video': 0.0001, 'learning_rate_other': 0.001, 'weight_decay_bert': 0.001, 'weight_decay_audio': 0.01, 'weight_decay_video': 0.001, 'weight_decay_other': 0.001, 'a_lstm_hidden_size': 32, 'v_lstm_hidden_size': 64, 'a_lstm_layers': 1, 'v_lstm_layers': 1, 'text_out': 768, 'audio_out': 16, 'video_out': 32, 'a_lstm_dropout': 0.0, 'v_lstm_dropout': 0.0, 't_bert_dropout': 0.1, 'd_model': 128, 'fusion_layers': 3, 'heads': 4, 'learnable_pos_emb': False, 'emb_dropout': 0.0, 'attn_dropout': 0.2, 'ff_dropout': 0.1, 'ff_expansion': 4, 'mpu_share': True, 'modality_share': True, 'layer_share': True, 'attn_act_fn': 'tanh', 'gmc_tokens_pred_dim': 128, 'text_pred_dim': 256, 'audio_pred_dim': 8, 'video_pred_dim': 16, 'recon_loss': 'SmoothL1Loss', 'loss_attra_weight': 1, 'use_uncertainty_weighted_attra': True, 'use_per_modal_uncertainty_weight': False, 'uncertainty_attra_alpha': 0.05, 'modal_attra_weights': {'gmc': 1.0, 'text': 1, 'audio': 1, 'video': 1}, 'loss_recon_weight': 1, 'uncertainty_reg_weight': 0, 'uncertainty_reg_margin': 5e-05, 'uncertainty_before_weight': 0, 'post_fusion_dim': 256, 'post_fusion_dropout': 0.3, 'H': 3.0, 'K_text': 2, 'K_audio': 4, 'K_video': 4, 'use_uncertainty': False, 'cur_time': 3, 'model_save_path': 'results/mosi/emt-dlfr/run_once/models/emt-dlfr-mosi-regression-mr0.4-11111.pth', 'device': device(type='cuda', index=1), 'tasks': 'M'}>",<min/seed>,"(71.72, 111)","(71.77, 111)","(72.71, 111)","(72.85, 111)","(33.97, 1111)","(30.9, 1111)","(102.89, 11111)","(54.43, 111)","(-143.15, 1111)","(103.52, 11111)"
2026-02-11_09-49-05,emt-dlfr,"<Storage{'need_task_scheduling': False, 'is_tune': False, 'train_mode': 'regression', 'modelName': 'emt-dlfr', 'datasetName': 'mosi', 'num_workers': 4, 'model_save_dir': 'results/mosi/emt-dlfr/run_once/models', 'res_save_dir': 'results/mosi/emt-dlfr/run_once/results', 'gpu_ids': [1], 'missing_rates': array([0. , 0.1, 0.2, 0.3, 0.4, 0.5, 0.6, 0.7, 0.8, 0.9, 1. ]), 'seed': 11111, 'num_seeds': 3, 'exp_name': 'moe-uncertainty', 'diff_missing': None, 'KeyEval': 'Loss', 'save_model': True, 'unified_missing': False, 'use_normalized_data': False, 'seeds': [111, 1111, 11111], 'missing_rate': (0.4, 0.4, 0.4), 'dataPath': '/mnt/HDD2/teng/Master-23/sjc/work2/EMT-DLFR-master-based/MMSA/Datasets/MOSI/Processed/unaligned_50.pkl', 'seq_lens': (50, 375, 500), 'feature_dims': (768, 5, 20), 'train_samples': 1284, 'num_classes': 3, 'language': 'en', 'missing_seed': (111, 1111, 11111), 'data_missing': True, 'deal_missing': False, 'need_data_aligned': False, 'need_model_aligned': False, 'need_normalized': False, 'use_bert': True, 'use_finetune': True, 'save_labels': False, 'early_stop': 8, 'update_epochs': 4, 'batch_size': 32, 'learning_rate_bert': 5e-05, 'learning_rate_audio': 0.001, 'learning_rate_video': 0.0001, 'learning_rate_other': 0.001, 'weight_decay_bert': 0.001, 'weight_decay_audio': 0.01, 'weight_decay_video': 0.001, 'weight_decay_other': 0.001, 'a_lstm_hidden_size': 32, 'v_lstm_hidden_size': 64, 'a_lstm_layers': 1, 'v_lstm_layers': 1, 'text_out': 768, 'audio_out': 16, 'video_out': 32, 'a_lstm_dropout': 0.0, 'v_lstm_dropout': 0.0, 't_bert_dropout': 0.1, 'd_model': 128, 'fusion_layers': 3, 'heads': 4, 'learnable_pos_emb': False, 'emb_dropout': 0.0, 'attn_dropout': 0.2, 'ff_dropout': 0.1, 'ff_expansion': 4, 'mpu_share': True, 'modality_share': True, 'layer_share': True, 'attn_act_fn': 'tanh', 'gmc_tokens_pred_dim': 128, 'text_pred_dim': 256, 'audio_pred_dim': 8, 'video_pred_dim': 16, 'recon_loss': 'SmoothL1Loss', 'loss_attra_weight': 1, 'use_uncertainty_weighted_attra': True, 'use_per_modal_uncertainty_weight': True, 'uncertainty_attra_alpha': 0.05, 'modal_attra_weights': {'gmc': 1.0, 'text': 1.0, 'audio': 1.0, 'video': 1.0}, 'loss_recon_weight': 1, 'uncertainty_reg_weight': 0, 'uncertainty_reg_margin': 1e-05, 'uncertainty_before_weight': 0, 'K_text': 2, 'K_audio': 2, 'K_video': 2, 'post_fusion_dim': 256, 'post_fusion_dropout': 0.3, 'H': 3.0, 'cur_time': 3, 'model_save_path': 'results/mosi/emt-dlfr/run_once/models/emt-dlfr-mosi-regression-mr0.4-11111.pth', 'device': device(type='cuda', index=1), 'tasks': 'M'}>",111,71.43,71.49,72.26,72.4,32.8,29.3,107.83,53.9,131.37,108.39
2026-02-11_09-49-05,emt-dlfr,"<Storage{'need_task_scheduling': False, 'is_tune': False, 'train_mode': 'regression', 'modelName': 'emt-dlfr', 'datasetName': 'mosi', 'num_workers': 4, 'model_save_dir': 'results/mosi/emt-dlfr/run_once/models', 'res_save_dir': 'results/mosi/emt-dlfr/run_once/results', 'gpu_ids': [1], 'missing_rates': array([0. , 0.1, 0.2, 0.3, 0.4, 0.5, 0.6, 0.7, 0.8, 0.9, 1. ]), 'seed': 11111, 'num_seeds': 3, 'exp_name': 'moe-uncertainty', 'diff_missing': None, 'KeyEval': 'Loss', 'save_model': True, 'unified_missing': False, 'use_normalized_data': False, 'seeds': [111, 1111, 11111], 'missing_rate': (0.4, 0.4, 0.4), 'dataPath': '/mnt/HDD2/teng/Master-23/sjc/work2/EMT-DLFR-master-based/MMSA/Datasets/MOSI/Processed/unaligned_50.pkl', 'seq_lens': (50, 375, 500), 'feature_dims': (768, 5, 20), 'train_samples': 1284, 'num_classes': 3, 'language': 'en', 'missing_seed': (111, 1111, 11111), 'data_missing': True, 'deal_missing': False, 'need_data_aligned': False, 'need_model_aligned': False, 'need_normalized': False, 'use_bert': True, 'use_finetune': True, 'save_labels': False, 'early_stop': 8, 'update_epochs': 4, 'batch_size': 32, 'learning_rate_bert': 5e-05, 'learning_rate_audio': 0.001, 'learning_rate_video': 0.0001, 'learning_rate_other': 0.001, 'weight_decay_bert': 0.001, 'weight_decay_audio': 0.01, 'weight_decay_video': 0.001, 'weight_decay_other': 0.001, 'a_lstm_hidden_size': 32, 'v_lstm_hidden_size': 64, 'a_lstm_layers': 1, 'v_lstm_layers': 1, 'text_out': 768, 'audio_out': 16, 'video_out': 32, 'a_lstm_dropout': 0.0, 'v_lstm_dropout': 0.0, 't_bert_dropout': 0.1, 'd_model': 128, 'fusion_layers': 3, 'heads': 4, 'learnable_pos_emb': False, 'emb_dropout': 0.0, 'attn_dropout': 0.2, 'ff_dropout': 0.1, 'ff_expansion': 4, 'mpu_share': True, 'modality_share': True, 'layer_share': True, 'attn_act_fn': 'tanh', 'gmc_tokens_pred_dim': 128, 'text_pred_dim': 256, 'audio_pred_dim': 8, 'video_pred_dim': 16, 'recon_loss': 'SmoothL1Loss', 'loss_attra_weight': 1, 'use_uncertainty_weighted_attra': True, 'use_per_modal_uncertainty_weight': True, 'uncertainty_attra_alpha': 0.05, 'modal_attra_weights': {'gmc': 1.0, 'text': 1.0, 'audio': 1.0, 'video': 1.0}, 'loss_recon_weight': 1, 'uncertainty_reg_weight': 0, 'uncertainty_reg_margin': 1e-05, 'uncertainty_before_weight': 0, 'K_text': 2, 'K_audio': 2, 'K_video': 2, 'post_fusion_dim': 256, 'post_fusion_dropout': 0.3, 'H': 3.0, 'cur_time': 3, 'model_save_path': 'results/mosi/emt-dlfr/run_once/models/emt-dlfr-mosi-regression-mr0.4-11111.pth', 'device': device(type='cuda', index=1), 'tasks': 'M'}>",1111,72.45,72.52,73.02,73.17,29.88,28.13,108.0,53.71,133.57,107.96
2026-02-11_09-49-05,emt-dlfr,"<Storage{'need_task_scheduling': False, 'is_tune': False, 'train_mode': 'regression', 'modelName': 'emt-dlfr', 'datasetName': 'mosi', 'num_workers': 4, 'model_save_dir': 'results/mosi/emt-dlfr/run_once/models', 'res_save_dir': 'results/mosi/emt-dlfr/run_once/results', 'gpu_ids': [1], 'missing_rates': array([0. , 0.1, 0.2, 0.3, 0.4, 0.5, 0.6, 0.7, 0.8, 0.9, 1. ]), 'seed': 11111, 'num_seeds': 3, 'exp_name': 'moe-uncertainty', 'diff_missing': None, 'KeyEval': 'Loss', 'save_model': True, 'unified_missing': False, 'use_normalized_data': False, 'seeds': [111, 1111, 11111], 'missing_rate': (0.4, 0.4, 0.4), 'dataPath': '/mnt/HDD2/teng/Master-23/sjc/work2/EMT-DLFR-master-based/MMSA/Datasets/MOSI/Processed/unaligned_50.pkl', 'seq_lens': (50, 375, 500), 'feature_dims': (768, 5, 20), 'train_samples': 1284, 'num_classes': 3, 'language': 'en', 'missing_seed': (111, 1111, 11111), 'data_missing': True, 'deal_missing': False, 'need_data_aligned': False, 'need_model_aligned': False, 'need_normalized': False, 'use_bert': True, 'use_finetune': True, 'save_labels': False, 'early_stop': 8, 'update_epochs': 4, 'batch_size': 32, 'learning_rate_bert': 5e-05, 'learning_rate_audio': 0.001, 'learning_rate_video': 0.0001, 'learning_rate_other': 0.001, 'weight_decay_bert': 0.001, 'weight_decay_audio': 0.01, 'weight_decay_video': 0.001, 'weight_decay_other': 0.001, 'a_lstm_hidden_size': 32, 'v_lstm_hidden_size': 64, 'a_lstm_layers': 1, 'v_lstm_layers': 1, 'text_out': 768, 'audio_out': 16, 'video_out': 32, 'a_lstm_dropout': 0.0, 'v_lstm_dropout': 0.0, 't_bert_dropout': 0.1, 'd_model': 128, 'fusion_layers': 3, 'heads': 4, 'learnable_pos_emb': False, 'emb_dropout': 0.0, 'attn_dropout': 0.2, 'ff_dropout': 0.1, 'ff_expansion': 4, 'mpu_share': True, 'modality_share': True, 'layer_share': True, 'attn_act_fn': 'tanh', 'gmc_tokens_pred_dim': 128, 'text_pred_dim': 256, 'audio_pred_dim': 8, 'video_pred_dim': 16, 'recon_loss': 'SmoothL1Loss', 'loss_attra_weight': 1, 'use_uncertainty_weighted_attra': True, 'use_per_modal_uncertainty_weight': True, 'uncertainty_attra_alpha': 0.05, 'modal_attra_weights': {'gmc': 1.0, 'text': 1.0, 'audio': 1.0, 'video': 1.0}, 'loss_recon_weight': 1, 'uncertainty_reg_weight': 0, 'uncertainty_reg_margin': 1e-05, 'uncertainty_before_weight': 0, 'K_text': 2, 'K_audio': 2, 'K_video': 2, 'post_fusion_dim': 256, 'post_fusion_dropout': 0.3, 'H': 3.0, 'cur_time': 3, 'model_save_path': 'results/mosi/emt-dlfr/run_once/models/emt-dlfr-mosi-regression-mr0.4-11111.pth', 'device': device(type='cuda', index=1), 'tasks': 'M'}>",11111,70.12,70.2,70.27,70.45,30.9,28.43,115.22,51.32,141.1,114.72
2026-02-11_09-49-05,emt-dlfr,"<Storage{'need_task_scheduling': False, 'is_tune': False, 'train_mode': 'regression', 'modelName': 'emt-dlfr', 'datasetName': 'mosi', 'num_workers': 4, 'model_save_dir': 'results/mosi/emt-dlfr/run_once/models', 'res_save_dir': 'results/mosi/emt-dlfr/run_once/results', 'gpu_ids': [1], 'missing_rates': array([0. , 0.1, 0.2, 0.3, 0.4, 0.5, 0.6, 0.7, 0.8, 0.9, 1. ]), 'seed': 11111, 'num_seeds': 3, 'exp_name': 'moe-uncertainty', 'diff_missing': None, 'KeyEval': 'Loss', 'save_model': True, 'unified_missing': False, 'use_normalized_data': False, 'seeds': [111, 1111, 11111], 'missing_rate': (0.4, 0.4, 0.4), 'dataPath': '/mnt/HDD2/teng/Master-23/sjc/work2/EMT-DLFR-master-based/MMSA/Datasets/MOSI/Processed/unaligned_50.pkl', 'seq_lens': (50, 375, 500), 'feature_dims': (768, 5, 20), 'train_samples': 1284, 'num_classes': 3, 'language': 'en', 'missing_seed': (111, 1111, 11111), 'data_missing': True, 'deal_missing': False, 'need_data_aligned': False, 'need_model_aligned': False, 'need_normalized': False, 'use_bert': True, 'use_finetune': True, 'save_labels': False, 'early_stop': 8, 'update_epochs': 4, 'batch_size': 32, 'learning_rate_bert': 5e-05, 'learning_rate_audio': 0.001, 'learning_rate_video': 0.0001, 'learning_rate_other': 0.001, 'weight_decay_bert': 0.001, 'weight_decay_audio': 0.01, 'weight_decay_video': 0.001, 'weight_decay_other': 0.001, 'a_lstm_hidden_size': 32, 'v_lstm_hidden_size': 64, 'a_lstm_layers': 1, 'v_lstm_layers': 1, 'text_out': 768, 'audio_out': 16, 'video_out': 32, 'a_lstm_dropout': 0.0, 'v_lstm_dropout': 0.0, 't_bert_dropout': 0.1, 'd_model': 128, 'fusion_layers': 3, 'heads': 4, 'learnable_pos_emb': False, 'emb_dropout': 0.0, 'attn_dropout': 0.2, 'ff_dropout': 0.1, 'ff_expansion': 4, 'mpu_share': True, 'modality_share': True, 'layer_share': True, 'attn_act_fn': 'tanh', 'gmc_tokens_pred_dim': 128, 'text_pred_dim': 256, 'audio_pred_dim': 8, 'video_pred_dim': 16, 'recon_loss': 'SmoothL1Loss', 'loss_attra_weight': 1, 'use_uncertainty_weighted_attra': True, 'use_per_modal_uncertainty_weight': True, 'uncertainty_attra_alpha': 0.05, 'modal_attra_weights': {'gmc': 1.0, 'text': 1.0, 'audio': 1.0, 'video': 1.0}, 'loss_recon_weight': 1, 'uncertainty_reg_weight': 0, 'uncertainty_reg_margin': 1e-05, 'uncertainty_before_weight': 0, 'K_text': 2, 'K_audio': 2, 'K_video': 2, 'post_fusion_dim': 256, 'post_fusion_dropout': 0.3, 'H': 3.0, 'cur_time': 3, 'model_save_path': 'results/mosi/emt-dlfr/run_once/models/emt-dlfr-mosi-regression-mr0.4-11111.pth', 'device': device(type='cuda', index=1), 'tasks': 'M'}>",<mean/std>,"(71.33, 0.95)","(71.4, 0.95)","(71.85, 1.16)","(72.01, 1.14)","(31.19, 1.21)","(28.62, 0.5)","(110.35, 3.44)","(52.98, 1.17)","(135.35, 4.17)","(110.36, 3.09)"
2026-02-11_09-49-05,emt-dlfr,"<Storage{'need_task_scheduling': False, 'is_tune': False, 'train_mode': 'regression', 'modelName': 'emt-dlfr', 'datasetName': 'mosi', 'num_workers': 4, 'model_save_dir': 'results/mosi/emt-dlfr/run_once/models', 'res_save_dir': 'results/mosi/emt-dlfr/run_once/results', 'gpu_ids': [1], 'missing_rates': array([0. , 0.1, 0.2, 0.3, 0.4, 0.5, 0.6, 0.7, 0.8, 0.9, 1. ]), 'seed': 11111, 'num_seeds': 3, 'exp_name': 'moe-uncertainty', 'diff_missing': None, 'KeyEval': 'Loss', 'save_model': True, 'unified_missing': False, 'use_normalized_data': False, 'seeds': [111, 1111, 11111], 'missing_rate': (0.4, 0.4, 0.4), 'dataPath': '/mnt/HDD2/teng/Master-23/sjc/work2/EMT-DLFR-master-based/MMSA/Datasets/MOSI/Processed/unaligned_50.pkl', 'seq_lens': (50, 375, 500), 'feature_dims': (768, 5, 20), 'train_samples': 1284, 'num_classes': 3, 'language': 'en', 'missing_seed': (111, 1111, 11111), 'data_missing': True, 'deal_missing': False, 'need_data_aligned': False, 'need_model_aligned': False, 'need_normalized': False, 'use_bert': True, 'use_finetune': True, 'save_labels': False, 'early_stop': 8, 'update_epochs': 4, 'batch_size': 32, 'learning_rate_bert': 5e-05, 'learning_rate_audio': 0.001, 'learning_rate_video': 0.0001, 'learning_rate_other': 0.001, 'weight_decay_bert': 0.001, 'weight_decay_audio': 0.01, 'weight_decay_video': 0.001, 'weight_decay_other': 0.001, 'a_lstm_hidden_size': 32, 'v_lstm_hidden_size': 64, 'a_lstm_layers': 1, 'v_lstm_layers': 1, 'text_out': 768, 'audio_out': 16, 'video_out': 32, 'a_lstm_dropout': 0.0, 'v_lstm_dropout': 0.0, 't_bert_dropout': 0.1, 'd_model': 128, 'fusion_layers': 3, 'heads': 4, 'learnable_pos_emb': False, 'emb_dropout': 0.0, 'attn_dropout': 0.2, 'ff_dropout': 0.1, 'ff_expansion': 4, 'mpu_share': True, 'modality_share': True, 'layer_share': True, 'attn_act_fn': 'tanh', 'gmc_tokens_pred_dim': 128, 'text_pred_dim': 256, 'audio_pred_dim': 8, 'video_pred_dim': 16, 'recon_loss': 'SmoothL1Loss', 'loss_attra_weight': 1, 'use_uncertainty_weighted_attra': True, 'use_per_modal_uncertainty_weight': True, 'uncertainty_attra_alpha': 0.05, 'modal_attra_weights': {'gmc': 1.0, 'text': 1.0, 'audio': 1.0, 'video': 1.0}, 'loss_recon_weight': 1, 'uncertainty_reg_weight': 0, 'uncertainty_reg_margin': 1e-05, 'uncertainty_before_weight': 0, 'K_text': 2, 'K_audio': 2, 'K_video': 2, 'post_fusion_dim': 256, 'post_fusion_dropout': 0.3, 'H': 3.0, 'cur_time': 3, 'model_save_path': 'results/mosi/emt-dlfr/run_once/models/emt-dlfr-mosi-regression-mr0.4-11111.pth', 'device': device(type='cuda', index=1), 'tasks': 'M'}>",<max/seed>,"(72.45, 1111)","(72.52, 1111)","(73.02, 1111)","(73.17, 1111)","(32.8, 111)","(29.3, 111)","(115.22, 11111)","(53.9, 111)","(141.1, 11111)","(114.72, 11111)"
2026-02-11_09-49-05,emt-dlfr,"<Storage{'need_task_scheduling': False, 'is_tune': False, 'train_mode': 'regression', 'modelName': 'emt-dlfr', 'datasetName': 'mosi', 'num_workers': 4, 'model_save_dir': 'results/mosi/emt-dlfr/run_once/models', 'res_save_dir': 'results/mosi/emt-dlfr/run_once/results', 'gpu_ids': [1], 'missing_rates': array([0. , 0.1, 0.2, 0.3, 0.4, 0.5, 0.6, 0.7, 0.8, 0.9, 1. ]), 'seed': 11111, 'num_seeds': 3, 'exp_name': 'moe-uncertainty', 'diff_missing': None, 'KeyEval': 'Loss', 'save_model': True, 'unified_missing': False, 'use_normalized_data': False, 'seeds': [111, 1111, 11111], 'missing_rate': (0.4, 0.4, 0.4), 'dataPath': '/mnt/HDD2/teng/Master-23/sjc/work2/EMT-DLFR-master-based/MMSA/Datasets/MOSI/Processed/unaligned_50.pkl', 'seq_lens': (50, 375, 500), 'feature_dims': (768, 5, 20), 'train_samples': 1284, 'num_classes': 3, 'language': 'en', 'missing_seed': (111, 1111, 11111), 'data_missing': True, 'deal_missing': False, 'need_data_aligned': False, 'need_model_aligned': False, 'need_normalized': False, 'use_bert': True, 'use_finetune': True, 'save_labels': False, 'early_stop': 8, 'update_epochs': 4, 'batch_size': 32, 'learning_rate_bert': 5e-05, 'learning_rate_audio': 0.001, 'learning_rate_video': 0.0001, 'learning_rate_other': 0.001, 'weight_decay_bert': 0.001, 'weight_decay_audio': 0.01, 'weight_decay_video': 0.001, 'weight_decay_other': 0.001, 'a_lstm_hidden_size': 32, 'v_lstm_hidden_size': 64, 'a_lstm_layers': 1, 'v_lstm_layers': 1, 'text_out': 768, 'audio_out': 16, 'video_out': 32, 'a_lstm_dropout': 0.0, 'v_lstm_dropout': 0.0, 't_bert_dropout': 0.1, 'd_model': 128, 'fusion_layers': 3, 'heads': 4, 'learnable_pos_emb': False, 'emb_dropout': 0.0, 'attn_dropout': 0.2, 'ff_dropout': 0.1, 'ff_expansion': 4, 'mpu_share': True, 'modality_share': True, 'layer_share': True, 'attn_act_fn': 'tanh', 'gmc_tokens_pred_dim': 128, 'text_pred_dim': 256, 'audio_pred_dim': 8, 'video_pred_dim': 16, 'recon_loss': 'SmoothL1Loss', 'loss_attra_weight': 1, 'use_uncertainty_weighted_attra': True, 'use_per_modal_uncertainty_weight': True, 'uncertainty_attra_alpha': 0.05, 'modal_attra_weights': {'gmc': 1.0, 'text': 1.0, 'audio': 1.0, 'video': 1.0}, 'loss_recon_weight': 1, 'uncertainty_reg_weight': 0, 'uncertainty_reg_margin': 1e-05, 'uncertainty_before_weight': 0, 'K_text': 2, 'K_audio': 2, 'K_video': 2, 'post_fusion_dim': 256, 'post_fusion_dropout': 0.3, 'H': 3.0, 'cur_time': 3, 'model_save_path': 'results/mosi/emt-dlfr/run_once/models/emt-dlfr-mosi-regression-mr0.4-11111.pth', 'device': device(type='cuda', index=1), 'tasks': 'M'}>",<min/seed>,"(70.12, 11111)","(70.2, 11111)","(70.27, 11111)","(70.45, 11111)","(29.88, 1111)","(28.13, 1111)","(107.83, 111)","(51.32, 11111)","(131.37, 111)","(107.96, 1111)"
2026-02-11_17-44-15,emt-dlfr,"<Storage{'need_task_scheduling': False, 'is_tune': False, 'train_mode': 'regression', 'modelName': 'emt-dlfr', 'datasetName': 'mosi', 'num_workers': 4, 'model_save_dir': 'results/mosi/emt-dlfr/run_once/models', 'res_save_dir': 'results/mosi/emt-dlfr/run_once/results', 'gpu_ids': [1], 'missing_rates': array([0. , 0.1, 0.2, 0.3, 0.4, 0.5, 0.6, 0.7, 0.8, 0.9, 1. ]), 'seed': 11111, 'num_seeds': 3, 'exp_name': 'moe-uncertainty', 'diff_missing': None, 'KeyEval': 'Loss', 'save_model': True, 'unified_missing': False, 'use_normalized_data': False, 'seeds': [111, 1111, 11111], 'missing_rate': (0.4, 0.4, 0.4), 'dataPath': '/mnt/HDD2/teng/Master-23/sjc/work2/EMT-DLFR-master-based/MMSA/Datasets/MOSI/Processed/unaligned_50.pkl', 'seq_lens': (50, 375, 500), 'feature_dims': (768, 5, 20), 'train_samples': 1284, 'num_classes': 3, 'language': 'en', 'missing_seed': (111, 1111, 11111), 'data_missing': True, 'deal_missing': False, 'need_data_aligned': False, 'need_model_aligned': False, 'need_normalized': False, 'use_bert': True, 'use_finetune': True, 'save_labels': False, 'early_stop': 8, 'update_epochs': 4, 'batch_size': 32, 'learning_rate_bert': 5e-05, 'learning_rate_audio': 0.001, 'learning_rate_video': 0.0001, 'learning_rate_other': 0.001, 'weight_decay_bert': 0.001, 'weight_decay_audio': 0.01, 'weight_decay_video': 0.001, 'weight_decay_other': 0.001, 'a_lstm_hidden_size': 32, 'v_lstm_hidden_size': 64, 'a_lstm_layers': 1, 'v_lstm_layers': 1, 'text_out': 768, 'audio_out': 16, 'video_out': 32, 'a_lstm_dropout': 0.0, 'v_lstm_dropout': 0.0, 't_bert_dropout': 0.1, 'd_model': 128, 'fusion_layers': 3, 'heads': 4, 'learnable_pos_emb': False, 'emb_dropout': 0.0, 'attn_dropout': 0.2, 'ff_dropout': 0.1, 'ff_expansion': 4, 'mpu_share': True, 'modality_share': True, 'layer_share': True, 'attn_act_fn': 'tanh', 'gmc_tokens_pred_dim': 128, 'text_pred_dim': 256, 'audio_pred_dim': 8, 'video_pred_dim': 16, 'recon_loss': 'SmoothL1Loss', 'loss_attra_weight': 1, 'use_uncertainty_weighted_attra': False, 'use_per_modal_uncertainty_weight': True, 'uncertainty_attra_alpha': 0.05, 'modal_attra_weights': {'gmc': 1.0, 'text': 1.0, 'audio': 1.0, 'video': 1.0}, 'loss_recon_weight': 1, 'uncertainty_reg_weight': 0.3, 'uncertainty_reg_margin': 1e-05, 'uncertainty_before_weight': 0, 'K_text': 8, 'K_audio': 8, 'K_video': 8, 'post_fusion_dim': 256, 'post_fusion_dropout': 0.3, 'H': 3.0, 'cur_time': 3, 'model_save_path': 'results/mosi/emt-dlfr/run_once/models/emt-dlfr-mosi-regression-mr0.4-11111.pth', 'device': device(type='cuda', index=1), 'tasks': 'M'}>",111,73.32,73.33,74.24,74.32,36.73,32.94,103.04,55.13,127.03,103.4
2026-02-11_17-44-15,emt-dlfr,"<Storage{'need_task_scheduling': False, 'is_tune': False, 'train_mode': 'regression', 'modelName': 'emt-dlfr', 'datasetName': 'mosi', 'num_workers': 4, 'model_save_dir': 'results/mosi/emt-dlfr/run_once/models', 'res_save_dir': 'results/mosi/emt-dlfr/run_once/results', 'gpu_ids': [1], 'missing_rates': array([0. , 0.1, 0.2, 0.3, 0.4, 0.5, 0.6, 0.7, 0.8, 0.9, 1. ]), 'seed': 11111, 'num_seeds': 3, 'exp_name': 'moe-uncertainty', 'diff_missing': None, 'KeyEval': 'Loss', 'save_model': True, 'unified_missing': False, 'use_normalized_data': False, 'seeds': [111, 1111, 11111], 'missing_rate': (0.4, 0.4, 0.4), 'dataPath': '/mnt/HDD2/teng/Master-23/sjc/work2/EMT-DLFR-master-based/MMSA/Datasets/MOSI/Processed/unaligned_50.pkl', 'seq_lens': (50, 375, 500), 'feature_dims': (768, 5, 20), 'train_samples': 1284, 'num_classes': 3, 'language': 'en', 'missing_seed': (111, 1111, 11111), 'data_missing': True, 'deal_missing': False, 'need_data_aligned': False, 'need_model_aligned': False, 'need_normalized': False, 'use_bert': True, 'use_finetune': True, 'save_labels': False, 'early_stop': 8, 'update_epochs': 4, 'batch_size': 32, 'learning_rate_bert': 5e-05, 'learning_rate_audio': 0.001, 'learning_rate_video': 0.0001, 'learning_rate_other': 0.001, 'weight_decay_bert': 0.001, 'weight_decay_audio': 0.01, 'weight_decay_video': 0.001, 'weight_decay_other': 0.001, 'a_lstm_hidden_size': 32, 'v_lstm_hidden_size': 64, 'a_lstm_layers': 1, 'v_lstm_layers': 1, 'text_out': 768, 'audio_out': 16, 'video_out': 32, 'a_lstm_dropout': 0.0, 'v_lstm_dropout': 0.0, 't_bert_dropout': 0.1, 'd_model': 128, 'fusion_layers': 3, 'heads': 4, 'learnable_pos_emb': False, 'emb_dropout': 0.0, 'attn_dropout': 0.2, 'ff_dropout': 0.1, 'ff_expansion': 4, 'mpu_share': True, 'modality_share': True, 'layer_share': True, 'attn_act_fn': 'tanh', 'gmc_tokens_pred_dim': 128, 'text_pred_dim': 256, 'audio_pred_dim': 8, 'video_pred_dim': 16, 'recon_loss': 'SmoothL1Loss', 'loss_attra_weight': 1, 'use_uncertainty_weighted_attra': False, 'use_per_modal_uncertainty_weight': True, 'uncertainty_attra_alpha': 0.05, 'modal_attra_weights': {'gmc': 1.0, 'text': 1.0, 'audio': 1.0, 'video': 1.0}, 'loss_recon_weight': 1, 'uncertainty_reg_weight': 0.3, 'uncertainty_reg_margin': 1e-05, 'uncertainty_before_weight': 0, 'K_text': 8, 'K_audio': 8, 'K_video': 8, 'post_fusion_dim': 256, 'post_fusion_dropout': 0.3, 'H': 3.0, 'cur_time': 3, 'model_save_path': 'results/mosi/emt-dlfr/run_once/models/emt-dlfr-mosi-regression-mr0.4-11111.pth', 'device': device(type='cuda', index=1), 'tasks': 'M'}>",1111,72.59,72.67,73.32,73.48,34.84,30.76,105.87,55.09,130.19,105.21
2026-02-11_17-44-15,emt-dlfr,"<Storage{'need_task_scheduling': False, 'is_tune': False, 'train_mode': 'regression', 'modelName': 'emt-dlfr', 'datasetName': 'mosi', 'num_workers': 4, 'model_save_dir': 'results/mosi/emt-dlfr/run_once/models', 'res_save_dir': 'results/mosi/emt-dlfr/run_once/results', 'gpu_ids': [1], 'missing_rates': array([0. , 0.1, 0.2, 0.3, 0.4, 0.5, 0.6, 0.7, 0.8, 0.9, 1. ]), 'seed': 11111, 'num_seeds': 3, 'exp_name': 'moe-uncertainty', 'diff_missing': None, 'KeyEval': 'Loss', 'save_model': True, 'unified_missing': False, 'use_normalized_data': False, 'seeds': [111, 1111, 11111], 'missing_rate': (0.4, 0.4, 0.4), 'dataPath': '/mnt/HDD2/teng/Master-23/sjc/work2/EMT-DLFR-master-based/MMSA/Datasets/MOSI/Processed/unaligned_50.pkl', 'seq_lens': (50, 375, 500), 'feature_dims': (768, 5, 20), 'train_samples': 1284, 'num_classes': 3, 'language': 'en', 'missing_seed': (111, 1111, 11111), 'data_missing': True, 'deal_missing': False, 'need_data_aligned': False, 'need_model_aligned': False, 'need_normalized': False, 'use_bert': True, 'use_finetune': True, 'save_labels': False, 'early_stop': 8, 'update_epochs': 4, 'batch_size': 32, 'learning_rate_bert': 5e-05, 'learning_rate_audio': 0.001, 'learning_rate_video': 0.0001, 'learning_rate_other': 0.001, 'weight_decay_bert': 0.001, 'weight_decay_audio': 0.01, 'weight_decay_video': 0.001, 'weight_decay_other': 0.001, 'a_lstm_hidden_size': 32, 'v_lstm_hidden_size': 64, 'a_lstm_layers': 1, 'v_lstm_layers': 1, 'text_out': 768, 'audio_out': 16, 'video_out': 32, 'a_lstm_dropout': 0.0, 'v_lstm_dropout': 0.0, 't_bert_dropout': 0.1, 'd_model': 128, 'fusion_layers': 3, 'heads': 4, 'learnable_pos_emb': False, 'emb_dropout': 0.0, 'attn_dropout': 0.2, 'ff_dropout': 0.1, 'ff_expansion': 4, 'mpu_share': True, 'modality_share': True, 'layer_share': True, 'attn_act_fn': 'tanh', 'gmc_tokens_pred_dim': 128, 'text_pred_dim': 256, 'audio_pred_dim': 8, 'video_pred_dim': 16, 'recon_loss': 'SmoothL1Loss', 'loss_attra_weight': 1, 'use_uncertainty_weighted_attra': False, 'use_per_modal_uncertainty_weight': True, 'uncertainty_attra_alpha': 0.05, 'modal_attra_weights': {'gmc': 1.0, 'text': 1.0, 'audio': 1.0, 'video': 1.0}, 'loss_recon_weight': 1, 'uncertainty_reg_weight': 0.3, 'uncertainty_reg_margin': 1e-05, 'uncertainty_before_weight': 0, 'K_text': 8, 'K_audio': 8, 'K_video': 8, 'post_fusion_dim': 256, 'post_fusion_dropout': 0.3, 'H': 3.0, 'cur_time': 3, 'model_save_path': 'results/mosi/emt-dlfr/run_once/models/emt-dlfr-mosi-regression-mr0.4-11111.pth', 'device': device(type='cuda', index=1), 'tasks': 'M'}>",11111,73.76,73.83,74.39,74.54,33.97,30.9,103.46,58.34,126.38,102.82
2026-02-11_17-44-15,emt-dlfr,"<Storage{'need_task_scheduling': False, 'is_tune': False, 'train_mode': 'regression', 'modelName': 'emt-dlfr', 'datasetName': 'mosi', 'num_workers': 4, 'model_save_dir': 'results/mosi/emt-dlfr/run_once/models', 'res_save_dir': 'results/mosi/emt-dlfr/run_once/results', 'gpu_ids': [1], 'missing_rates': array([0. , 0.1, 0.2, 0.3, 0.4, 0.5, 0.6, 0.7, 0.8, 0.9, 1. ]), 'seed': 11111, 'num_seeds': 3, 'exp_name': 'moe-uncertainty', 'diff_missing': None, 'KeyEval': 'Loss', 'save_model': True, 'unified_missing': False, 'use_normalized_data': False, 'seeds': [111, 1111, 11111], 'missing_rate': (0.4, 0.4, 0.4), 'dataPath': '/mnt/HDD2/teng/Master-23/sjc/work2/EMT-DLFR-master-based/MMSA/Datasets/MOSI/Processed/unaligned_50.pkl', 'seq_lens': (50, 375, 500), 'feature_dims': (768, 5, 20), 'train_samples': 1284, 'num_classes': 3, 'language': 'en', 'missing_seed': (111, 1111, 11111), 'data_missing': True, 'deal_missing': False, 'need_data_aligned': False, 'need_model_aligned': False, 'need_normalized': False, 'use_bert': True, 'use_finetune': True, 'save_labels': False, 'early_stop': 8, 'update_epochs': 4, 'batch_size': 32, 'learning_rate_bert': 5e-05, 'learning_rate_audio': 0.001, 'learning_rate_video': 0.0001, 'learning_rate_other': 0.001, 'weight_decay_bert': 0.001, 'weight_decay_audio': 0.01, 'weight_decay_video': 0.001, 'weight_decay_other': 0.001, 'a_lstm_hidden_size': 32, 'v_lstm_hidden_size': 64, 'a_lstm_layers': 1, 'v_lstm_layers': 1, 'text_out': 768, 'audio_out': 16, 'video_out': 32, 'a_lstm_dropout': 0.0, 'v_lstm_dropout': 0.0, 't_bert_dropout': 0.1, 'd_model': 128, 'fusion_layers': 3, 'heads': 4, 'learnable_pos_emb': False, 'emb_dropout': 0.0, 'attn_dropout': 0.2, 'ff_dropout': 0.1, 'ff_expansion': 4, 'mpu_share': True, 'modality_share': True, 'layer_share': True, 'attn_act_fn': 'tanh', 'gmc_tokens_pred_dim': 128, 'text_pred_dim': 256, 'audio_pred_dim': 8, 'video_pred_dim': 16, 'recon_loss': 'SmoothL1Loss', 'loss_attra_weight': 1, 'use_uncertainty_weighted_attra': False, 'use_per_modal_uncertainty_weight': True, 'uncertainty_attra_alpha': 0.05, 'modal_attra_weights': {'gmc': 1.0, 'text': 1.0, 'audio': 1.0, 'video': 1.0}, 'loss_recon_weight': 1, 'uncertainty_reg_weight': 0.3, 'uncertainty_reg_margin': 1e-05, 'uncertainty_before_weight': 0, 'K_text': 8, 'K_audio': 8, 'K_video': 8, 'post_fusion_dim': 256, 'post_fusion_dropout': 0.3, 'H': 3.0, 'cur_time': 3, 'model_save_path': 'results/mosi/emt-dlfr/run_once/models/emt-dlfr-mosi-regression-mr0.4-11111.pth', 'device': device(type='cuda', index=1), 'tasks': 'M'}>",<mean/std>,"(73.22, 0.48)","(73.28, 0.48)","(73.98, 0.47)","(74.11, 0.46)","(35.18, 1.15)","(31.53, 1.0)","(104.12, 1.25)","(56.19, 1.52)","(127.87, 1.66)","(103.81, 1.02)"
2026-02-11_17-44-15,emt-dlfr,"<Storage{'need_task_scheduling': False, 'is_tune': False, 'train_mode': 'regression', 'modelName': 'emt-dlfr', 'datasetName': 'mosi', 'num_workers': 4, 'model_save_dir': 'results/mosi/emt-dlfr/run_once/models', 'res_save_dir': 'results/mosi/emt-dlfr/run_once/results', 'gpu_ids': [1], 'missing_rates': array([0. , 0.1, 0.2, 0.3, 0.4, 0.5, 0.6, 0.7, 0.8, 0.9, 1. ]), 'seed': 11111, 'num_seeds': 3, 'exp_name': 'moe-uncertainty', 'diff_missing': None, 'KeyEval': 'Loss', 'save_model': True, 'unified_missing': False, 'use_normalized_data': False, 'seeds': [111, 1111, 11111], 'missing_rate': (0.4, 0.4, 0.4), 'dataPath': '/mnt/HDD2/teng/Master-23/sjc/work2/EMT-DLFR-master-based/MMSA/Datasets/MOSI/Processed/unaligned_50.pkl', 'seq_lens': (50, 375, 500), 'feature_dims': (768, 5, 20), 'train_samples': 1284, 'num_classes': 3, 'language': 'en', 'missing_seed': (111, 1111, 11111), 'data_missing': True, 'deal_missing': False, 'need_data_aligned': False, 'need_model_aligned': False, 'need_normalized': False, 'use_bert': True, 'use_finetune': True, 'save_labels': False, 'early_stop': 8, 'update_epochs': 4, 'batch_size': 32, 'learning_rate_bert': 5e-05, 'learning_rate_audio': 0.001, 'learning_rate_video': 0.0001, 'learning_rate_other': 0.001, 'weight_decay_bert': 0.001, 'weight_decay_audio': 0.01, 'weight_decay_video': 0.001, 'weight_decay_other': 0.001, 'a_lstm_hidden_size': 32, 'v_lstm_hidden_size': 64, 'a_lstm_layers': 1, 'v_lstm_layers': 1, 'text_out': 768, 'audio_out': 16, 'video_out': 32, 'a_lstm_dropout': 0.0, 'v_lstm_dropout': 0.0, 't_bert_dropout': 0.1, 'd_model': 128, 'fusion_layers': 3, 'heads': 4, 'learnable_pos_emb': False, 'emb_dropout': 0.0, 'attn_dropout': 0.2, 'ff_dropout': 0.1, 'ff_expansion': 4, 'mpu_share': True, 'modality_share': True, 'layer_share': True, 'attn_act_fn': 'tanh', 'gmc_tokens_pred_dim': 128, 'text_pred_dim': 256, 'audio_pred_dim': 8, 'video_pred_dim': 16, 'recon_loss': 'SmoothL1Loss', 'loss_attra_weight': 1, 'use_uncertainty_weighted_attra': False, 'use_per_modal_uncertainty_weight': True, 'uncertainty_attra_alpha': 0.05, 'modal_attra_weights': {'gmc': 1.0, 'text': 1.0, 'audio': 1.0, 'video': 1.0}, 'loss_recon_weight': 1, 'uncertainty_reg_weight': 0.3, 'uncertainty_reg_margin': 1e-05, 'uncertainty_before_weight': 0, 'K_text': 8, 'K_audio': 8, 'K_video': 8, 'post_fusion_dim': 256, 'post_fusion_dropout': 0.3, 'H': 3.0, 'cur_time': 3, 'model_save_path': 'results/mosi/emt-dlfr/run_once/models/emt-dlfr-mosi-regression-mr0.4-11111.pth', 'device': device(type='cuda', index=1), 'tasks': 'M'}>",<max/seed>,"(73.76, 11111)","(73.83, 11111)","(74.39, 11111)","(74.54, 11111)","(36.73, 111)","(32.94, 111)","(105.87, 1111)","(58.34, 11111)","(130.19, 1111)","(105.21, 1111)"
2026-02-11_17-44-15,emt-dlfr,"<Storage{'need_task_scheduling': False, 'is_tune': False, 'train_mode': 'regression', 'modelName': 'emt-dlfr', 'datasetName': 'mosi', 'num_workers': 4, 'model_save_dir': 'results/mosi/emt-dlfr/run_once/models', 'res_save_dir': 'results/mosi/emt-dlfr/run_once/results', 'gpu_ids': [1], 'missing_rates': array([0. , 0.1, 0.2, 0.3, 0.4, 0.5, 0.6, 0.7, 0.8, 0.9, 1. ]), 'seed': 11111, 'num_seeds': 3, 'exp_name': 'moe-uncertainty', 'diff_missing': None, 'KeyEval': 'Loss', 'save_model': True, 'unified_missing': False, 'use_normalized_data': False, 'seeds': [111, 1111, 11111], 'missing_rate': (0.4, 0.4, 0.4), 'dataPath': '/mnt/HDD2/teng/Master-23/sjc/work2/EMT-DLFR-master-based/MMSA/Datasets/MOSI/Processed/unaligned_50.pkl', 'seq_lens': (50, 375, 500), 'feature_dims': (768, 5, 20), 'train_samples': 1284, 'num_classes': 3, 'language': 'en', 'missing_seed': (111, 1111, 11111), 'data_missing': True, 'deal_missing': False, 'need_data_aligned': False, 'need_model_aligned': False, 'need_normalized': False, 'use_bert': True, 'use_finetune': True, 'save_labels': False, 'early_stop': 8, 'update_epochs': 4, 'batch_size': 32, 'learning_rate_bert': 5e-05, 'learning_rate_audio': 0.001, 'learning_rate_video': 0.0001, 'learning_rate_other': 0.001, 'weight_decay_bert': 0.001, 'weight_decay_audio': 0.01, 'weight_decay_video': 0.001, 'weight_decay_other': 0.001, 'a_lstm_hidden_size': 32, 'v_lstm_hidden_size': 64, 'a_lstm_layers': 1, 'v_lstm_layers': 1, 'text_out': 768, 'audio_out': 16, 'video_out': 32, 'a_lstm_dropout': 0.0, 'v_lstm_dropout': 0.0, 't_bert_dropout': 0.1, 'd_model': 128, 'fusion_layers': 3, 'heads': 4, 'learnable_pos_emb': False, 'emb_dropout': 0.0, 'attn_dropout': 0.2, 'ff_dropout': 0.1, 'ff_expansion': 4, 'mpu_share': True, 'modality_share': True, 'layer_share': True, 'attn_act_fn': 'tanh', 'gmc_tokens_pred_dim': 128, 'text_pred_dim': 256, 'audio_pred_dim': 8, 'video_pred_dim': 16, 'recon_loss': 'SmoothL1Loss', 'loss_attra_weight': 1, 'use_uncertainty_weighted_attra': False, 'use_per_modal_uncertainty_weight': True, 'uncertainty_attra_alpha': 0.05, 'modal_attra_weights': {'gmc': 1.0, 'text': 1.0, 'audio': 1.0, 'video': 1.0}, 'loss_recon_weight': 1, 'uncertainty_reg_weight': 0.3, 'uncertainty_reg_margin': 1e-05, 'uncertainty_before_weight': 0, 'K_text': 8, 'K_audio': 8, 'K_video': 8, 'post_fusion_dim': 256, 'post_fusion_dropout': 0.3, 'H': 3.0, 'cur_time': 3, 'model_save_path': 'results/mosi/emt-dlfr/run_once/models/emt-dlfr-mosi-regression-mr0.4-11111.pth', 'device': device(type='cuda', index=1), 'tasks': 'M'}>",<min/seed>,"(72.59, 1111)","(72.67, 1111)","(73.32, 1111)","(73.48, 1111)","(33.97, 11111)","(30.76, 1111)","(103.04, 111)","(55.09, 1111)","(126.38, 11111)","(102.82, 11111)"
2026-02-12_04-31-48,emt-dlfr,"<Storage{'need_task_scheduling': False, 'is_tune': False, 'train_mode': 'regression', 'modelName': 'emt-dlfr', 'datasetName': 'mosi', 'num_workers': 4, 'model_save_dir': 'results/mosi/emt-dlfr/run_once/models', 'res_save_dir': 'results/mosi/emt-dlfr/run_once/results', 'gpu_ids': [1], 'missing_rates': array([0. , 0.1, 0.2, 0.3, 0.4, 0.5, 0.6, 0.7, 0.8, 0.9, 1. ]), 'seed': 11111, 'num_seeds': 3, 'exp_name': 'moe-uncertainty', 'diff_missing': None, 'KeyEval': 'Loss', 'save_model': True, 'unified_missing': False, 'use_normalized_data': False, 'seeds': [111, 1111, 11111], 'missing_rate': (0.4, 0.4, 0.4), 'dataPath': '/mnt/HDD2/teng/Master-23/sjc/work2/EMT-DLFR-master-based/MMSA/Datasets/MOSI/Processed/unaligned_50.pkl', 'seq_lens': (50, 375, 500), 'feature_dims': (768, 5, 20), 'train_samples': 1284, 'num_classes': 3, 'language': 'en', 'missing_seed': (111, 1111, 11111), 'data_missing': True, 'deal_missing': False, 'need_data_aligned': False, 'need_model_aligned': False, 'need_normalized': False, 'use_bert': True, 'use_finetune': True, 'save_labels': False, 'early_stop': 8, 'update_epochs': 4, 'batch_size': 32, 'learning_rate_bert': 5e-05, 'learning_rate_audio': 0.001, 'learning_rate_video': 0.0001, 'learning_rate_other': 0.001, 'weight_decay_bert': 0.001, 'weight_decay_audio': 0.01, 'weight_decay_video': 0.001, 'weight_decay_other': 0.001, 'a_lstm_hidden_size': 32, 'v_lstm_hidden_size': 64, 'a_lstm_layers': 1, 'v_lstm_layers': 1, 'text_out': 768, 'audio_out': 16, 'video_out': 32, 'a_lstm_dropout': 0.0, 'v_lstm_dropout': 0.0, 't_bert_dropout': 0.1, 'd_model': 128, 'fusion_layers': 3, 'heads': 4, 'learnable_pos_emb': False, 'emb_dropout': 0.0, 'attn_dropout': 0.2, 'ff_dropout': 0.1, 'ff_expansion': 4, 'mpu_share': True, 'modality_share': True, 'layer_share': True, 'attn_act_fn': 'tanh', 'gmc_tokens_pred_dim': 128, 'text_pred_dim': 256, 'audio_pred_dim': 8, 'video_pred_dim': 16, 'recon_loss': 'SmoothL1Loss', 'loss_recon_weight': 1, 'loss_attra_weight': 1, 'use_uncertainty_weighted_attra': False, 'use_per_modal_uncertainty_weight': True, 'uncertainty_attra_alpha': 0.2, 'modal_attra_weights': {'gmc': 1.0, 'text': 1.0, 'audio': 1.0, 'video': 1.0}, 'uncertainty_reg_weight': 0, 'uncertainty_reg_margin': 1e-05, 'uncertainty_before_weight': 0.1, 'post_fusion_dim': 256, 'post_fusion_dropout': 0.3, 'H': 3.0, 'cur_time': 3, 'model_save_path': 'results/mosi/emt-dlfr/run_once/models/emt-dlfr-mosi-regression-mr0.4-11111.pth', 'device': device(type='cuda', index=1), 'tasks': 'M'}>",111,73.47,73.53,74.09,74.22,38.48,34.99,103.69,56.36,128.71,103.44
2026-02-12_04-31-48,emt-dlfr,"<Storage{'need_task_scheduling': False, 'is_tune': False, 'train_mode': 'regression', 'modelName': 'emt-dlfr', 'datasetName': 'mosi', 'num_workers': 4, 'model_save_dir': 'results/mosi/emt-dlfr/run_once/models', 'res_save_dir': 'results/mosi/emt-dlfr/run_once/results', 'gpu_ids': [1], 'missing_rates': array([0. , 0.1, 0.2, 0.3, 0.4, 0.5, 0.6, 0.7, 0.8, 0.9, 1. ]), 'seed': 11111, 'num_seeds': 3, 'exp_name': 'moe-uncertainty', 'diff_missing': None, 'KeyEval': 'Loss', 'save_model': True, 'unified_missing': False, 'use_normalized_data': False, 'seeds': [111, 1111, 11111], 'missing_rate': (0.4, 0.4, 0.4), 'dataPath': '/mnt/HDD2/teng/Master-23/sjc/work2/EMT-DLFR-master-based/MMSA/Datasets/MOSI/Processed/unaligned_50.pkl', 'seq_lens': (50, 375, 500), 'feature_dims': (768, 5, 20), 'train_samples': 1284, 'num_classes': 3, 'language': 'en', 'missing_seed': (111, 1111, 11111), 'data_missing': True, 'deal_missing': False, 'need_data_aligned': False, 'need_model_aligned': False, 'need_normalized': False, 'use_bert': True, 'use_finetune': True, 'save_labels': False, 'early_stop': 8, 'update_epochs': 4, 'batch_size': 32, 'learning_rate_bert': 5e-05, 'learning_rate_audio': 0.001, 'learning_rate_video': 0.0001, 'learning_rate_other': 0.001, 'weight_decay_bert': 0.001, 'weight_decay_audio': 0.01, 'weight_decay_video': 0.001, 'weight_decay_other': 0.001, 'a_lstm_hidden_size': 32, 'v_lstm_hidden_size': 64, 'a_lstm_layers': 1, 'v_lstm_layers': 1, 'text_out': 768, 'audio_out': 16, 'video_out': 32, 'a_lstm_dropout': 0.0, 'v_lstm_dropout': 0.0, 't_bert_dropout': 0.1, 'd_model': 128, 'fusion_layers': 3, 'heads': 4, 'learnable_pos_emb': False, 'emb_dropout': 0.0, 'attn_dropout': 0.2, 'ff_dropout': 0.1, 'ff_expansion': 4, 'mpu_share': True, 'modality_share': True, 'layer_share': True, 'attn_act_fn': 'tanh', 'gmc_tokens_pred_dim': 128, 'text_pred_dim': 256, 'audio_pred_dim': 8, 'video_pred_dim': 16, 'recon_loss': 'SmoothL1Loss', 'loss_recon_weight': 1, 'loss_attra_weight': 1, 'use_uncertainty_weighted_attra': False, 'use_per_modal_uncertainty_weight': True, 'uncertainty_attra_alpha': 0.2, 'modal_attra_weights': {'gmc': 1.0, 'text': 1.0, 'audio': 1.0, 'video': 1.0}, 'uncertainty_reg_weight': 0, 'uncertainty_reg_margin': 1e-05, 'uncertainty_before_weight': 0.1, 'post_fusion_dim': 256, 'post_fusion_dropout': 0.3, 'H': 3.0, 'cur_time': 3, 'model_save_path': 'results/mosi/emt-dlfr/run_once/models/emt-dlfr-mosi-regression-mr0.4-11111.pth', 'device': device(type='cuda', index=1), 'tasks': 'M'}>",1111,72.3,72.38,72.71,72.88,34.84,31.78,106.26,56.97,133.6,106.6
2026-02-12_04-31-48,emt-dlfr,"<Storage{'need_task_scheduling': False, 'is_tune': False, 'train_mode': 'regression', 'modelName': 'emt-dlfr', 'datasetName': 'mosi', 'num_workers': 4, 'model_save_dir': 'results/mosi/emt-dlfr/run_once/models', 'res_save_dir': 'results/mosi/emt-dlfr/run_once/results', 'gpu_ids': [1], 'missing_rates': array([0. , 0.1, 0.2, 0.3, 0.4, 0.5, 0.6, 0.7, 0.8, 0.9, 1. ]), 'seed': 11111, 'num_seeds': 3, 'exp_name': 'moe-uncertainty', 'diff_missing': None, 'KeyEval': 'Loss', 'save_model': True, 'unified_missing': False, 'use_normalized_data': False, 'seeds': [111, 1111, 11111], 'missing_rate': (0.4, 0.4, 0.4), 'dataPath': '/mnt/HDD2/teng/Master-23/sjc/work2/EMT-DLFR-master-based/MMSA/Datasets/MOSI/Processed/unaligned_50.pkl', 'seq_lens': (50, 375, 500), 'feature_dims': (768, 5, 20), 'train_samples': 1284, 'num_classes': 3, 'language': 'en', 'missing_seed': (111, 1111, 11111), 'data_missing': True, 'deal_missing': False, 'need_data_aligned': False, 'need_model_aligned': False, 'need_normalized': False, 'use_bert': True, 'use_finetune': True, 'save_labels': False, 'early_stop': 8, 'update_epochs': 4, 'batch_size': 32, 'learning_rate_bert': 5e-05, 'learning_rate_audio': 0.001, 'learning_rate_video': 0.0001, 'learning_rate_other': 0.001, 'weight_decay_bert': 0.001, 'weight_decay_audio': 0.01, 'weight_decay_video': 0.001, 'weight_decay_other': 0.001, 'a_lstm_hidden_size': 32, 'v_lstm_hidden_size': 64, 'a_lstm_layers': 1, 'v_lstm_layers': 1, 'text_out': 768, 'audio_out': 16, 'video_out': 32, 'a_lstm_dropout': 0.0, 'v_lstm_dropout': 0.0, 't_bert_dropout': 0.1, 'd_model': 128, 'fusion_layers': 3, 'heads': 4, 'learnable_pos_emb': False, 'emb_dropout': 0.0, 'attn_dropout': 0.2, 'ff_dropout': 0.1, 'ff_expansion': 4, 'mpu_share': True, 'modality_share': True, 'layer_share': True, 'attn_act_fn': 'tanh', 'gmc_tokens_pred_dim': 128, 'text_pred_dim': 256, 'audio_pred_dim': 8, 'video_pred_dim': 16, 'recon_loss': 'SmoothL1Loss', 'loss_recon_weight': 1, 'loss_attra_weight': 1, 'use_uncertainty_weighted_attra': False, 'use_per_modal_uncertainty_weight': True, 'uncertainty_attra_alpha': 0.2, 'modal_attra_weights': {'gmc': 1.0, 'text': 1.0, 'audio': 1.0, 'video': 1.0}, 'uncertainty_reg_weight': 0, 'uncertainty_reg_margin': 1e-05, 'uncertainty_before_weight': 0.1, 'post_fusion_dim': 256, 'post_fusion_dropout': 0.3, 'H': 3.0, 'cur_time': 3, 'model_save_path': 'results/mosi/emt-dlfr/run_once/models/emt-dlfr-mosi-regression-mr0.4-11111.pth', 'device': device(type='cuda', index=1), 'tasks': 'M'}>",11111,71.57,71.59,72.41,72.51,39.21,34.4,102.81,57.05,130.23,102.93
2026-02-12_04-31-48,emt-dlfr,"<Storage{'need_task_scheduling': False, 'is_tune': False, 'train_mode': 'regression', 'modelName': 'emt-dlfr', 'datasetName': 'mosi', 'num_workers': 4, 'model_save_dir': 'results/mosi/emt-dlfr/run_once/models', 'res_save_dir': 'results/mosi/emt-dlfr/run_once/results', 'gpu_ids': [1], 'missing_rates': array([0. , 0.1, 0.2, 0.3, 0.4, 0.5, 0.6, 0.7, 0.8, 0.9, 1. ]), 'seed': 11111, 'num_seeds': 3, 'exp_name': 'moe-uncertainty', 'diff_missing': None, 'KeyEval': 'Loss', 'save_model': True, 'unified_missing': False, 'use_normalized_data': False, 'seeds': [111, 1111, 11111], 'missing_rate': (0.4, 0.4, 0.4), 'dataPath': '/mnt/HDD2/teng/Master-23/sjc/work2/EMT-DLFR-master-based/MMSA/Datasets/MOSI/Processed/unaligned_50.pkl', 'seq_lens': (50, 375, 500), 'feature_dims': (768, 5, 20), 'train_samples': 1284, 'num_classes': 3, 'language': 'en', 'missing_seed': (111, 1111, 11111), 'data_missing': True, 'deal_missing': False, 'need_data_aligned': False, 'need_model_aligned': False, 'need_normalized': False, 'use_bert': True, 'use_finetune': True, 'save_labels': False, 'early_stop': 8, 'update_epochs': 4, 'batch_size': 32, 'learning_rate_bert': 5e-05, 'learning_rate_audio': 0.001, 'learning_rate_video': 0.0001, 'learning_rate_other': 0.001, 'weight_decay_bert': 0.001, 'weight_decay_audio': 0.01, 'weight_decay_video': 0.001, 'weight_decay_other': 0.001, 'a_lstm_hidden_size': 32, 'v_lstm_hidden_size': 64, 'a_lstm_layers': 1, 'v_lstm_layers': 1, 'text_out': 768, 'audio_out': 16, 'video_out': 32, 'a_lstm_dropout': 0.0, 'v_lstm_dropout': 0.0, 't_bert_dropout': 0.1, 'd_model': 128, 'fusion_layers': 3, 'heads': 4, 'learnable_pos_emb': False, 'emb_dropout': 0.0, 'attn_dropout': 0.2, 'ff_dropout': 0.1, 'ff_expansion': 4, 'mpu_share': True, 'modality_share': True, 'layer_share': True, 'attn_act_fn': 'tanh', 'gmc_tokens_pred_dim': 128, 'text_pred_dim': 256, 'audio_pred_dim': 8, 'video_pred_dim': 16, 'recon_loss': 'SmoothL1Loss', 'loss_recon_weight': 1, 'loss_attra_weight': 1, 'use_uncertainty_weighted_attra': False, 'use_per_modal_uncertainty_weight': True, 'uncertainty_attra_alpha': 0.2, 'modal_attra_weights': {'gmc': 1.0, 'text': 1.0, 'audio': 1.0, 'video': 1.0}, 'uncertainty_reg_weight': 0, 'uncertainty_reg_margin': 1e-05, 'uncertainty_before_weight': 0.1, 'post_fusion_dim': 256, 'post_fusion_dropout': 0.3, 'H': 3.0, 'cur_time': 3, 'model_save_path': 'results/mosi/emt-dlfr/run_once/models/emt-dlfr-mosi-regression-mr0.4-11111.pth', 'device': device(type='cuda', index=1), 'tasks': 'M'}>",<mean/std>,"(72.45, 0.78)","(72.5, 0.8)","(73.07, 0.73)","(73.2, 0.73)","(37.51, 1.91)","(33.72, 1.4)","(104.25, 1.46)","(56.79, 0.31)","(130.85, 2.04)","(104.32, 1.62)"
2026-02-12_04-31-48,emt-dlfr,"<Storage{'need_task_scheduling': False, 'is_tune': False, 'train_mode': 'regression', 'modelName': 'emt-dlfr', 'datasetName': 'mosi', 'num_workers': 4, 'model_save_dir': 'results/mosi/emt-dlfr/run_once/models', 'res_save_dir': 'results/mosi/emt-dlfr/run_once/results', 'gpu_ids': [1], 'missing_rates': array([0. , 0.1, 0.2, 0.3, 0.4, 0.5, 0.6, 0.7, 0.8, 0.9, 1. ]), 'seed': 11111, 'num_seeds': 3, 'exp_name': 'moe-uncertainty', 'diff_missing': None, 'KeyEval': 'Loss', 'save_model': True, 'unified_missing': False, 'use_normalized_data': False, 'seeds': [111, 1111, 11111], 'missing_rate': (0.4, 0.4, 0.4), 'dataPath': '/mnt/HDD2/teng/Master-23/sjc/work2/EMT-DLFR-master-based/MMSA/Datasets/MOSI/Processed/unaligned_50.pkl', 'seq_lens': (50, 375, 500), 'feature_dims': (768, 5, 20), 'train_samples': 1284, 'num_classes': 3, 'language': 'en', 'missing_seed': (111, 1111, 11111), 'data_missing': True, 'deal_missing': False, 'need_data_aligned': False, 'need_model_aligned': False, 'need_normalized': False, 'use_bert': True, 'use_finetune': True, 'save_labels': False, 'early_stop': 8, 'update_epochs': 4, 'batch_size': 32, 'learning_rate_bert': 5e-05, 'learning_rate_audio': 0.001, 'learning_rate_video': 0.0001, 'learning_rate_other': 0.001, 'weight_decay_bert': 0.001, 'weight_decay_audio': 0.01, 'weight_decay_video': 0.001, 'weight_decay_other': 0.001, 'a_lstm_hidden_size': 32, 'v_lstm_hidden_size': 64, 'a_lstm_layers': 1, 'v_lstm_layers': 1, 'text_out': 768, 'audio_out': 16, 'video_out': 32, 'a_lstm_dropout': 0.0, 'v_lstm_dropout': 0.0, 't_bert_dropout': 0.1, 'd_model': 128, 'fusion_layers': 3, 'heads': 4, 'learnable_pos_emb': False, 'emb_dropout': 0.0, 'attn_dropout': 0.2, 'ff_dropout': 0.1, 'ff_expansion': 4, 'mpu_share': True, 'modality_share': True, 'layer_share': True, 'attn_act_fn': 'tanh', 'gmc_tokens_pred_dim': 128, 'text_pred_dim': 256, 'audio_pred_dim': 8, 'video_pred_dim': 16, 'recon_loss': 'SmoothL1Loss', 'loss_recon_weight': 1, 'loss_attra_weight': 1, 'use_uncertainty_weighted_attra': False, 'use_per_modal_uncertainty_weight': True, 'uncertainty_attra_alpha': 0.2, 'modal_attra_weights': {'gmc': 1.0, 'text': 1.0, 'audio': 1.0, 'video': 1.0}, 'uncertainty_reg_weight': 0, 'uncertainty_reg_margin': 1e-05, 'uncertainty_before_weight': 0.1, 'post_fusion_dim': 256, 'post_fusion_dropout': 0.3, 'H': 3.0, 'cur_time': 3, 'model_save_path': 'results/mosi/emt-dlfr/run_once/models/emt-dlfr-mosi-regression-mr0.4-11111.pth', 'device': device(type='cuda', index=1), 'tasks': 'M'}>",<max/seed>,"(73.47, 111)","(73.53, 111)","(74.09, 111)","(74.22, 111)","(39.21, 11111)","(34.99, 111)","(106.26, 1111)","(57.05, 11111)","(133.6, 1111)","(106.6, 1111)"
2026-02-12_04-31-48,emt-dlfr,"<Storage{'need_task_scheduling': False, 'is_tune': False, 'train_mode': 'regression', 'modelName': 'emt-dlfr', 'datasetName': 'mosi', 'num_workers': 4, 'model_save_dir': 'results/mosi/emt-dlfr/run_once/models', 'res_save_dir': 'results/mosi/emt-dlfr/run_once/results', 'gpu_ids': [1], 'missing_rates': array([0. , 0.1, 0.2, 0.3, 0.4, 0.5, 0.6, 0.7, 0.8, 0.9, 1. ]), 'seed': 11111, 'num_seeds': 3, 'exp_name': 'moe-uncertainty', 'diff_missing': None, 'KeyEval': 'Loss', 'save_model': True, 'unified_missing': False, 'use_normalized_data': False, 'seeds': [111, 1111, 11111], 'missing_rate': (0.4, 0.4, 0.4), 'dataPath': '/mnt/HDD2/teng/Master-23/sjc/work2/EMT-DLFR-master-based/MMSA/Datasets/MOSI/Processed/unaligned_50.pkl', 'seq_lens': (50, 375, 500), 'feature_dims': (768, 5, 20), 'train_samples': 1284, 'num_classes': 3, 'language': 'en', 'missing_seed': (111, 1111, 11111), 'data_missing': True, 'deal_missing': False, 'need_data_aligned': False, 'need_model_aligned': False, 'need_normalized': False, 'use_bert': True, 'use_finetune': True, 'save_labels': False, 'early_stop': 8, 'update_epochs': 4, 'batch_size': 32, 'learning_rate_bert': 5e-05, 'learning_rate_audio': 0.001, 'learning_rate_video': 0.0001, 'learning_rate_other': 0.001, 'weight_decay_bert': 0.001, 'weight_decay_audio': 0.01, 'weight_decay_video': 0.001, 'weight_decay_other': 0.001, 'a_lstm_hidden_size': 32, 'v_lstm_hidden_size': 64, 'a_lstm_layers': 1, 'v_lstm_layers': 1, 'text_out': 768, 'audio_out': 16, 'video_out': 32, 'a_lstm_dropout': 0.0, 'v_lstm_dropout': 0.0, 't_bert_dropout': 0.1, 'd_model': 128, 'fusion_layers': 3, 'heads': 4, 'learnable_pos_emb': False, 'emb_dropout': 0.0, 'attn_dropout': 0.2, 'ff_dropout': 0.1, 'ff_expansion': 4, 'mpu_share': True, 'modality_share': True, 'layer_share': True, 'attn_act_fn': 'tanh', 'gmc_tokens_pred_dim': 128, 'text_pred_dim': 256, 'audio_pred_dim': 8, 'video_pred_dim': 16, 'recon_loss': 'SmoothL1Loss', 'loss_recon_weight': 1, 'loss_attra_weight': 1, 'use_uncertainty_weighted_attra': False, 'use_per_modal_uncertainty_weight': True, 'uncertainty_attra_alpha': 0.2, 'modal_attra_weights': {'gmc': 1.0, 'text': 1.0, 'audio': 1.0, 'video': 1.0}, 'uncertainty_reg_weight': 0, 'uncertainty_reg_margin': 1e-05, 'uncertainty_before_weight': 0.1, 'post_fusion_dim': 256, 'post_fusion_dropout': 0.3, 'H': 3.0, 'cur_time': 3, 'model_save_path': 'results/mosi/emt-dlfr/run_once/models/emt-dlfr-mosi-regression-mr0.4-11111.pth', 'device': device(type='cuda', index=1), 'tasks': 'M'}>",<min/seed>,"(71.57, 11111)","(71.59, 11111)","(72.41, 11111)","(72.51, 11111)","(34.84, 1111)","(31.78, 1111)","(102.81, 11111)","(56.36, 111)","(128.71, 111)","(102.93, 11111)"
2026-02-12_08-23-04,emt-dlfr,"<Storage{'need_task_scheduling': False, 'is_tune': False, 'train_mode': 'regression', 'modelName': 'emt-dlfr', 'datasetName': 'mosi', 'num_workers': 4, 'model_save_dir': 'results/mosi/emt-dlfr/run_once/models', 'res_save_dir': 'results/mosi/emt-dlfr/run_once/results', 'gpu_ids': [1], 'missing_rates': array([0. , 0.1, 0.2, 0.3, 0.4, 0.5, 0.6, 0.7, 0.8, 0.9, 1. ]), 'seed': 11111, 'num_seeds': 3, 'exp_name': 'moe-uncertainty', 'diff_missing': None, 'KeyEval': 'Loss', 'save_model': True, 'unified_missing': False, 'use_normalized_data': False, 'seeds': [111, 1111, 11111], 'missing_rate': (0.4, 0.4, 0.4), 'dataPath': '/mnt/HDD2/teng/Master-23/sjc/work2/EMT-DLFR-master-based/MMSA/Datasets/MOSI/Processed/unaligned_50.pkl', 'seq_lens': (50, 375, 500), 'feature_dims': (768, 5, 20), 'train_samples': 1284, 'num_classes': 3, 'language': 'en', 'missing_seed': (111, 1111, 11111), 'data_missing': True, 'deal_missing': False, 'need_data_aligned': False, 'need_model_aligned': False, 'need_normalized': False, 'use_bert': True, 'use_finetune': True, 'save_labels': False, 'early_stop': 8, 'update_epochs': 4, 'batch_size': 32, 'learning_rate_bert': 5e-05, 'learning_rate_audio': 0.001, 'learning_rate_video': 0.0001, 'learning_rate_other': 0.001, 'weight_decay_bert': 0.001, 'weight_decay_audio': 0.01, 'weight_decay_video': 0.001, 'weight_decay_other': 0.001, 'a_lstm_hidden_size': 32, 'v_lstm_hidden_size': 64, 'a_lstm_layers': 1, 'v_lstm_layers': 1, 'text_out': 768, 'audio_out': 16, 'video_out': 32, 'a_lstm_dropout': 0.0, 'v_lstm_dropout': 0.0, 't_bert_dropout': 0.1, 'd_model': 128, 'fusion_layers': 3, 'heads': 4, 'learnable_pos_emb': False, 'emb_dropout': 0.0, 'attn_dropout': 0.2, 'ff_dropout': 0.1, 'ff_expansion': 4, 'mpu_share': True, 'modality_share': True, 'layer_share': True, 'attn_act_fn': 'tanh', 'gmc_tokens_pred_dim': 128, 'text_pred_dim': 256, 'audio_pred_dim': 8, 'video_pred_dim': 16, 'recon_loss': 'SmoothL1Loss', 'loss_recon_weight': 1, 'loss_attra_weight': 1, 'use_uncertainty_weighted_attra': False, 'use_per_modal_uncertainty_weight': True, 'uncertainty_attra_alpha': 0.2, 'modal_attra_weights': {'gmc': 1.0, 'text': 1.0, 'audio': 1.0, 'video': 1.0}, 'uncertainty_reg_weight': 0.2, 'uncertainty_reg_margin': 1e-05, 'uncertainty_before_weight': 0.1, 'post_fusion_dim': 256, 'post_fusion_dropout': 0.3, 'H': 3.0, 'cur_time': 3, 'model_save_path': 'results/mosi/emt-dlfr/run_once/models/emt-dlfr-mosi-regression-mr0.4-11111.pth', 'device': device(type='cuda', index=1), 'tasks': 'M'}>",111,74.78,74.84,75.15,75.29,34.99,31.2,104.26,55.87,132.63,104.17
2026-02-12_08-23-04,emt-dlfr,"<Storage{'need_task_scheduling': False, 'is_tune': False, 'train_mode': 'regression', 'modelName': 'emt-dlfr', 'datasetName': 'mosi', 'num_workers': 4, 'model_save_dir': 'results/mosi/emt-dlfr/run_once/models', 'res_save_dir': 'results/mosi/emt-dlfr/run_once/results', 'gpu_ids': [1], 'missing_rates': array([0. , 0.1, 0.2, 0.3, 0.4, 0.5, 0.6, 0.7, 0.8, 0.9, 1. ]), 'seed': 11111, 'num_seeds': 3, 'exp_name': 'moe-uncertainty', 'diff_missing': None, 'KeyEval': 'Loss', 'save_model': True, 'unified_missing': False, 'use_normalized_data': False, 'seeds': [111, 1111, 11111], 'missing_rate': (0.4, 0.4, 0.4), 'dataPath': '/mnt/HDD2/teng/Master-23/sjc/work2/EMT-DLFR-master-based/MMSA/Datasets/MOSI/Processed/unaligned_50.pkl', 'seq_lens': (50, 375, 500), 'feature_dims': (768, 5, 20), 'train_samples': 1284, 'num_classes': 3, 'language': 'en', 'missing_seed': (111, 1111, 11111), 'data_missing': True, 'deal_missing': False, 'need_data_aligned': False, 'need_model_aligned': False, 'need_normalized': False, 'use_bert': True, 'use_finetune': True, 'save_labels': False, 'early_stop': 8, 'update_epochs': 4, 'batch_size': 32, 'learning_rate_bert': 5e-05, 'learning_rate_audio': 0.001, 'learning_rate_video': 0.0001, 'learning_rate_other': 0.001, 'weight_decay_bert': 0.001, 'weight_decay_audio': 0.01, 'weight_decay_video': 0.001, 'weight_decay_other': 0.001, 'a_lstm_hidden_size': 32, 'v_lstm_hidden_size': 64, 'a_lstm_layers': 1, 'v_lstm_layers': 1, 'text_out': 768, 'audio_out': 16, 'video_out': 32, 'a_lstm_dropout': 0.0, 'v_lstm_dropout': 0.0, 't_bert_dropout': 0.1, 'd_model': 128, 'fusion_layers': 3, 'heads': 4, 'learnable_pos_emb': False, 'emb_dropout': 0.0, 'attn_dropout': 0.2, 'ff_dropout': 0.1, 'ff_expansion': 4, 'mpu_share': True, 'modality_share': True, 'layer_share': True, 'attn_act_fn': 'tanh', 'gmc_tokens_pred_dim': 128, 'text_pred_dim': 256, 'audio_pred_dim': 8, 'video_pred_dim': 16, 'recon_loss': 'SmoothL1Loss', 'loss_recon_weight': 1, 'loss_attra_weight': 1, 'use_uncertainty_weighted_attra': False, 'use_per_modal_uncertainty_weight': True, 'uncertainty_attra_alpha': 0.2, 'modal_attra_weights': {'gmc': 1.0, 'text': 1.0, 'audio': 1.0, 'video': 1.0}, 'uncertainty_reg_weight': 0.2, 'uncertainty_reg_margin': 1e-05, 'uncertainty_before_weight': 0.1, 'post_fusion_dim': 256, 'post_fusion_dropout': 0.3, 'H': 3.0, 'cur_time': 3, 'model_save_path': 'results/mosi/emt-dlfr/run_once/models/emt-dlfr-mosi-regression-mr0.4-11111.pth', 'device': device(type='cuda', index=1), 'tasks': 'M'}>",1111,72.74,72.34,74.54,74.27,37.61,32.8,104.4,53.51,132.83,104.05
2026-02-12_08-23-04,emt-dlfr,"<Storage{'need_task_scheduling': False, 'is_tune': False, 'train_mode': 'regression', 'modelName': 'emt-dlfr', 'datasetName': 'mosi', 'num_workers': 4, 'model_save_dir': 'results/mosi/emt-dlfr/run_once/models', 'res_save_dir': 'results/mosi/emt-dlfr/run_once/results', 'gpu_ids': [1], 'missing_rates': array([0. , 0.1, 0.2, 0.3, 0.4, 0.5, 0.6, 0.7, 0.8, 0.9, 1. ]), 'seed': 11111, 'num_seeds': 3, 'exp_name': 'moe-uncertainty', 'diff_missing': None, 'KeyEval': 'Loss', 'save_model': True, 'unified_missing': False, 'use_normalized_data': False, 'seeds': [111, 1111, 11111], 'missing_rate': (0.4, 0.4, 0.4), 'dataPath': '/mnt/HDD2/teng/Master-23/sjc/work2/EMT-DLFR-master-based/MMSA/Datasets/MOSI/Processed/unaligned_50.pkl', 'seq_lens': (50, 375, 500), 'feature_dims': (768, 5, 20), 'train_samples': 1284, 'num_classes': 3, 'language': 'en', 'missing_seed': (111, 1111, 11111), 'data_missing': True, 'deal_missing': False, 'need_data_aligned': False, 'need_model_aligned': False, 'need_normalized': False, 'use_bert': True, 'use_finetune': True, 'save_labels': False, 'early_stop': 8, 'update_epochs': 4, 'batch_size': 32, 'learning_rate_bert': 5e-05, 'learning_rate_audio': 0.001, 'learning_rate_video': 0.0001, 'learning_rate_other': 0.001, 'weight_decay_bert': 0.001, 'weight_decay_audio': 0.01, 'weight_decay_video': 0.001, 'weight_decay_other': 0.001, 'a_lstm_hidden_size': 32, 'v_lstm_hidden_size': 64, 'a_lstm_layers': 1, 'v_lstm_layers': 1, 'text_out': 768, 'audio_out': 16, 'video_out': 32, 'a_lstm_dropout': 0.0, 'v_lstm_dropout': 0.0, 't_bert_dropout': 0.1, 'd_model': 128, 'fusion_layers': 3, 'heads': 4, 'learnable_pos_emb': False, 'emb_dropout': 0.0, 'attn_dropout': 0.2, 'ff_dropout': 0.1, 'ff_expansion': 4, 'mpu_share': True, 'modality_share': True, 'layer_share': True, 'attn_act_fn': 'tanh', 'gmc_tokens_pred_dim': 128, 'text_pred_dim': 256, 'audio_pred_dim': 8, 'video_pred_dim': 16, 'recon_loss': 'SmoothL1Loss', 'loss_recon_weight': 1, 'loss_attra_weight': 1, 'use_uncertainty_weighted_attra': False, 'use_per_modal_uncertainty_weight': True, 'uncertainty_attra_alpha': 0.2, 'modal_attra_weights': {'gmc': 1.0, 'text': 1.0, 'audio': 1.0, 'video': 1.0}, 'uncertainty_reg_weight': 0.2, 'uncertainty_reg_margin': 1e-05, 'uncertainty_before_weight': 0.1, 'post_fusion_dim': 256, 'post_fusion_dropout': 0.3, 'H': 3.0, 'cur_time': 3, 'model_save_path': 'results/mosi/emt-dlfr/run_once/models/emt-dlfr-mosi-regression-mr0.4-11111.pth', 'device': device(type='cuda', index=1), 'tasks': 'M'}>",11111,71.28,71.35,72.1,72.26,39.65,36.01,102.43,57.92,129.71,102.43
2026-02-12_08-23-04,emt-dlfr,"<Storage{'need_task_scheduling': False, 'is_tune': False, 'train_mode': 'regression', 'modelName': 'emt-dlfr', 'datasetName': 'mosi', 'num_workers': 4, 'model_save_dir': 'results/mosi/emt-dlfr/run_once/models', 'res_save_dir': 'results/mosi/emt-dlfr/run_once/results', 'gpu_ids': [1], 'missing_rates': array([0. , 0.1, 0.2, 0.3, 0.4, 0.5, 0.6, 0.7, 0.8, 0.9, 1. ]), 'seed': 11111, 'num_seeds': 3, 'exp_name': 'moe-uncertainty', 'diff_missing': None, 'KeyEval': 'Loss', 'save_model': True, 'unified_missing': False, 'use_normalized_data': False, 'seeds': [111, 1111, 11111], 'missing_rate': (0.4, 0.4, 0.4), 'dataPath': '/mnt/HDD2/teng/Master-23/sjc/work2/EMT-DLFR-master-based/MMSA/Datasets/MOSI/Processed/unaligned_50.pkl', 'seq_lens': (50, 375, 500), 'feature_dims': (768, 5, 20), 'train_samples': 1284, 'num_classes': 3, 'language': 'en', 'missing_seed': (111, 1111, 11111), 'data_missing': True, 'deal_missing': False, 'need_data_aligned': False, 'need_model_aligned': False, 'need_normalized': False, 'use_bert': True, 'use_finetune': True, 'save_labels': False, 'early_stop': 8, 'update_epochs': 4, 'batch_size': 32, 'learning_rate_bert': 5e-05, 'learning_rate_audio': 0.001, 'learning_rate_video': 0.0001, 'learning_rate_other': 0.001, 'weight_decay_bert': 0.001, 'weight_decay_audio': 0.01, 'weight_decay_video': 0.001, 'weight_decay_other': 0.001, 'a_lstm_hidden_size': 32, 'v_lstm_hidden_size': 64, 'a_lstm_layers': 1, 'v_lstm_layers': 1, 'text_out': 768, 'audio_out': 16, 'video_out': 32, 'a_lstm_dropout': 0.0, 'v_lstm_dropout': 0.0, 't_bert_dropout': 0.1, 'd_model': 128, 'fusion_layers': 3, 'heads': 4, 'learnable_pos_emb': False, 'emb_dropout': 0.0, 'attn_dropout': 0.2, 'ff_dropout': 0.1, 'ff_expansion': 4, 'mpu_share': True, 'modality_share': True, 'layer_share': True, 'attn_act_fn': 'tanh', 'gmc_tokens_pred_dim': 128, 'text_pred_dim': 256, 'audio_pred_dim': 8, 'video_pred_dim': 16, 'recon_loss': 'SmoothL1Loss', 'loss_recon_weight': 1, 'loss_attra_weight': 1, 'use_uncertainty_weighted_attra': False, 'use_per_modal_uncertainty_weight': True, 'uncertainty_attra_alpha': 0.2, 'modal_attra_weights': {'gmc': 1.0, 'text': 1.0, 'audio': 1.0, 'video': 1.0}, 'uncertainty_reg_weight': 0.2, 'uncertainty_reg_margin': 1e-05, 'uncertainty_before_weight': 0.1, 'post_fusion_dim': 256, 'post_fusion_dropout': 0.3, 'H': 3.0, 'cur_time': 3, 'model_save_path': 'results/mosi/emt-dlfr/run_once/models/emt-dlfr-mosi-regression-mr0.4-11111.pth', 'device': device(type='cuda', index=1), 'tasks': 'M'}>",<mean/std>,"(72.93, 1.44)","(72.84, 1.47)","(73.93, 1.32)","(73.94, 1.26)","(37.42, 1.91)","(33.34, 2.0)","(103.7, 0.9)","(55.77, 1.8)","(131.72, 1.43)","(103.55, 0.79)"
2026-02-12_08-23-04,emt-dlfr,"<Storage{'need_task_scheduling': False, 'is_tune': False, 'train_mode': 'regression', 'modelName': 'emt-dlfr', 'datasetName': 'mosi', 'num_workers': 4, 'model_save_dir': 'results/mosi/emt-dlfr/run_once/models', 'res_save_dir': 'results/mosi/emt-dlfr/run_once/results', 'gpu_ids': [1], 'missing_rates': array([0. , 0.1, 0.2, 0.3, 0.4, 0.5, 0.6, 0.7, 0.8, 0.9, 1. ]), 'seed': 11111, 'num_seeds': 3, 'exp_name': 'moe-uncertainty', 'diff_missing': None, 'KeyEval': 'Loss', 'save_model': True, 'unified_missing': False, 'use_normalized_data': False, 'seeds': [111, 1111, 11111], 'missing_rate': (0.4, 0.4, 0.4), 'dataPath': '/mnt/HDD2/teng/Master-23/sjc/work2/EMT-DLFR-master-based/MMSA/Datasets/MOSI/Processed/unaligned_50.pkl', 'seq_lens': (50, 375, 500), 'feature_dims': (768, 5, 20), 'train_samples': 1284, 'num_classes': 3, 'language': 'en', 'missing_seed': (111, 1111, 11111), 'data_missing': True, 'deal_missing': False, 'need_data_aligned': False, 'need_model_aligned': False, 'need_normalized': False, 'use_bert': True, 'use_finetune': True, 'save_labels': False, 'early_stop': 8, 'update_epochs': 4, 'batch_size': 32, 'learning_rate_bert': 5e-05, 'learning_rate_audio': 0.001, 'learning_rate_video': 0.0001, 'learning_rate_other': 0.001, 'weight_decay_bert': 0.001, 'weight_decay_audio': 0.01, 'weight_decay_video': 0.001, 'weight_decay_other': 0.001, 'a_lstm_hidden_size': 32, 'v_lstm_hidden_size': 64, 'a_lstm_layers': 1, 'v_lstm_layers': 1, 'text_out': 768, 'audio_out': 16, 'video_out': 32, 'a_lstm_dropout': 0.0, 'v_lstm_dropout': 0.0, 't_bert_dropout': 0.1, 'd_model': 128, 'fusion_layers': 3, 'heads': 4, 'learnable_pos_emb': False, 'emb_dropout': 0.0, 'attn_dropout': 0.2, 'ff_dropout': 0.1, 'ff_expansion': 4, 'mpu_share': True, 'modality_share': True, 'layer_share': True, 'attn_act_fn': 'tanh', 'gmc_tokens_pred_dim': 128, 'text_pred_dim': 256, 'audio_pred_dim': 8, 'video_pred_dim': 16, 'recon_loss': 'SmoothL1Loss', 'loss_recon_weight': 1, 'loss_attra_weight': 1, 'use_uncertainty_weighted_attra': False, 'use_per_modal_uncertainty_weight': True, 'uncertainty_attra_alpha': 0.2, 'modal_attra_weights': {'gmc': 1.0, 'text': 1.0, 'audio': 1.0, 'video': 1.0}, 'uncertainty_reg_weight': 0.2, 'uncertainty_reg_margin': 1e-05, 'uncertainty_before_weight': 0.1, 'post_fusion_dim': 256, 'post_fusion_dropout': 0.3, 'H': 3.0, 'cur_time': 3, 'model_save_path': 'results/mosi/emt-dlfr/run_once/models/emt-dlfr-mosi-regression-mr0.4-11111.pth', 'device': device(type='cuda', index=1), 'tasks': 'M'}>",<max/seed>,"(74.78, 111)","(74.84, 111)","(75.15, 111)","(75.29, 111)","(39.65, 11111)","(36.01, 11111)","(104.4, 1111)","(57.92, 11111)","(132.83, 1111)","(104.17, 111)"
2026-02-12_08-23-04,emt-dlfr,"<Storage{'need_task_scheduling': False, 'is_tune': False, 'train_mode': 'regression', 'modelName': 'emt-dlfr', 'datasetName': 'mosi', 'num_workers': 4, 'model_save_dir': 'results/mosi/emt-dlfr/run_once/models', 'res_save_dir': 'results/mosi/emt-dlfr/run_once/results', 'gpu_ids': [1], 'missing_rates': array([0. , 0.1, 0.2, 0.3, 0.4, 0.5, 0.6, 0.7, 0.8, 0.9, 1. ]), 'seed': 11111, 'num_seeds': 3, 'exp_name': 'moe-uncertainty', 'diff_missing': None, 'KeyEval': 'Loss', 'save_model': True, 'unified_missing': False, 'use_normalized_data': False, 'seeds': [111, 1111, 11111], 'missing_rate': (0.4, 0.4, 0.4), 'dataPath': '/mnt/HDD2/teng/Master-23/sjc/work2/EMT-DLFR-master-based/MMSA/Datasets/MOSI/Processed/unaligned_50.pkl', 'seq_lens': (50, 375, 500), 'feature_dims': (768, 5, 20), 'train_samples': 1284, 'num_classes': 3, 'language': 'en', 'missing_seed': (111, 1111, 11111), 'data_missing': True, 'deal_missing': False, 'need_data_aligned': False, 'need_model_aligned': False, 'need_normalized': False, 'use_bert': True, 'use_finetune': True, 'save_labels': False, 'early_stop': 8, 'update_epochs': 4, 'batch_size': 32, 'learning_rate_bert': 5e-05, 'learning_rate_audio': 0.001, 'learning_rate_video': 0.0001, 'learning_rate_other': 0.001, 'weight_decay_bert': 0.001, 'weight_decay_audio': 0.01, 'weight_decay_video': 0.001, 'weight_decay_other': 0.001, 'a_lstm_hidden_size': 32, 'v_lstm_hidden_size': 64, 'a_lstm_layers': 1, 'v_lstm_layers': 1, 'text_out': 768, 'audio_out': 16, 'video_out': 32, 'a_lstm_dropout': 0.0, 'v_lstm_dropout': 0.0, 't_bert_dropout': 0.1, 'd_model': 128, 'fusion_layers': 3, 'heads': 4, 'learnable_pos_emb': False, 'emb_dropout': 0.0, 'attn_dropout': 0.2, 'ff_dropout': 0.1, 'ff_expansion': 4, 'mpu_share': True, 'modality_share': True, 'layer_share': True, 'attn_act_fn': 'tanh', 'gmc_tokens_pred_dim': 128, 'text_pred_dim': 256, 'audio_pred_dim': 8, 'video_pred_dim': 16, 'recon_loss': 'SmoothL1Loss', 'loss_recon_weight': 1, 'loss_attra_weight': 1, 'use_uncertainty_weighted_attra': False, 'use_per_modal_uncertainty_weight': True, 'uncertainty_attra_alpha': 0.2, 'modal_attra_weights': {'gmc': 1.0, 'text': 1.0, 'audio': 1.0, 'video': 1.0}, 'uncertainty_reg_weight': 0.2, 'uncertainty_reg_margin': 1e-05, 'uncertainty_before_weight': 0.1, 'post_fusion_dim': 256, 'post_fusion_dropout': 0.3, 'H': 3.0, 'cur_time': 3, 'model_save_path': 'results/mosi/emt-dlfr/run_once/models/emt-dlfr-mosi-regression-mr0.4-11111.pth', 'device': device(type='cuda', index=1), 'tasks': 'M'}>",<min/seed>,"(71.28, 11111)","(71.35, 11111)","(72.1, 11111)","(72.26, 11111)","(34.99, 111)","(31.2, 111)","(102.43, 11111)","(53.51, 1111)","(129.71, 11111)","(102.43, 11111)"
2026-02-12_13-18-44,emt-dlfr,"<Storage{'need_task_scheduling': False, 'is_tune': False, 'train_mode': 'regression', 'modelName': 'emt-dlfr', 'datasetName': 'mosi', 'num_workers': 4, 'model_save_dir': 'results/mosi/emt-dlfr/run_once/models', 'res_save_dir': 'results/mosi/emt-dlfr/run_once/results', 'gpu_ids': [1], 'missing_rates': array([0. , 0.1, 0.2, 0.3, 0.4, 0.5, 0.6, 0.7, 0.8, 0.9, 1. ]), 'seed': 11111, 'num_seeds': 3, 'exp_name': 'moe-uncertainty', 'diff_missing': None, 'KeyEval': 'Loss', 'save_model': True, 'unified_missing': False, 'use_normalized_data': False, 'seeds': [111, 1111, 11111], 'missing_rate': (0.4, 0.4, 0.4), 'dataPath': '/mnt/HDD2/teng/Master-23/sjc/work2/EMT-DLFR-master-based/MMSA/Datasets/MOSI/Processed/unaligned_50.pkl', 'seq_lens': (50, 375, 500), 'feature_dims': (768, 5, 20), 'train_samples': 1284, 'num_classes': 3, 'language': 'en', 'missing_seed': (111, 1111, 11111), 'data_missing': True, 'deal_missing': False, 'need_data_aligned': False, 'need_model_aligned': False, 'need_normalized': False, 'use_bert': True, 'use_finetune': True, 'save_labels': False, 'early_stop': 8, 'update_epochs': 4, 'batch_size': 32, 'learning_rate_bert': 5e-05, 'learning_rate_audio': 0.001, 'learning_rate_video': 0.0001, 'learning_rate_other': 0.001, 'weight_decay_bert': 0.001, 'weight_decay_audio': 0.01, 'weight_decay_video': 0.001, 'weight_decay_other': 0.001, 'a_lstm_hidden_size': 32, 'v_lstm_hidden_size': 64, 'a_lstm_layers': 1, 'v_lstm_layers': 1, 'text_out': 768, 'audio_out': 16, 'video_out': 32, 'a_lstm_dropout': 0.0, 'v_lstm_dropout': 0.0, 't_bert_dropout': 0.1, 'd_model': 128, 'fusion_layers': 3, 'heads': 4, 'learnable_pos_emb': False, 'emb_dropout': 0.0, 'attn_dropout': 0.2, 'ff_dropout': 0.1, 'ff_expansion': 4, 'mpu_share': True, 'modality_share': True, 'layer_share': True, 'attn_act_fn': 'tanh', 'gmc_tokens_pred_dim': 128, 'text_pred_dim': 256, 'audio_pred_dim': 8, 'video_pred_dim': 16, 'recon_loss': 'SmoothL1Loss', 'loss_recon_weight': 1, 'loss_attra_weight': 1, 'use_uncertainty_weighted_attra': True, 'use_per_modal_uncertainty_weight': True, 'uncertainty_attra_alpha': 0.2, 'modal_attra_weights': {'gmc': 1.0, 'text': 1.1, 'audio': 1.0, 'video': 1.0}, 'uncertainty_reg_weight': 0, 'uncertainty_reg_margin': 1e-05, 'uncertainty_before_weight': 0.1, 'post_fusion_dim': 256, 'post_fusion_dropout': 0.3, 'H': 3.0, 'boundary_loss_weight': 0.1, 'cur_time': 3, 'model_save_path': 'results/mosi/emt-dlfr/run_once/models/emt-dlfr-mosi-regression-mr0.4-11111.pth', 'device': device(type='cuda', index=1), 'tasks': 'M'}>",111,72.45,72.48,73.02,73.13,38.05,34.55,106.25,54.74,134.05,106.15
2026-02-12_13-18-44,emt-dlfr,"<Storage{'need_task_scheduling': False, 'is_tune': False, 'train_mode': 'regression', 'modelName': 'emt-dlfr', 'datasetName': 'mosi', 'num_workers': 4, 'model_save_dir': 'results/mosi/emt-dlfr/run_once/models', 'res_save_dir': 'results/mosi/emt-dlfr/run_once/results', 'gpu_ids': [1], 'missing_rates': array([0. , 0.1, 0.2, 0.3, 0.4, 0.5, 0.6, 0.7, 0.8, 0.9, 1. ]), 'seed': 11111, 'num_seeds': 3, 'exp_name': 'moe-uncertainty', 'diff_missing': None, 'KeyEval': 'Loss', 'save_model': True, 'unified_missing': False, 'use_normalized_data': False, 'seeds': [111, 1111, 11111], 'missing_rate': (0.4, 0.4, 0.4), 'dataPath': '/mnt/HDD2/teng/Master-23/sjc/work2/EMT-DLFR-master-based/MMSA/Datasets/MOSI/Processed/unaligned_50.pkl', 'seq_lens': (50, 375, 500), 'feature_dims': (768, 5, 20), 'train_samples': 1284, 'num_classes': 3, 'language': 'en', 'missing_seed': (111, 1111, 11111), 'data_missing': True, 'deal_missing': False, 'need_data_aligned': False, 'need_model_aligned': False, 'need_normalized': False, 'use_bert': True, 'use_finetune': True, 'save_labels': False, 'early_stop': 8, 'update_epochs': 4, 'batch_size': 32, 'learning_rate_bert': 5e-05, 'learning_rate_audio': 0.001, 'learning_rate_video': 0.0001, 'learning_rate_other': 0.001, 'weight_decay_bert': 0.001, 'weight_decay_audio': 0.01, 'weight_decay_video': 0.001, 'weight_decay_other': 0.001, 'a_lstm_hidden_size': 32, 'v_lstm_hidden_size': 64, 'a_lstm_layers': 1, 'v_lstm_layers': 1, 'text_out': 768, 'audio_out': 16, 'video_out': 32, 'a_lstm_dropout': 0.0, 'v_lstm_dropout': 0.0, 't_bert_dropout': 0.1, 'd_model': 128, 'fusion_layers': 3, 'heads': 4, 'learnable_pos_emb': False, 'emb_dropout': 0.0, 'attn_dropout': 0.2, 'ff_dropout': 0.1, 'ff_expansion': 4, 'mpu_share': True, 'modality_share': True, 'layer_share': True, 'attn_act_fn': 'tanh', 'gmc_tokens_pred_dim': 128, 'text_pred_dim': 256, 'audio_pred_dim': 8, 'video_pred_dim': 16, 'recon_loss': 'SmoothL1Loss', 'loss_recon_weight': 1, 'loss_attra_weight': 1, 'use_uncertainty_weighted_attra': True, 'use_per_modal_uncertainty_weight': True, 'uncertainty_attra_alpha': 0.2, 'modal_attra_weights': {'gmc': 1.0, 'text': 1.1, 'audio': 1.0, 'video': 1.0}, 'uncertainty_reg_weight': 0, 'uncertainty_reg_margin': 1e-05, 'uncertainty_before_weight': 0.1, 'post_fusion_dim': 256, 'post_fusion_dropout': 0.3, 'H': 3.0, 'boundary_loss_weight': 0.1, 'cur_time': 3, 'model_save_path': 'results/mosi/emt-dlfr/run_once/models/emt-dlfr-mosi-regression-mr0.4-11111.pth', 'device': device(type='cuda', index=1), 'tasks': 'M'}>",1111,73.03,73.09,73.93,74.07,37.61,33.38,102.0,56.81,127.17,101.93
2026-02-12_13-18-44,emt-dlfr,"<Storage{'need_task_scheduling': False, 'is_tune': False, 'train_mode': 'regression', 'modelName': 'emt-dlfr', 'datasetName': 'mosi', 'num_workers': 4, 'model_save_dir': 'results/mosi/emt-dlfr/run_once/models', 'res_save_dir': 'results/mosi/emt-dlfr/run_once/results', 'gpu_ids': [1], 'missing_rates': array([0. , 0.1, 0.2, 0.3, 0.4, 0.5, 0.6, 0.7, 0.8, 0.9, 1. ]), 'seed': 11111, 'num_seeds': 3, 'exp_name': 'moe-uncertainty', 'diff_missing': None, 'KeyEval': 'Loss', 'save_model': True, 'unified_missing': False, 'use_normalized_data': False, 'seeds': [111, 1111, 11111], 'missing_rate': (0.4, 0.4, 0.4), 'dataPath': '/mnt/HDD2/teng/Master-23/sjc/work2/EMT-DLFR-master-based/MMSA/Datasets/MOSI/Processed/unaligned_50.pkl', 'seq_lens': (50, 375, 500), 'feature_dims': (768, 5, 20), 'train_samples': 1284, 'num_classes': 3, 'language': 'en', 'missing_seed': (111, 1111, 11111), 'data_missing': True, 'deal_missing': False, 'need_data_aligned': False, 'need_model_aligned': False, 'need_normalized': False, 'use_bert': True, 'use_finetune': True, 'save_labels': False, 'early_stop': 8, 'update_epochs': 4, 'batch_size': 32, 'learning_rate_bert': 5e-05, 'learning_rate_audio': 0.001, 'learning_rate_video': 0.0001, 'learning_rate_other': 0.001, 'weight_decay_bert': 0.001, 'weight_decay_audio': 0.01, 'weight_decay_video': 0.001, 'weight_decay_other': 0.001, 'a_lstm_hidden_size': 32, 'v_lstm_hidden_size': 64, 'a_lstm_layers': 1, 'v_lstm_layers': 1, 'text_out': 768, 'audio_out': 16, 'video_out': 32, 'a_lstm_dropout': 0.0, 'v_lstm_dropout': 0.0, 't_bert_dropout': 0.1, 'd_model': 128, 'fusion_layers': 3, 'heads': 4, 'learnable_pos_emb': False, 'emb_dropout': 0.0, 'attn_dropout': 0.2, 'ff_dropout': 0.1, 'ff_expansion': 4, 'mpu_share': True, 'modality_share': True, 'layer_share': True, 'attn_act_fn': 'tanh', 'gmc_tokens_pred_dim': 128, 'text_pred_dim': 256, 'audio_pred_dim': 8, 'video_pred_dim': 16, 'recon_loss': 'SmoothL1Loss', 'loss_recon_weight': 1, 'loss_attra_weight': 1, 'use_uncertainty_weighted_attra': True, 'use_per_modal_uncertainty_weight': True, 'uncertainty_attra_alpha': 0.2, 'modal_attra_weights': {'gmc': 1.0, 'text': 1.1, 'audio': 1.0, 'video': 1.0}, 'uncertainty_reg_weight': 0, 'uncertainty_reg_margin': 1e-05, 'uncertainty_before_weight': 0.1, 'post_fusion_dim': 256, 'post_fusion_dropout': 0.3, 'H': 3.0, 'boundary_loss_weight': 0.1, 'cur_time': 3, 'model_save_path': 'results/mosi/emt-dlfr/run_once/models/emt-dlfr-mosi-regression-mr0.4-11111.pth', 'device': device(type='cuda', index=1), 'tasks': 'M'}>",11111,72.01,71.98,73.02,73.07,37.32,33.38,101.31,58.04,127.94,101.28
2026-02-12_13-18-44,emt-dlfr,"<Storage{'need_task_scheduling': False, 'is_tune': False, 'train_mode': 'regression', 'modelName': 'emt-dlfr', 'datasetName': 'mosi', 'num_workers': 4, 'model_save_dir': 'results/mosi/emt-dlfr/run_once/models', 'res_save_dir': 'results/mosi/emt-dlfr/run_once/results', 'gpu_ids': [1], 'missing_rates': array([0. , 0.1, 0.2, 0.3, 0.4, 0.5, 0.6, 0.7, 0.8, 0.9, 1. ]), 'seed': 11111, 'num_seeds': 3, 'exp_name': 'moe-uncertainty', 'diff_missing': None, 'KeyEval': 'Loss', 'save_model': True, 'unified_missing': False, 'use_normalized_data': False, 'seeds': [111, 1111, 11111], 'missing_rate': (0.4, 0.4, 0.4), 'dataPath': '/mnt/HDD2/teng/Master-23/sjc/work2/EMT-DLFR-master-based/MMSA/Datasets/MOSI/Processed/unaligned_50.pkl', 'seq_lens': (50, 375, 500), 'feature_dims': (768, 5, 20), 'train_samples': 1284, 'num_classes': 3, 'language': 'en', 'missing_seed': (111, 1111, 11111), 'data_missing': True, 'deal_missing': False, 'need_data_aligned': False, 'need_model_aligned': False, 'need_normalized': False, 'use_bert': True, 'use_finetune': True, 'save_labels': False, 'early_stop': 8, 'update_epochs': 4, 'batch_size': 32, 'learning_rate_bert': 5e-05, 'learning_rate_audio': 0.001, 'learning_rate_video': 0.0001, 'learning_rate_other': 0.001, 'weight_decay_bert': 0.001, 'weight_decay_audio': 0.01, 'weight_decay_video': 0.001, 'weight_decay_other': 0.001, 'a_lstm_hidden_size': 32, 'v_lstm_hidden_size': 64, 'a_lstm_layers': 1, 'v_lstm_layers': 1, 'text_out': 768, 'audio_out': 16, 'video_out': 32, 'a_lstm_dropout': 0.0, 'v_lstm_dropout': 0.0, 't_bert_dropout': 0.1, 'd_model': 128, 'fusion_layers': 3, 'heads': 4, 'learnable_pos_emb': False, 'emb_dropout': 0.0, 'attn_dropout': 0.2, 'ff_dropout': 0.1, 'ff_expansion': 4, 'mpu_share': True, 'modality_share': True, 'layer_share': True, 'attn_act_fn': 'tanh', 'gmc_tokens_pred_dim': 128, 'text_pred_dim': 256, 'audio_pred_dim': 8, 'video_pred_dim': 16, 'recon_loss': 'SmoothL1Loss', 'loss_recon_weight': 1, 'loss_attra_weight': 1, 'use_uncertainty_weighted_attra': True, 'use_per_modal_uncertainty_weight': True, 'uncertainty_attra_alpha': 0.2, 'modal_attra_weights': {'gmc': 1.0, 'text': 1.1, 'audio': 1.0, 'video': 1.0}, 'uncertainty_reg_weight': 0, 'uncertainty_reg_margin': 1e-05, 'uncertainty_before_weight': 0.1, 'post_fusion_dim': 256, 'post_fusion_dropout': 0.3, 'H': 3.0, 'boundary_loss_weight': 0.1, 'cur_time': 3, 'model_save_path': 'results/mosi/emt-dlfr/run_once/models/emt-dlfr-mosi-regression-mr0.4-11111.pth', 'device': device(type='cuda', index=1), 'tasks': 'M'}>",<mean/std>,"(72.5, 0.42)","(72.52, 0.45)","(73.32, 0.43)","(73.42, 0.46)","(37.66, 0.3)","(33.77, 0.55)","(103.19, 2.18)","(56.53, 1.36)","(129.72, 3.08)","(103.12, 2.16)"
2026-02-12_13-18-44,emt-dlfr,"<Storage{'need_task_scheduling': False, 'is_tune': False, 'train_mode': 'regression', 'modelName': 'emt-dlfr', 'datasetName': 'mosi', 'num_workers': 4, 'model_save_dir': 'results/mosi/emt-dlfr/run_once/models', 'res_save_dir': 'results/mosi/emt-dlfr/run_once/results', 'gpu_ids': [1], 'missing_rates': array([0. , 0.1, 0.2, 0.3, 0.4, 0.5, 0.6, 0.7, 0.8, 0.9, 1. ]), 'seed': 11111, 'num_seeds': 3, 'exp_name': 'moe-uncertainty', 'diff_missing': None, 'KeyEval': 'Loss', 'save_model': True, 'unified_missing': False, 'use_normalized_data': False, 'seeds': [111, 1111, 11111], 'missing_rate': (0.4, 0.4, 0.4), 'dataPath': '/mnt/HDD2/teng/Master-23/sjc/work2/EMT-DLFR-master-based/MMSA/Datasets/MOSI/Processed/unaligned_50.pkl', 'seq_lens': (50, 375, 500), 'feature_dims': (768, 5, 20), 'train_samples': 1284, 'num_classes': 3, 'language': 'en', 'missing_seed': (111, 1111, 11111), 'data_missing': True, 'deal_missing': False, 'need_data_aligned': False, 'need_model_aligned': False, 'need_normalized': False, 'use_bert': True, 'use_finetune': True, 'save_labels': False, 'early_stop': 8, 'update_epochs': 4, 'batch_size': 32, 'learning_rate_bert': 5e-05, 'learning_rate_audio': 0.001, 'learning_rate_video': 0.0001, 'learning_rate_other': 0.001, 'weight_decay_bert': 0.001, 'weight_decay_audio': 0.01, 'weight_decay_video': 0.001, 'weight_decay_other': 0.001, 'a_lstm_hidden_size': 32, 'v_lstm_hidden_size': 64, 'a_lstm_layers': 1, 'v_lstm_layers': 1, 'text_out': 768, 'audio_out': 16, 'video_out': 32, 'a_lstm_dropout': 0.0, 'v_lstm_dropout': 0.0, 't_bert_dropout': 0.1, 'd_model': 128, 'fusion_layers': 3, 'heads': 4, 'learnable_pos_emb': False, 'emb_dropout': 0.0, 'attn_dropout': 0.2, 'ff_dropout': 0.1, 'ff_expansion': 4, 'mpu_share': True, 'modality_share': True, 'layer_share': True, 'attn_act_fn': 'tanh', 'gmc_tokens_pred_dim': 128, 'text_pred_dim': 256, 'audio_pred_dim': 8, 'video_pred_dim': 16, 'recon_loss': 'SmoothL1Loss', 'loss_recon_weight': 1, 'loss_attra_weight': 1, 'use_uncertainty_weighted_attra': True, 'use_per_modal_uncertainty_weight': True, 'uncertainty_attra_alpha': 0.2, 'modal_attra_weights': {'gmc': 1.0, 'text': 1.1, 'audio': 1.0, 'video': 1.0}, 'uncertainty_reg_weight': 0, 'uncertainty_reg_margin': 1e-05, 'uncertainty_before_weight': 0.1, 'post_fusion_dim': 256, 'post_fusion_dropout': 0.3, 'H': 3.0, 'boundary_loss_weight': 0.1, 'cur_time': 3, 'model_save_path': 'results/mosi/emt-dlfr/run_once/models/emt-dlfr-mosi-regression-mr0.4-11111.pth', 'device': device(type='cuda', index=1), 'tasks': 'M'}>",<max/seed>,"(73.03, 1111)","(73.09, 1111)","(73.93, 1111)","(74.07, 1111)","(38.05, 111)","(34.55, 111)","(106.25, 111)","(58.04, 11111)","(134.05, 111)","(106.15, 111)"
2026-02-12_13-18-44,emt-dlfr,"<Storage{'need_task_scheduling': False, 'is_tune': False, 'train_mode': 'regression', 'modelName': 'emt-dlfr', 'datasetName': 'mosi', 'num_workers': 4, 'model_save_dir': 'results/mosi/emt-dlfr/run_once/models', 'res_save_dir': 'results/mosi/emt-dlfr/run_once/results', 'gpu_ids': [1], 'missing_rates': array([0. , 0.1, 0.2, 0.3, 0.4, 0.5, 0.6, 0.7, 0.8, 0.9, 1. ]), 'seed': 11111, 'num_seeds': 3, 'exp_name': 'moe-uncertainty', 'diff_missing': None, 'KeyEval': 'Loss', 'save_model': True, 'unified_missing': False, 'use_normalized_data': False, 'seeds': [111, 1111, 11111], 'missing_rate': (0.4, 0.4, 0.4), 'dataPath': '/mnt/HDD2/teng/Master-23/sjc/work2/EMT-DLFR-master-based/MMSA/Datasets/MOSI/Processed/unaligned_50.pkl', 'seq_lens': (50, 375, 500), 'feature_dims': (768, 5, 20), 'train_samples': 1284, 'num_classes': 3, 'language': 'en', 'missing_seed': (111, 1111, 11111), 'data_missing': True, 'deal_missing': False, 'need_data_aligned': False, 'need_model_aligned': False, 'need_normalized': False, 'use_bert': True, 'use_finetune': True, 'save_labels': False, 'early_stop': 8, 'update_epochs': 4, 'batch_size': 32, 'learning_rate_bert': 5e-05, 'learning_rate_audio': 0.001, 'learning_rate_video': 0.0001, 'learning_rate_other': 0.001, 'weight_decay_bert': 0.001, 'weight_decay_audio': 0.01, 'weight_decay_video': 0.001, 'weight_decay_other': 0.001, 'a_lstm_hidden_size': 32, 'v_lstm_hidden_size': 64, 'a_lstm_layers': 1, 'v_lstm_layers': 1, 'text_out': 768, 'audio_out': 16, 'video_out': 32, 'a_lstm_dropout': 0.0, 'v_lstm_dropout': 0.0, 't_bert_dropout': 0.1, 'd_model': 128, 'fusion_layers': 3, 'heads': 4, 'learnable_pos_emb': False, 'emb_dropout': 0.0, 'attn_dropout': 0.2, 'ff_dropout': 0.1, 'ff_expansion': 4, 'mpu_share': True, 'modality_share': True, 'layer_share': True, 'attn_act_fn': 'tanh', 'gmc_tokens_pred_dim': 128, 'text_pred_dim': 256, 'audio_pred_dim': 8, 'video_pred_dim': 16, 'recon_loss': 'SmoothL1Loss', 'loss_recon_weight': 1, 'loss_attra_weight': 1, 'use_uncertainty_weighted_attra': True, 'use_per_modal_uncertainty_weight': True, 'uncertainty_attra_alpha': 0.2, 'modal_attra_weights': {'gmc': 1.0, 'text': 1.1, 'audio': 1.0, 'video': 1.0}, 'uncertainty_reg_weight': 0, 'uncertainty_reg_margin': 1e-05, 'uncertainty_before_weight': 0.1, 'post_fusion_dim': 256, 'post_fusion_dropout': 0.3, 'H': 3.0, 'boundary_loss_weight': 0.1, 'cur_time': 3, 'model_save_path': 'results/mosi/emt-dlfr/run_once/models/emt-dlfr-mosi-regression-mr0.4-11111.pth', 'device': device(type='cuda', index=1), 'tasks': 'M'}>",<min/seed>,"(72.01, 11111)","(71.98, 11111)","(73.02, 111)","(73.07, 11111)","(37.32, 11111)","(33.38, 1111)","(101.31, 11111)","(54.74, 111)","(127.17, 1111)","(101.28, 11111)"
2026-02-12_17-28-17,emt-dlfr,"<Storage{'need_task_scheduling': False, 'is_tune': False, 'train_mode': 'regression', 'modelName': 'emt-dlfr', 'datasetName': 'mosi', 'num_workers': 4, 'model_save_dir': 'results/mosi/emt-dlfr/run_once/models', 'res_save_dir': 'results/mosi/emt-dlfr/run_once/results', 'gpu_ids': [1], 'missing_rates': array([0. , 0.1, 0.2, 0.3, 0.4, 0.5, 0.6, 0.7, 0.8, 0.9, 1. ]), 'seed': 11111, 'num_seeds': 3, 'exp_name': 'moe-uncertainty', 'diff_missing': None, 'KeyEval': 'Loss', 'save_model': True, 'unified_missing': False, 'use_normalized_data': False, 'seeds': [111, 1111, 11111], 'missing_rate': (0.4, 0.4, 0.4), 'dataPath': '/mnt/HDD2/teng/Master-23/sjc/work2/EMT-DLFR-master-based/MMSA/Datasets/MOSI/Processed/unaligned_50.pkl', 'seq_lens': (50, 375, 500), 'feature_dims': (768, 5, 20), 'train_samples': 1284, 'num_classes': 3, 'language': 'en', 'missing_seed': (111, 1111, 11111), 'data_missing': True, 'deal_missing': False, 'need_data_aligned': False, 'need_model_aligned': False, 'need_normalized': False, 'use_bert': True, 'use_finetune': True, 'save_labels': False, 'early_stop': 8, 'update_epochs': 4, 'batch_size': 32, 'learning_rate_bert': 5e-05, 'learning_rate_audio': 0.001, 'learning_rate_video': 0.0001, 'learning_rate_other': 0.001, 'weight_decay_bert': 0.001, 'weight_decay_audio': 0.01, 'weight_decay_video': 0.001, 'weight_decay_other': 0.001, 'a_lstm_hidden_size': 32, 'v_lstm_hidden_size': 64, 'a_lstm_layers': 1, 'v_lstm_layers': 1, 'text_out': 768, 'audio_out': 16, 'video_out': 32, 'a_lstm_dropout': 0.0, 'v_lstm_dropout': 0.0, 't_bert_dropout': 0.1, 'd_model': 128, 'fusion_layers': 3, 'heads': 4, 'learnable_pos_emb': False, 'emb_dropout': 0.0, 'attn_dropout': 0.2, 'ff_dropout': 0.1, 'ff_expansion': 4, 'mpu_share': True, 'modality_share': True, 'layer_share': True, 'attn_act_fn': 'tanh', 'gmc_tokens_pred_dim': 128, 'text_pred_dim': 256, 'audio_pred_dim': 8, 'video_pred_dim': 16, 'recon_loss': 'SmoothL1Loss', 'loss_recon_weight': 1, 'loss_attra_weight': 1, 'use_uncertainty_weighted_attra': True, 'use_per_modal_uncertainty_weight': True, 'uncertainty_attra_alpha': 0.2, 'modal_attra_weights': {'gmc': 1.0, 'text': 1.1, 'audio': 1.0, 'video': 1.0}, 'uncertainty_reg_weight': 0.2, 'uncertainty_reg_margin': 1e-05, 'uncertainty_before_weight': 0.1, 'post_fusion_dim': 256, 'post_fusion_dropout': 0.3, 'H': 3.0, 'boundary_loss_weight': 0.1, 'cur_time': 3, 'model_save_path': 'results/mosi/emt-dlfr/run_once/models/emt-dlfr-mosi-regression-mr0.4-11111.pth', 'device': device(type='cuda', index=1), 'tasks': 'M'}>",111,72.89,72.91,73.02,73.15,36.3,32.65,107.93,56.73,135.08,107.76
2026-02-12_17-28-17,emt-dlfr,"<Storage{'need_task_scheduling': False, 'is_tune': False, 'train_mode': 'regression', 'modelName': 'emt-dlfr', 'datasetName': 'mosi', 'num_workers': 4, 'model_save_dir': 'results/mosi/emt-dlfr/run_once/models', 'res_save_dir': 'results/mosi/emt-dlfr/run_once/results', 'gpu_ids': [1], 'missing_rates': array([0. , 0.1, 0.2, 0.3, 0.4, 0.5, 0.6, 0.7, 0.8, 0.9, 1. ]), 'seed': 11111, 'num_seeds': 3, 'exp_name': 'moe-uncertainty', 'diff_missing': None, 'KeyEval': 'Loss', 'save_model': True, 'unified_missing': False, 'use_normalized_data': False, 'seeds': [111, 1111, 11111], 'missing_rate': (0.4, 0.4, 0.4), 'dataPath': '/mnt/HDD2/teng/Master-23/sjc/work2/EMT-DLFR-master-based/MMSA/Datasets/MOSI/Processed/unaligned_50.pkl', 'seq_lens': (50, 375, 500), 'feature_dims': (768, 5, 20), 'train_samples': 1284, 'num_classes': 3, 'language': 'en', 'missing_seed': (111, 1111, 11111), 'data_missing': True, 'deal_missing': False, 'need_data_aligned': False, 'need_model_aligned': False, 'need_normalized': False, 'use_bert': True, 'use_finetune': True, 'save_labels': False, 'early_stop': 8, 'update_epochs': 4, 'batch_size': 32, 'learning_rate_bert': 5e-05, 'learning_rate_audio': 0.001, 'learning_rate_video': 0.0001, 'learning_rate_other': 0.001, 'weight_decay_bert': 0.001, 'weight_decay_audio': 0.01, 'weight_decay_video': 0.001, 'weight_decay_other': 0.001, 'a_lstm_hidden_size': 32, 'v_lstm_hidden_size': 64, 'a_lstm_layers': 1, 'v_lstm_layers': 1, 'text_out': 768, 'audio_out': 16, 'video_out': 32, 'a_lstm_dropout': 0.0, 'v_lstm_dropout': 0.0, 't_bert_dropout': 0.1, 'd_model': 128, 'fusion_layers': 3, 'heads': 4, 'learnable_pos_emb': False, 'emb_dropout': 0.0, 'attn_dropout': 0.2, 'ff_dropout': 0.1, 'ff_expansion': 4, 'mpu_share': True, 'modality_share': True, 'layer_share': True, 'attn_act_fn': 'tanh', 'gmc_tokens_pred_dim': 128, 'text_pred_dim': 256, 'audio_pred_dim': 8, 'video_pred_dim': 16, 'recon_loss': 'SmoothL1Loss', 'loss_recon_weight': 1, 'loss_attra_weight': 1, 'use_uncertainty_weighted_attra': True, 'use_per_modal_uncertainty_weight': True, 'uncertainty_attra_alpha': 0.2, 'modal_attra_weights': {'gmc': 1.0, 'text': 1.1, 'audio': 1.0, 'video': 1.0}, 'uncertainty_reg_weight': 0.2, 'uncertainty_reg_margin': 1e-05, 'uncertainty_before_weight': 0.1, 'post_fusion_dim': 256, 'post_fusion_dropout': 0.3, 'H': 3.0, 'boundary_loss_weight': 0.1, 'cur_time': 3, 'model_save_path': 'results/mosi/emt-dlfr/run_once/models/emt-dlfr-mosi-regression-mr0.4-11111.pth', 'device': device(type='cuda', index=1), 'tasks': 'M'}>",1111,73.18,73.21,73.93,74.04,37.9,33.82,102.83,56.05,127.65,102.33
2026-02-12_17-28-17,emt-dlfr,"<Storage{'need_task_scheduling': False, 'is_tune': False, 'train_mode': 'regression', 'modelName': 'emt-dlfr', 'datasetName': 'mosi', 'num_workers': 4, 'model_save_dir': 'results/mosi/emt-dlfr/run_once/models', 'res_save_dir': 'results/mosi/emt-dlfr/run_once/results', 'gpu_ids': [1], 'missing_rates': array([0. , 0.1, 0.2, 0.3, 0.4, 0.5, 0.6, 0.7, 0.8, 0.9, 1. ]), 'seed': 11111, 'num_seeds': 3, 'exp_name': 'moe-uncertainty', 'diff_missing': None, 'KeyEval': 'Loss', 'save_model': True, 'unified_missing': False, 'use_normalized_data': False, 'seeds': [111, 1111, 11111], 'missing_rate': (0.4, 0.4, 0.4), 'dataPath': '/mnt/HDD2/teng/Master-23/sjc/work2/EMT-DLFR-master-based/MMSA/Datasets/MOSI/Processed/unaligned_50.pkl', 'seq_lens': (50, 375, 500), 'feature_dims': (768, 5, 20), 'train_samples': 1284, 'num_classes': 3, 'language': 'en', 'missing_seed': (111, 1111, 11111), 'data_missing': True, 'deal_missing': False, 'need_data_aligned': False, 'need_model_aligned': False, 'need_normalized': False, 'use_bert': True, 'use_finetune': True, 'save_labels': False, 'early_stop': 8, 'update_epochs': 4, 'batch_size': 32, 'learning_rate_bert': 5e-05, 'learning_rate_audio': 0.001, 'learning_rate_video': 0.0001, 'learning_rate_other': 0.001, 'weight_decay_bert': 0.001, 'weight_decay_audio': 0.01, 'weight_decay_video': 0.001, 'weight_decay_other': 0.001, 'a_lstm_hidden_size': 32, 'v_lstm_hidden_size': 64, 'a_lstm_layers': 1, 'v_lstm_layers': 1, 'text_out': 768, 'audio_out': 16, 'video_out': 32, 'a_lstm_dropout': 0.0, 'v_lstm_dropout': 0.0, 't_bert_dropout': 0.1, 'd_model': 128, 'fusion_layers': 3, 'heads': 4, 'learnable_pos_emb': False, 'emb_dropout': 0.0, 'attn_dropout': 0.2, 'ff_dropout': 0.1, 'ff_expansion': 4, 'mpu_share': True, 'modality_share': True, 'layer_share': True, 'attn_act_fn': 'tanh', 'gmc_tokens_pred_dim': 128, 'text_pred_dim': 256, 'audio_pred_dim': 8, 'video_pred_dim': 16, 'recon_loss': 'SmoothL1Loss', 'loss_recon_weight': 1, 'loss_attra_weight': 1, 'use_uncertainty_weighted_attra': True, 'use_per_modal_uncertainty_weight': True, 'uncertainty_attra_alpha': 0.2, 'modal_attra_weights': {'gmc': 1.0, 'text': 1.1, 'audio': 1.0, 'video': 1.0}, 'uncertainty_reg_weight': 0.2, 'uncertainty_reg_margin': 1e-05, 'uncertainty_before_weight': 0.1, 'post_fusion_dim': 256, 'post_fusion_dropout': 0.3, 'H': 3.0, 'boundary_loss_weight': 0.1, 'cur_time': 3, 'model_save_path': 'results/mosi/emt-dlfr/run_once/models/emt-dlfr-mosi-regression-mr0.4-11111.pth', 'device': device(type='cuda', index=1), 'tasks': 'M'}>",11111,71.43,71.5,72.26,72.41,40.09,35.28,103.8,57.01,131.2,103.85
2026-02-12_17-28-17,emt-dlfr,"<Storage{'need_task_scheduling': False, 'is_tune': False, 'train_mode': 'regression', 'modelName': 'emt-dlfr', 'datasetName': 'mosi', 'num_workers': 4, 'model_save_dir': 'results/mosi/emt-dlfr/run_once/models', 'res_save_dir': 'results/mosi/emt-dlfr/run_once/results', 'gpu_ids': [1], 'missing_rates': array([0. , 0.1, 0.2, 0.3, 0.4, 0.5, 0.6, 0.7, 0.8, 0.9, 1. ]), 'seed': 11111, 'num_seeds': 3, 'exp_name': 'moe-uncertainty', 'diff_missing': None, 'KeyEval': 'Loss', 'save_model': True, 'unified_missing': False, 'use_normalized_data': False, 'seeds': [111, 1111, 11111], 'missing_rate': (0.4, 0.4, 0.4), 'dataPath': '/mnt/HDD2/teng/Master-23/sjc/work2/EMT-DLFR-master-based/MMSA/Datasets/MOSI/Processed/unaligned_50.pkl', 'seq_lens': (50, 375, 500), 'feature_dims': (768, 5, 20), 'train_samples': 1284, 'num_classes': 3, 'language': 'en', 'missing_seed': (111, 1111, 11111), 'data_missing': True, 'deal_missing': False, 'need_data_aligned': False, 'need_model_aligned': False, 'need_normalized': False, 'use_bert': True, 'use_finetune': True, 'save_labels': False, 'early_stop': 8, 'update_epochs': 4, 'batch_size': 32, 'learning_rate_bert': 5e-05, 'learning_rate_audio': 0.001, 'learning_rate_video': 0.0001, 'learning_rate_other': 0.001, 'weight_decay_bert': 0.001, 'weight_decay_audio': 0.01, 'weight_decay_video': 0.001, 'weight_decay_other': 0.001, 'a_lstm_hidden_size': 32, 'v_lstm_hidden_size': 64, 'a_lstm_layers': 1, 'v_lstm_layers': 1, 'text_out': 768, 'audio_out': 16, 'video_out': 32, 'a_lstm_dropout': 0.0, 'v_lstm_dropout': 0.0, 't_bert_dropout': 0.1, 'd_model': 128, 'fusion_layers': 3, 'heads': 4, 'learnable_pos_emb': False, 'emb_dropout': 0.0, 'attn_dropout': 0.2, 'ff_dropout': 0.1, 'ff_expansion': 4, 'mpu_share': True, 'modality_share': True, 'layer_share': True, 'attn_act_fn': 'tanh', 'gmc_tokens_pred_dim': 128, 'text_pred_dim': 256, 'audio_pred_dim': 8, 'video_pred_dim': 16, 'recon_loss': 'SmoothL1Loss', 'loss_recon_weight': 1, 'loss_attra_weight': 1, 'use_uncertainty_weighted_attra': True, 'use_per_modal_uncertainty_weight': True, 'uncertainty_attra_alpha': 0.2, 'modal_attra_weights': {'gmc': 1.0, 'text': 1.1, 'audio': 1.0, 'video': 1.0}, 'uncertainty_reg_weight': 0.2, 'uncertainty_reg_margin': 1e-05, 'uncertainty_before_weight': 0.1, 'post_fusion_dim': 256, 'post_fusion_dropout': 0.3, 'H': 3.0, 'boundary_loss_weight': 0.1, 'cur_time': 3, 'model_save_path': 'results/mosi/emt-dlfr/run_once/models/emt-dlfr-mosi-regression-mr0.4-11111.pth', 'device': device(type='cuda', index=1), 'tasks': 'M'}>",<mean/std>,"(72.5, 0.77)","(72.54, 0.75)","(73.07, 0.68)","(73.2, 0.67)","(38.1, 1.55)","(33.92, 1.08)","(104.85, 2.21)","(56.6, 0.4)","(131.31, 3.03)","(104.65, 2.29)"
2026-02-12_17-28-17,emt-dlfr,"<Storage{'need_task_scheduling': False, 'is_tune': False, 'train_mode': 'regression', 'modelName': 'emt-dlfr', 'datasetName': 'mosi', 'num_workers': 4, 'model_save_dir': 'results/mosi/emt-dlfr/run_once/models', 'res_save_dir': 'results/mosi/emt-dlfr/run_once/results', 'gpu_ids': [1], 'missing_rates': array([0. , 0.1, 0.2, 0.3, 0.4, 0.5, 0.6, 0.7, 0.8, 0.9, 1. ]), 'seed': 11111, 'num_seeds': 3, 'exp_name': 'moe-uncertainty', 'diff_missing': None, 'KeyEval': 'Loss', 'save_model': True, 'unified_missing': False, 'use_normalized_data': False, 'seeds': [111, 1111, 11111], 'missing_rate': (0.4, 0.4, 0.4), 'dataPath': '/mnt/HDD2/teng/Master-23/sjc/work2/EMT-DLFR-master-based/MMSA/Datasets/MOSI/Processed/unaligned_50.pkl', 'seq_lens': (50, 375, 500), 'feature_dims': (768, 5, 20), 'train_samples': 1284, 'num_classes': 3, 'language': 'en', 'missing_seed': (111, 1111, 11111), 'data_missing': True, 'deal_missing': False, 'need_data_aligned': False, 'need_model_aligned': False, 'need_normalized': False, 'use_bert': True, 'use_finetune': True, 'save_labels': False, 'early_stop': 8, 'update_epochs': 4, 'batch_size': 32, 'learning_rate_bert': 5e-05, 'learning_rate_audio': 0.001, 'learning_rate_video': 0.0001, 'learning_rate_other': 0.001, 'weight_decay_bert': 0.001, 'weight_decay_audio': 0.01, 'weight_decay_video': 0.001, 'weight_decay_other': 0.001, 'a_lstm_hidden_size': 32, 'v_lstm_hidden_size': 64, 'a_lstm_layers': 1, 'v_lstm_layers': 1, 'text_out': 768, 'audio_out': 16, 'video_out': 32, 'a_lstm_dropout': 0.0, 'v_lstm_dropout': 0.0, 't_bert_dropout': 0.1, 'd_model': 128, 'fusion_layers': 3, 'heads': 4, 'learnable_pos_emb': False, 'emb_dropout': 0.0, 'attn_dropout': 0.2, 'ff_dropout': 0.1, 'ff_expansion': 4, 'mpu_share': True, 'modality_share': True, 'layer_share': True, 'attn_act_fn': 'tanh', 'gmc_tokens_pred_dim': 128, 'text_pred_dim': 256, 'audio_pred_dim': 8, 'video_pred_dim': 16, 'recon_loss': 'SmoothL1Loss', 'loss_recon_weight': 1, 'loss_attra_weight': 1, 'use_uncertainty_weighted_attra': True, 'use_per_modal_uncertainty_weight': True, 'uncertainty_attra_alpha': 0.2, 'modal_attra_weights': {'gmc': 1.0, 'text': 1.1, 'audio': 1.0, 'video': 1.0}, 'uncertainty_reg_weight': 0.2, 'uncertainty_reg_margin': 1e-05, 'uncertainty_before_weight': 0.1, 'post_fusion_dim': 256, 'post_fusion_dropout': 0.3, 'H': 3.0, 'boundary_loss_weight': 0.1, 'cur_time': 3, 'model_save_path': 'results/mosi/emt-dlfr/run_once/models/emt-dlfr-mosi-regression-mr0.4-11111.pth', 'device': device(type='cuda', index=1), 'tasks': 'M'}>",<max/seed>,"(73.18, 1111)","(73.21, 1111)","(73.93, 1111)","(74.04, 1111)","(40.09, 11111)","(35.28, 11111)","(107.93, 111)","(57.01, 11111)","(135.08, 111)","(107.76, 111)"
2026-02-12_17-28-17,emt-dlfr,"<Storage{'need_task_scheduling': False, 'is_tune': False, 'train_mode': 'regression', 'modelName': 'emt-dlfr', 'datasetName': 'mosi', 'num_workers': 4, 'model_save_dir': 'results/mosi/emt-dlfr/run_once/models', 'res_save_dir': 'results/mosi/emt-dlfr/run_once/results', 'gpu_ids': [1], 'missing_rates': array([0. , 0.1, 0.2, 0.3, 0.4, 0.5, 0.6, 0.7, 0.8, 0.9, 1. ]), 'seed': 11111, 'num_seeds': 3, 'exp_name': 'moe-uncertainty', 'diff_missing': None, 'KeyEval': 'Loss', 'save_model': True, 'unified_missing': False, 'use_normalized_data': False, 'seeds': [111, 1111, 11111], 'missing_rate': (0.4, 0.4, 0.4), 'dataPath': '/mnt/HDD2/teng/Master-23/sjc/work2/EMT-DLFR-master-based/MMSA/Datasets/MOSI/Processed/unaligned_50.pkl', 'seq_lens': (50, 375, 500), 'feature_dims': (768, 5, 20), 'train_samples': 1284, 'num_classes': 3, 'language': 'en', 'missing_seed': (111, 1111, 11111), 'data_missing': True, 'deal_missing': False, 'need_data_aligned': False, 'need_model_aligned': False, 'need_normalized': False, 'use_bert': True, 'use_finetune': True, 'save_labels': False, 'early_stop': 8, 'update_epochs': 4, 'batch_size': 32, 'learning_rate_bert': 5e-05, 'learning_rate_audio': 0.001, 'learning_rate_video': 0.0001, 'learning_rate_other': 0.001, 'weight_decay_bert': 0.001, 'weight_decay_audio': 0.01, 'weight_decay_video': 0.001, 'weight_decay_other': 0.001, 'a_lstm_hidden_size': 32, 'v_lstm_hidden_size': 64, 'a_lstm_layers': 1, 'v_lstm_layers': 1, 'text_out': 768, 'audio_out': 16, 'video_out': 32, 'a_lstm_dropout': 0.0, 'v_lstm_dropout': 0.0, 't_bert_dropout': 0.1, 'd_model': 128, 'fusion_layers': 3, 'heads': 4, 'learnable_pos_emb': False, 'emb_dropout': 0.0, 'attn_dropout': 0.2, 'ff_dropout': 0.1, 'ff_expansion': 4, 'mpu_share': True, 'modality_share': True, 'layer_share': True, 'attn_act_fn': 'tanh', 'gmc_tokens_pred_dim': 128, 'text_pred_dim': 256, 'audio_pred_dim': 8, 'video_pred_dim': 16, 'recon_loss': 'SmoothL1Loss', 'loss_recon_weight': 1, 'loss_attra_weight': 1, 'use_uncertainty_weighted_attra': True, 'use_per_modal_uncertainty_weight': True, 'uncertainty_attra_alpha': 0.2, 'modal_attra_weights': {'gmc': 1.0, 'text': 1.1, 'audio': 1.0, 'video': 1.0}, 'uncertainty_reg_weight': 0.2, 'uncertainty_reg_margin': 1e-05, 'uncertainty_before_weight': 0.1, 'post_fusion_dim': 256, 'post_fusion_dropout': 0.3, 'H': 3.0, 'boundary_loss_weight': 0.1, 'cur_time': 3, 'model_save_path': 'results/mosi/emt-dlfr/run_once/models/emt-dlfr-mosi-regression-mr0.4-11111.pth', 'device': device(type='cuda', index=1), 'tasks': 'M'}>",<min/seed>,"(71.43, 11111)","(71.5, 11111)","(72.26, 11111)","(72.41, 11111)","(36.3, 111)","(32.65, 111)","(102.83, 1111)","(56.05, 1111)","(127.65, 1111)","(102.33, 1111)"
2026-02-13_02-02-22,emt-dlfr,"<Storage{'need_task_scheduling': False, 'is_tune': False, 'train_mode': 'regression', 'modelName': 'emt-dlfr', 'datasetName': 'mosi', 'num_workers': 4, 'model_save_dir': 'results/mosi/emt-dlfr/run_once/models', 'res_save_dir': 'results/mosi/emt-dlfr/run_once/results', 'gpu_ids': [1], 'missing_rates': array([0. , 0.1, 0.2, 0.3, 0.4, 0.5, 0.6, 0.7, 0.8, 0.9, 1. ]), 'seed': 11111, 'num_seeds': 3, 'exp_name': 'moe-uncertainty', 'diff_missing': None, 'KeyEval': 'Loss', 'save_model': True, 'unified_missing': False, 'use_normalized_data': False, 'seeds': [111, 1111, 11111], 'missing_rate': (0.4, 0.4, 0.4), 'dataPath': '/mnt/HDD2/teng/Master-23/sjc/work2/EMT-DLFR-master-based/MMSA/Datasets/MOSI/Processed/unaligned_50.pkl', 'seq_lens': (50, 375, 500), 'feature_dims': (768, 5, 20), 'train_samples': 1284, 'num_classes': 3, 'language': 'en', 'missing_seed': (111, 1111, 11111), 'data_missing': True, 'deal_missing': False, 'need_data_aligned': False, 'need_model_aligned': False, 'need_normalized': False, 'use_bert': True, 'use_finetune': True, 'save_labels': False, 'early_stop': 8, 'update_epochs': 4, 'batch_size': 32, 'learning_rate_bert': 5e-05, 'learning_rate_audio': 0.001, 'learning_rate_video': 0.0001, 'learning_rate_other': 0.001, 'weight_decay_bert': 0.001, 'weight_decay_audio': 0.01, 'weight_decay_video': 0.001, 'weight_decay_other': 0.001, 'a_lstm_hidden_size': 32, 'v_lstm_hidden_size': 64, 'a_lstm_layers': 1, 'v_lstm_layers': 1, 'text_out': 768, 'audio_out': 16, 'video_out': 32, 'a_lstm_dropout': 0.0, 'v_lstm_dropout': 0.0, 't_bert_dropout': 0.1, 'd_model': 128, 'fusion_layers': 3, 'heads': 4, 'learnable_pos_emb': False, 'emb_dropout': 0.0, 'attn_dropout': 0.2, 'ff_dropout': 0.1, 'ff_expansion': 4, 'mpu_share': True, 'modality_share': True, 'layer_share': True, 'attn_act_fn': 'tanh', 'gmc_tokens_pred_dim': 128, 'text_pred_dim': 256, 'audio_pred_dim': 8, 'video_pred_dim': 16, 'recon_loss': 'SmoothL1Loss', 'loss_recon_weight': 1, 'loss_attra_weight': 1, 'use_uncertainty_weighted_attra': True, 'use_per_modal_uncertainty_weight': True, 'uncertainty_attra_alpha': 0.2, 'modal_attra_weights': {'gmc': 1.0, 'text': 1.1, 'audio': 1.0, 'video': 1.0}, 'uncertainty_reg_weight': 0.2, 'uncertainty_reg_margin': 1e-05, 'uncertainty_before_weight': 0.1, 'post_fusion_dim': 256, 'post_fusion_dropout': 0.3, 'H': 3.0, 'boundary_loss_weight': 0.2, 'cur_time': 3, 'model_save_path': 'results/mosi/emt-dlfr/run_once/models/emt-dlfr-mosi-regression-mr0.4-11111.pth', 'device': device(type='cuda', index=1), 'tasks': 'M'}>",111,71.72,71.8,72.26,72.42,36.73,32.22,108.31,55.47,136.0,108.1
2026-02-13_02-02-22,emt-dlfr,"<Storage{'need_task_scheduling': False, 'is_tune': False, 'train_mode': 'regression', 'modelName': 'emt-dlfr', 'datasetName': 'mosi', 'num_workers': 4, 'model_save_dir': 'results/mosi/emt-dlfr/run_once/models', 'res_save_dir': 'results/mosi/emt-dlfr/run_once/results', 'gpu_ids': [1], 'missing_rates': array([0. , 0.1, 0.2, 0.3, 0.4, 0.5, 0.6, 0.7, 0.8, 0.9, 1. ]), 'seed': 11111, 'num_seeds': 3, 'exp_name': 'moe-uncertainty', 'diff_missing': None, 'KeyEval': 'Loss', 'save_model': True, 'unified_missing': False, 'use_normalized_data': False, 'seeds': [111, 1111, 11111], 'missing_rate': (0.4, 0.4, 0.4), 'dataPath': '/mnt/HDD2/teng/Master-23/sjc/work2/EMT-DLFR-master-based/MMSA/Datasets/MOSI/Processed/unaligned_50.pkl', 'seq_lens': (50, 375, 500), 'feature_dims': (768, 5, 20), 'train_samples': 1284, 'num_classes': 3, 'language': 'en', 'missing_seed': (111, 1111, 11111), 'data_missing': True, 'deal_missing': False, 'need_data_aligned': False, 'need_model_aligned': False, 'need_normalized': False, 'use_bert': True, 'use_finetune': True, 'save_labels': False, 'early_stop': 8, 'update_epochs': 4, 'batch_size': 32, 'learning_rate_bert': 5e-05, 'learning_rate_audio': 0.001, 'learning_rate_video': 0.0001, 'learning_rate_other': 0.001, 'weight_decay_bert': 0.001, 'weight_decay_audio': 0.01, 'weight_decay_video': 0.001, 'weight_decay_other': 0.001, 'a_lstm_hidden_size': 32, 'v_lstm_hidden_size': 64, 'a_lstm_layers': 1, 'v_lstm_layers': 1, 'text_out': 768, 'audio_out': 16, 'video_out': 32, 'a_lstm_dropout': 0.0, 'v_lstm_dropout': 0.0, 't_bert_dropout': 0.1, 'd_model': 128, 'fusion_layers': 3, 'heads': 4, 'learnable_pos_emb': False, 'emb_dropout': 0.0, 'attn_dropout': 0.2, 'ff_dropout': 0.1, 'ff_expansion': 4, 'mpu_share': True, 'modality_share': True, 'layer_share': True, 'attn_act_fn': 'tanh', 'gmc_tokens_pred_dim': 128, 'text_pred_dim': 256, 'audio_pred_dim': 8, 'video_pred_dim': 16, 'recon_loss': 'SmoothL1Loss', 'loss_recon_weight': 1, 'loss_attra_weight': 1, 'use_uncertainty_weighted_attra': True, 'use_per_modal_uncertainty_weight': True, 'uncertainty_attra_alpha': 0.2, 'modal_attra_weights': {'gmc': 1.0, 'text': 1.1, 'audio': 1.0, 'video': 1.0}, 'uncertainty_reg_weight': 0.2, 'uncertainty_reg_margin': 1e-05, 'uncertainty_before_weight': 0.1, 'post_fusion_dim': 256, 'post_fusion_dropout': 0.3, 'H': 3.0, 'boundary_loss_weight': 0.2, 'cur_time': 3, 'model_save_path': 'results/mosi/emt-dlfr/run_once/models/emt-dlfr-mosi-regression-mr0.4-11111.pth', 'device': device(type='cuda', index=1), 'tasks': 'M'}>",1111,73.03,73.09,73.48,73.62,38.05,34.11,103.64,56.64,128.09,103.07
2026-02-13_02-02-22,emt-dlfr,"<Storage{'need_task_scheduling': False, 'is_tune': False, 'train_mode': 'regression', 'modelName': 'emt-dlfr', 'datasetName': 'mosi', 'num_workers': 4, 'model_save_dir': 'results/mosi/emt-dlfr/run_once/models', 'res_save_dir': 'results/mosi/emt-dlfr/run_once/results', 'gpu_ids': [1], 'missing_rates': array([0. , 0.1, 0.2, 0.3, 0.4, 0.5, 0.6, 0.7, 0.8, 0.9, 1. ]), 'seed': 11111, 'num_seeds': 3, 'exp_name': 'moe-uncertainty', 'diff_missing': None, 'KeyEval': 'Loss', 'save_model': True, 'unified_missing': False, 'use_normalized_data': False, 'seeds': [111, 1111, 11111], 'missing_rate': (0.4, 0.4, 0.4), 'dataPath': '/mnt/HDD2/teng/Master-23/sjc/work2/EMT-DLFR-master-based/MMSA/Datasets/MOSI/Processed/unaligned_50.pkl', 'seq_lens': (50, 375, 500), 'feature_dims': (768, 5, 20), 'train_samples': 1284, 'num_classes': 3, 'language': 'en', 'missing_seed': (111, 1111, 11111), 'data_missing': True, 'deal_missing': False, 'need_data_aligned': False, 'need_model_aligned': False, 'need_normalized': False, 'use_bert': True, 'use_finetune': True, 'save_labels': False, 'early_stop': 8, 'update_epochs': 4, 'batch_size': 32, 'learning_rate_bert': 5e-05, 'learning_rate_audio': 0.001, 'learning_rate_video': 0.0001, 'learning_rate_other': 0.001, 'weight_decay_bert': 0.001, 'weight_decay_audio': 0.01, 'weight_decay_video': 0.001, 'weight_decay_other': 0.001, 'a_lstm_hidden_size': 32, 'v_lstm_hidden_size': 64, 'a_lstm_layers': 1, 'v_lstm_layers': 1, 'text_out': 768, 'audio_out': 16, 'video_out': 32, 'a_lstm_dropout': 0.0, 'v_lstm_dropout': 0.0, 't_bert_dropout': 0.1, 'd_model': 128, 'fusion_layers': 3, 'heads': 4, 'learnable_pos_emb': False, 'emb_dropout': 0.0, 'attn_dropout': 0.2, 'ff_dropout': 0.1, 'ff_expansion': 4, 'mpu_share': True, 'modality_share': True, 'layer_share': True, 'attn_act_fn': 'tanh', 'gmc_tokens_pred_dim': 128, 'text_pred_dim': 256, 'audio_pred_dim': 8, 'video_pred_dim': 16, 'recon_loss': 'SmoothL1Loss', 'loss_recon_weight': 1, 'loss_attra_weight': 1, 'use_uncertainty_weighted_attra': True, 'use_per_modal_uncertainty_weight': True, 'uncertainty_attra_alpha': 0.2, 'modal_attra_weights': {'gmc': 1.0, 'text': 1.1, 'audio': 1.0, 'video': 1.0}, 'uncertainty_reg_weight': 0.2, 'uncertainty_reg_margin': 1e-05, 'uncertainty_before_weight': 0.1, 'post_fusion_dim': 256, 'post_fusion_dropout': 0.3, 'H': 3.0, 'boundary_loss_weight': 0.2, 'cur_time': 3, 'model_save_path': 'results/mosi/emt-dlfr/run_once/models/emt-dlfr-mosi-regression-mr0.4-11111.pth', 'device': device(type='cuda', index=1), 'tasks': 'M'}>",11111,72.16,72.23,72.71,72.88,38.19,33.82,104.84,55.87,130.57,104.64
2026-02-13_02-02-22,emt-dlfr,"<Storage{'need_task_scheduling': False, 'is_tune': False, 'train_mode': 'regression', 'modelName': 'emt-dlfr', 'datasetName': 'mosi', 'num_workers': 4, 'model_save_dir': 'results/mosi/emt-dlfr/run_once/models', 'res_save_dir': 'results/mosi/emt-dlfr/run_once/results', 'gpu_ids': [1], 'missing_rates': array([0. , 0.1, 0.2, 0.3, 0.4, 0.5, 0.6, 0.7, 0.8, 0.9, 1. ]), 'seed': 11111, 'num_seeds': 3, 'exp_name': 'moe-uncertainty', 'diff_missing': None, 'KeyEval': 'Loss', 'save_model': True, 'unified_missing': False, 'use_normalized_data': False, 'seeds': [111, 1111, 11111], 'missing_rate': (0.4, 0.4, 0.4), 'dataPath': '/mnt/HDD2/teng/Master-23/sjc/work2/EMT-DLFR-master-based/MMSA/Datasets/MOSI/Processed/unaligned_50.pkl', 'seq_lens': (50, 375, 500), 'feature_dims': (768, 5, 20), 'train_samples': 1284, 'num_classes': 3, 'language': 'en', 'missing_seed': (111, 1111, 11111), 'data_missing': True, 'deal_missing': False, 'need_data_aligned': False, 'need_model_aligned': False, 'need_normalized': False, 'use_bert': True, 'use_finetune': True, 'save_labels': False, 'early_stop': 8, 'update_epochs': 4, 'batch_size': 32, 'learning_rate_bert': 5e-05, 'learning_rate_audio': 0.001, 'learning_rate_video': 0.0001, 'learning_rate_other': 0.001, 'weight_decay_bert': 0.001, 'weight_decay_audio': 0.01, 'weight_decay_video': 0.001, 'weight_decay_other': 0.001, 'a_lstm_hidden_size': 32, 'v_lstm_hidden_size': 64, 'a_lstm_layers': 1, 'v_lstm_layers': 1, 'text_out': 768, 'audio_out': 16, 'video_out': 32, 'a_lstm_dropout': 0.0, 'v_lstm_dropout': 0.0, 't_bert_dropout': 0.1, 'd_model': 128, 'fusion_layers': 3, 'heads': 4, 'learnable_pos_emb': False, 'emb_dropout': 0.0, 'attn_dropout': 0.2, 'ff_dropout': 0.1, 'ff_expansion': 4, 'mpu_share': True, 'modality_share': True, 'layer_share': True, 'attn_act_fn': 'tanh', 'gmc_tokens_pred_dim': 128, 'text_pred_dim': 256, 'audio_pred_dim': 8, 'video_pred_dim': 16, 'recon_loss': 'SmoothL1Loss', 'loss_recon_weight': 1, 'loss_attra_weight': 1, 'use_uncertainty_weighted_attra': True, 'use_per_modal_uncertainty_weight': True, 'uncertainty_attra_alpha': 0.2, 'modal_attra_weights': {'gmc': 1.0, 'text': 1.1, 'audio': 1.0, 'video': 1.0}, 'uncertainty_reg_weight': 0.2, 'uncertainty_reg_margin': 1e-05, 'uncertainty_before_weight': 0.1, 'post_fusion_dim': 256, 'post_fusion_dropout': 0.3, 'H': 3.0, 'boundary_loss_weight': 0.2, 'cur_time': 3, 'model_save_path': 'results/mosi/emt-dlfr/run_once/models/emt-dlfr-mosi-regression-mr0.4-11111.pth', 'device': device(type='cuda', index=1), 'tasks': 'M'}>",<mean/std>,"(72.3, 0.54)","(72.37, 0.54)","(72.82, 0.5)","(72.97, 0.49)","(37.66, 0.66)","(33.38, 0.83)","(105.6, 1.98)","(55.99, 0.49)","(131.55, 3.3)","(105.27, 2.1)"
2026-02-13_02-02-22,emt-dlfr,"<Storage{'need_task_scheduling': False, 'is_tune': False, 'train_mode': 'regression', 'modelName': 'emt-dlfr', 'datasetName': 'mosi', 'num_workers': 4, 'model_save_dir': 'results/mosi/emt-dlfr/run_once/models', 'res_save_dir': 'results/mosi/emt-dlfr/run_once/results', 'gpu_ids': [1], 'missing_rates': array([0. , 0.1, 0.2, 0.3, 0.4, 0.5, 0.6, 0.7, 0.8, 0.9, 1. ]), 'seed': 11111, 'num_seeds': 3, 'exp_name': 'moe-uncertainty', 'diff_missing': None, 'KeyEval': 'Loss', 'save_model': True, 'unified_missing': False, 'use_normalized_data': False, 'seeds': [111, 1111, 11111], 'missing_rate': (0.4, 0.4, 0.4), 'dataPath': '/mnt/HDD2/teng/Master-23/sjc/work2/EMT-DLFR-master-based/MMSA/Datasets/MOSI/Processed/unaligned_50.pkl', 'seq_lens': (50, 375, 500), 'feature_dims': (768, 5, 20), 'train_samples': 1284, 'num_classes': 3, 'language': 'en', 'missing_seed': (111, 1111, 11111), 'data_missing': True, 'deal_missing': False, 'need_data_aligned': False, 'need_model_aligned': False, 'need_normalized': False, 'use_bert': True, 'use_finetune': True, 'save_labels': False, 'early_stop': 8, 'update_epochs': 4, 'batch_size': 32, 'learning_rate_bert': 5e-05, 'learning_rate_audio': 0.001, 'learning_rate_video': 0.0001, 'learning_rate_other': 0.001, 'weight_decay_bert': 0.001, 'weight_decay_audio': 0.01, 'weight_decay_video': 0.001, 'weight_decay_other': 0.001, 'a_lstm_hidden_size': 32, 'v_lstm_hidden_size': 64, 'a_lstm_layers': 1, 'v_lstm_layers': 1, 'text_out': 768, 'audio_out': 16, 'video_out': 32, 'a_lstm_dropout': 0.0, 'v_lstm_dropout': 0.0, 't_bert_dropout': 0.1, 'd_model': 128, 'fusion_layers': 3, 'heads': 4, 'learnable_pos_emb': False, 'emb_dropout': 0.0, 'attn_dropout': 0.2, 'ff_dropout': 0.1, 'ff_expansion': 4, 'mpu_share': True, 'modality_share': True, 'layer_share': True, 'attn_act_fn': 'tanh', 'gmc_tokens_pred_dim': 128, 'text_pred_dim': 256, 'audio_pred_dim': 8, 'video_pred_dim': 16, 'recon_loss': 'SmoothL1Loss', 'loss_recon_weight': 1, 'loss_attra_weight': 1, 'use_uncertainty_weighted_attra': True, 'use_per_modal_uncertainty_weight': True, 'uncertainty_attra_alpha': 0.2, 'modal_attra_weights': {'gmc': 1.0, 'text': 1.1, 'audio': 1.0, 'video': 1.0}, 'uncertainty_reg_weight': 0.2, 'uncertainty_reg_margin': 1e-05, 'uncertainty_before_weight': 0.1, 'post_fusion_dim': 256, 'post_fusion_dropout': 0.3, 'H': 3.0, 'boundary_loss_weight': 0.2, 'cur_time': 3, 'model_save_path': 'results/mosi/emt-dlfr/run_once/models/emt-dlfr-mosi-regression-mr0.4-11111.pth', 'device': device(type='cuda', index=1), 'tasks': 'M'}>",<max/seed>,"(73.03, 1111)","(73.09, 1111)","(73.48, 1111)","(73.62, 1111)","(38.19, 11111)","(34.11, 1111)","(108.31, 111)","(56.64, 1111)","(136.0, 111)","(108.1, 111)"
2026-02-13_02-02-22,emt-dlfr,"<Storage{'need_task_scheduling': False, 'is_tune': False, 'train_mode': 'regression', 'modelName': 'emt-dlfr', 'datasetName': 'mosi', 'num_workers': 4, 'model_save_dir': 'results/mosi/emt-dlfr/run_once/models', 'res_save_dir': 'results/mosi/emt-dlfr/run_once/results', 'gpu_ids': [1], 'missing_rates': array([0. , 0.1, 0.2, 0.3, 0.4, 0.5, 0.6, 0.7, 0.8, 0.9, 1. ]), 'seed': 11111, 'num_seeds': 3, 'exp_name': 'moe-uncertainty', 'diff_missing': None, 'KeyEval': 'Loss', 'save_model': True, 'unified_missing': False, 'use_normalized_data': False, 'seeds': [111, 1111, 11111], 'missing_rate': (0.4, 0.4, 0.4), 'dataPath': '/mnt/HDD2/teng/Master-23/sjc/work2/EMT-DLFR-master-based/MMSA/Datasets/MOSI/Processed/unaligned_50.pkl', 'seq_lens': (50, 375, 500), 'feature_dims': (768, 5, 20), 'train_samples': 1284, 'num_classes': 3, 'language': 'en', 'missing_seed': (111, 1111, 11111), 'data_missing': True, 'deal_missing': False, 'need_data_aligned': False, 'need_model_aligned': False, 'need_normalized': False, 'use_bert': True, 'use_finetune': True, 'save_labels': False, 'early_stop': 8, 'update_epochs': 4, 'batch_size': 32, 'learning_rate_bert': 5e-05, 'learning_rate_audio': 0.001, 'learning_rate_video': 0.0001, 'learning_rate_other': 0.001, 'weight_decay_bert': 0.001, 'weight_decay_audio': 0.01, 'weight_decay_video': 0.001, 'weight_decay_other': 0.001, 'a_lstm_hidden_size': 32, 'v_lstm_hidden_size': 64, 'a_lstm_layers': 1, 'v_lstm_layers': 1, 'text_out': 768, 'audio_out': 16, 'video_out': 32, 'a_lstm_dropout': 0.0, 'v_lstm_dropout': 0.0, 't_bert_dropout': 0.1, 'd_model': 128, 'fusion_layers': 3, 'heads': 4, 'learnable_pos_emb': False, 'emb_dropout': 0.0, 'attn_dropout': 0.2, 'ff_dropout': 0.1, 'ff_expansion': 4, 'mpu_share': True, 'modality_share': True, 'layer_share': True, 'attn_act_fn': 'tanh', 'gmc_tokens_pred_dim': 128, 'text_pred_dim': 256, 'audio_pred_dim': 8, 'video_pred_dim': 16, 'recon_loss': 'SmoothL1Loss', 'loss_recon_weight': 1, 'loss_attra_weight': 1, 'use_uncertainty_weighted_attra': True, 'use_per_modal_uncertainty_weight': True, 'uncertainty_attra_alpha': 0.2, 'modal_attra_weights': {'gmc': 1.0, 'text': 1.1, 'audio': 1.0, 'video': 1.0}, 'uncertainty_reg_weight': 0.2, 'uncertainty_reg_margin': 1e-05, 'uncertainty_before_weight': 0.1, 'post_fusion_dim': 256, 'post_fusion_dropout': 0.3, 'H': 3.0, 'boundary_loss_weight': 0.2, 'cur_time': 3, 'model_save_path': 'results/mosi/emt-dlfr/run_once/models/emt-dlfr-mosi-regression-mr0.4-11111.pth', 'device': device(type='cuda', index=1), 'tasks': 'M'}>",<min/seed>,"(71.72, 111)","(71.8, 111)","(72.26, 111)","(72.42, 111)","(36.73, 111)","(32.22, 111)","(103.64, 1111)","(55.47, 111)","(128.09, 1111)","(103.07, 1111)"
2026-02-13_06-05-04,emt-dlfr,"<Storage{'need_task_scheduling': False, 'is_tune': False, 'train_mode': 'regression', 'modelName': 'emt-dlfr', 'datasetName': 'mosi', 'num_workers': 4, 'model_save_dir': 'results/mosi/emt-dlfr/run_once/models', 'res_save_dir': 'results/mosi/emt-dlfr/run_once/results', 'gpu_ids': [1], 'missing_rates': array([0. , 0.1, 0.2, 0.3, 0.4, 0.5, 0.6, 0.7, 0.8, 0.9, 1. ]), 'seed': 11111, 'num_seeds': 3, 'exp_name': 'moe-uncertainty', 'diff_missing': None, 'KeyEval': 'Loss', 'save_model': True, 'unified_missing': False, 'use_normalized_data': False, 'seeds': [111, 1111, 11111], 'missing_rate': (0.4, 0.4, 0.4), 'dataPath': '/mnt/HDD2/teng/Master-23/sjc/work2/EMT-DLFR-master-based/MMSA/Datasets/MOSI/Processed/unaligned_50.pkl', 'seq_lens': (50, 375, 500), 'feature_dims': (768, 5, 20), 'train_samples': 1284, 'num_classes': 3, 'language': 'en', 'missing_seed': (111, 1111, 11111), 'data_missing': True, 'deal_missing': False, 'need_data_aligned': False, 'need_model_aligned': False, 'need_normalized': False, 'use_bert': True, 'use_finetune': True, 'save_labels': False, 'early_stop': 8, 'update_epochs': 4, 'batch_size': 32, 'learning_rate_bert': 5e-05, 'learning_rate_audio': 0.001, 'learning_rate_video': 0.0001, 'learning_rate_other': 0.001, 'weight_decay_bert': 0.001, 'weight_decay_audio': 0.01, 'weight_decay_video': 0.001, 'weight_decay_other': 0.001, 'a_lstm_hidden_size': 32, 'v_lstm_hidden_size': 64, 'a_lstm_layers': 1, 'v_lstm_layers': 1, 'text_out': 768, 'audio_out': 16, 'video_out': 32, 'a_lstm_dropout': 0.0, 'v_lstm_dropout': 0.0, 't_bert_dropout': 0.1, 'd_model': 128, 'fusion_layers': 3, 'heads': 4, 'learnable_pos_emb': False, 'emb_dropout': 0.0, 'attn_dropout': 0.3, 'ff_dropout': 0.1, 'ff_expansion': 4, 'mpu_share': True, 'modality_share': True, 'layer_share': True, 'attn_act_fn': 'tanh', 'gmc_tokens_pred_dim': 128, 'text_pred_dim': 256, 'audio_pred_dim': 8, 'video_pred_dim': 16, 'recon_loss': 'SmoothL1Loss', 'loss_recon_weight': 1, 'loss_attra_weight': 1, 'use_uncertainty_weighted_attra': True, 'use_per_modal_uncertainty_weight': True, 'uncertainty_attra_alpha': 0.2, 'modal_attra_weights': {'gmc': 1.0, 'text': 1.1, 'audio': 1.0, 'video': 1.0}, 'uncertainty_reg_weight': 0.2, 'uncertainty_reg_margin': 1e-05, 'uncertainty_before_weight': 0.2, 'post_fusion_dim': 256, 'post_fusion_dropout': 0.3, 'H': 3.0, 'boundary_loss_weight': 0.1, 'cur_time': 3, 'model_save_path': 'results/mosi/emt-dlfr/run_once/models/emt-dlfr-mosi-regression-mr0.4-11111.pth', 'device': device(type='cuda', index=1), 'tasks': 'M'}>",111,73.03,73.1,73.48,73.62,35.71,32.51,106.66,54.34,134.77,106.46
2026-02-13_06-05-04,emt-dlfr,"<Storage{'need_task_scheduling': False, 'is_tune': False, 'train_mode': 'regression', 'modelName': 'emt-dlfr', 'datasetName': 'mosi', 'num_workers': 4, 'model_save_dir': 'results/mosi/emt-dlfr/run_once/models', 'res_save_dir': 'results/mosi/emt-dlfr/run_once/results', 'gpu_ids': [1], 'missing_rates': array([0. , 0.1, 0.2, 0.3, 0.4, 0.5, 0.6, 0.7, 0.8, 0.9, 1. ]), 'seed': 11111, 'num_seeds': 3, 'exp_name': 'moe-uncertainty', 'diff_missing': None, 'KeyEval': 'Loss', 'save_model': True, 'unified_missing': False, 'use_normalized_data': False, 'seeds': [111, 1111, 11111], 'missing_rate': (0.4, 0.4, 0.4), 'dataPath': '/mnt/HDD2/teng/Master-23/sjc/work2/EMT-DLFR-master-based/MMSA/Datasets/MOSI/Processed/unaligned_50.pkl', 'seq_lens': (50, 375, 500), 'feature_dims': (768, 5, 20), 'train_samples': 1284, 'num_classes': 3, 'language': 'en', 'missing_seed': (111, 1111, 11111), 'data_missing': True, 'deal_missing': False, 'need_data_aligned': False, 'need_model_aligned': False, 'need_normalized': False, 'use_bert': True, 'use_finetune': True, 'save_labels': False, 'early_stop': 8, 'update_epochs': 4, 'batch_size': 32, 'learning_rate_bert': 5e-05, 'learning_rate_audio': 0.001, 'learning_rate_video': 0.0001, 'learning_rate_other': 0.001, 'weight_decay_bert': 0.001, 'weight_decay_audio': 0.01, 'weight_decay_video': 0.001, 'weight_decay_other': 0.001, 'a_lstm_hidden_size': 32, 'v_lstm_hidden_size': 64, 'a_lstm_layers': 1, 'v_lstm_layers': 1, 'text_out': 768, 'audio_out': 16, 'video_out': 32, 'a_lstm_dropout': 0.0, 'v_lstm_dropout': 0.0, 't_bert_dropout': 0.1, 'd_model': 128, 'fusion_layers': 3, 'heads': 4, 'learnable_pos_emb': False, 'emb_dropout': 0.0, 'attn_dropout': 0.3, 'ff_dropout': 0.1, 'ff_expansion': 4, 'mpu_share': True, 'modality_share': True, 'layer_share': True, 'attn_act_fn': 'tanh', 'gmc_tokens_pred_dim': 128, 'text_pred_dim': 256, 'audio_pred_dim': 8, 'video_pred_dim': 16, 'recon_loss': 'SmoothL1Loss', 'loss_recon_weight': 1, 'loss_attra_weight': 1, 'use_uncertainty_weighted_attra': True, 'use_per_modal_uncertainty_weight': True, 'uncertainty_attra_alpha': 0.2, 'modal_attra_weights': {'gmc': 1.0, 'text': 1.1, 'audio': 1.0, 'video': 1.0}, 'uncertainty_reg_weight': 0.2, 'uncertainty_reg_margin': 1e-05, 'uncertainty_before_weight': 0.2, 'post_fusion_dim': 256, 'post_fusion_dropout': 0.3, 'H': 3.0, 'boundary_loss_weight': 0.1, 'cur_time': 3, 'model_save_path': 'results/mosi/emt-dlfr/run_once/models/emt-dlfr-mosi-regression-mr0.4-11111.pth', 'device': device(type='cuda', index=1), 'tasks': 'M'}>",1111,71.28,71.36,71.95,72.11,29.74,27.7,110.34,54.69,138.78,109.54
2026-02-13_06-05-04,emt-dlfr,"<Storage{'need_task_scheduling': False, 'is_tune': False, 'train_mode': 'regression', 'modelName': 'emt-dlfr', 'datasetName': 'mosi', 'num_workers': 4, 'model_save_dir': 'results/mosi/emt-dlfr/run_once/models', 'res_save_dir': 'results/mosi/emt-dlfr/run_once/results', 'gpu_ids': [1], 'missing_rates': array([0. , 0.1, 0.2, 0.3, 0.4, 0.5, 0.6, 0.7, 0.8, 0.9, 1. ]), 'seed': 11111, 'num_seeds': 3, 'exp_name': 'moe-uncertainty', 'diff_missing': None, 'KeyEval': 'Loss', 'save_model': True, 'unified_missing': False, 'use_normalized_data': False, 'seeds': [111, 1111, 11111], 'missing_rate': (0.4, 0.4, 0.4), 'dataPath': '/mnt/HDD2/teng/Master-23/sjc/work2/EMT-DLFR-master-based/MMSA/Datasets/MOSI/Processed/unaligned_50.pkl', 'seq_lens': (50, 375, 500), 'feature_dims': (768, 5, 20), 'train_samples': 1284, 'num_classes': 3, 'language': 'en', 'missing_seed': (111, 1111, 11111), 'data_missing': True, 'deal_missing': False, 'need_data_aligned': False, 'need_model_aligned': False, 'need_normalized': False, 'use_bert': True, 'use_finetune': True, 'save_labels': False, 'early_stop': 8, 'update_epochs': 4, 'batch_size': 32, 'learning_rate_bert': 5e-05, 'learning_rate_audio': 0.001, 'learning_rate_video': 0.0001, 'learning_rate_other': 0.001, 'weight_decay_bert': 0.001, 'weight_decay_audio': 0.01, 'weight_decay_video': 0.001, 'weight_decay_other': 0.001, 'a_lstm_hidden_size': 32, 'v_lstm_hidden_size': 64, 'a_lstm_layers': 1, 'v_lstm_layers': 1, 'text_out': 768, 'audio_out': 16, 'video_out': 32, 'a_lstm_dropout': 0.0, 'v_lstm_dropout': 0.0, 't_bert_dropout': 0.1, 'd_model': 128, 'fusion_layers': 3, 'heads': 4, 'learnable_pos_emb': False, 'emb_dropout': 0.0, 'attn_dropout': 0.3, 'ff_dropout': 0.1, 'ff_expansion': 4, 'mpu_share': True, 'modality_share': True, 'layer_share': True, 'attn_act_fn': 'tanh', 'gmc_tokens_pred_dim': 128, 'text_pred_dim': 256, 'audio_pred_dim': 8, 'video_pred_dim': 16, 'recon_loss': 'SmoothL1Loss', 'loss_recon_weight': 1, 'loss_attra_weight': 1, 'use_uncertainty_weighted_attra': True, 'use_per_modal_uncertainty_weight': True, 'uncertainty_attra_alpha': 0.2, 'modal_attra_weights': {'gmc': 1.0, 'text': 1.1, 'audio': 1.0, 'video': 1.0}, 'uncertainty_reg_weight': 0.2, 'uncertainty_reg_margin': 1e-05, 'uncertainty_before_weight': 0.2, 'post_fusion_dim': 256, 'post_fusion_dropout': 0.3, 'H': 3.0, 'boundary_loss_weight': 0.1, 'cur_time': 3, 'model_save_path': 'results/mosi/emt-dlfr/run_once/models/emt-dlfr-mosi-regression-mr0.4-11111.pth', 'device': device(type='cuda', index=1), 'tasks': 'M'}>",11111,71.28,71.32,71.65,71.79,36.01,31.78,108.54,56.49,141.59,109.77
2026-02-13_06-05-04,emt-dlfr,"<Storage{'need_task_scheduling': False, 'is_tune': False, 'train_mode': 'regression', 'modelName': 'emt-dlfr', 'datasetName': 'mosi', 'num_workers': 4, 'model_save_dir': 'results/mosi/emt-dlfr/run_once/models', 'res_save_dir': 'results/mosi/emt-dlfr/run_once/results', 'gpu_ids': [1], 'missing_rates': array([0. , 0.1, 0.2, 0.3, 0.4, 0.5, 0.6, 0.7, 0.8, 0.9, 1. ]), 'seed': 11111, 'num_seeds': 3, 'exp_name': 'moe-uncertainty', 'diff_missing': None, 'KeyEval': 'Loss', 'save_model': True, 'unified_missing': False, 'use_normalized_data': False, 'seeds': [111, 1111, 11111], 'missing_rate': (0.4, 0.4, 0.4), 'dataPath': '/mnt/HDD2/teng/Master-23/sjc/work2/EMT-DLFR-master-based/MMSA/Datasets/MOSI/Processed/unaligned_50.pkl', 'seq_lens': (50, 375, 500), 'feature_dims': (768, 5, 20), 'train_samples': 1284, 'num_classes': 3, 'language': 'en', 'missing_seed': (111, 1111, 11111), 'data_missing': True, 'deal_missing': False, 'need_data_aligned': False, 'need_model_aligned': False, 'need_normalized': False, 'use_bert': True, 'use_finetune': True, 'save_labels': False, 'early_stop': 8, 'update_epochs': 4, 'batch_size': 32, 'learning_rate_bert': 5e-05, 'learning_rate_audio': 0.001, 'learning_rate_video': 0.0001, 'learning_rate_other': 0.001, 'weight_decay_bert': 0.001, 'weight_decay_audio': 0.01, 'weight_decay_video': 0.001, 'weight_decay_other': 0.001, 'a_lstm_hidden_size': 32, 'v_lstm_hidden_size': 64, 'a_lstm_layers': 1, 'v_lstm_layers': 1, 'text_out': 768, 'audio_out': 16, 'video_out': 32, 'a_lstm_dropout': 0.0, 'v_lstm_dropout': 0.0, 't_bert_dropout': 0.1, 'd_model': 128, 'fusion_layers': 3, 'heads': 4, 'learnable_pos_emb': False, 'emb_dropout': 0.0, 'attn_dropout': 0.3, 'ff_dropout': 0.1, 'ff_expansion': 4, 'mpu_share': True, 'modality_share': True, 'layer_share': True, 'attn_act_fn': 'tanh', 'gmc_tokens_pred_dim': 128, 'text_pred_dim': 256, 'audio_pred_dim': 8, 'video_pred_dim': 16, 'recon_loss': 'SmoothL1Loss', 'loss_recon_weight': 1, 'loss_attra_weight': 1, 'use_uncertainty_weighted_attra': True, 'use_per_modal_uncertainty_weight': True, 'uncertainty_attra_alpha': 0.2, 'modal_attra_weights': {'gmc': 1.0, 'text': 1.1, 'audio': 1.0, 'video': 1.0}, 'uncertainty_reg_weight': 0.2, 'uncertainty_reg_margin': 1e-05, 'uncertainty_before_weight': 0.2, 'post_fusion_dim': 256, 'post_fusion_dropout': 0.3, 'H': 3.0, 'boundary_loss_weight': 0.1, 'cur_time': 3, 'model_save_path': 'results/mosi/emt-dlfr/run_once/models/emt-dlfr-mosi-regression-mr0.4-11111.pth', 'device': device(type='cuda', index=1), 'tasks': 'M'}>",<mean/std>,"(71.86, 0.82)","(71.93, 0.83)","(72.36, 0.8)","(72.51, 0.8)","(33.82, 2.89)","(30.66, 2.12)","(108.51, 1.5)","(55.17, 0.94)","(138.38, 2.8)","(108.59, 1.51)"
2026-02-13_06-05-04,emt-dlfr,"<Storage{'need_task_scheduling': False, 'is_tune': False, 'train_mode': 'regression', 'modelName': 'emt-dlfr', 'datasetName': 'mosi', 'num_workers': 4, 'model_save_dir': 'results/mosi/emt-dlfr/run_once/models', 'res_save_dir': 'results/mosi/emt-dlfr/run_once/results', 'gpu_ids': [1], 'missing_rates': array([0. , 0.1, 0.2, 0.3, 0.4, 0.5, 0.6, 0.7, 0.8, 0.9, 1. ]), 'seed': 11111, 'num_seeds': 3, 'exp_name': 'moe-uncertainty', 'diff_missing': None, 'KeyEval': 'Loss', 'save_model': True, 'unified_missing': False, 'use_normalized_data': False, 'seeds': [111, 1111, 11111], 'missing_rate': (0.4, 0.4, 0.4), 'dataPath': '/mnt/HDD2/teng/Master-23/sjc/work2/EMT-DLFR-master-based/MMSA/Datasets/MOSI/Processed/unaligned_50.pkl', 'seq_lens': (50, 375, 500), 'feature_dims': (768, 5, 20), 'train_samples': 1284, 'num_classes': 3, 'language': 'en', 'missing_seed': (111, 1111, 11111), 'data_missing': True, 'deal_missing': False, 'need_data_aligned': False, 'need_model_aligned': False, 'need_normalized': False, 'use_bert': True, 'use_finetune': True, 'save_labels': False, 'early_stop': 8, 'update_epochs': 4, 'batch_size': 32, 'learning_rate_bert': 5e-05, 'learning_rate_audio': 0.001, 'learning_rate_video': 0.0001, 'learning_rate_other': 0.001, 'weight_decay_bert': 0.001, 'weight_decay_audio': 0.01, 'weight_decay_video': 0.001, 'weight_decay_other': 0.001, 'a_lstm_hidden_size': 32, 'v_lstm_hidden_size': 64, 'a_lstm_layers': 1, 'v_lstm_layers': 1, 'text_out': 768, 'audio_out': 16, 'video_out': 32, 'a_lstm_dropout': 0.0, 'v_lstm_dropout': 0.0, 't_bert_dropout': 0.1, 'd_model': 128, 'fusion_layers': 3, 'heads': 4, 'learnable_pos_emb': False, 'emb_dropout': 0.0, 'attn_dropout': 0.3, 'ff_dropout': 0.1, 'ff_expansion': 4, 'mpu_share': True, 'modality_share': True, 'layer_share': True, 'attn_act_fn': 'tanh', 'gmc_tokens_pred_dim': 128, 'text_pred_dim': 256, 'audio_pred_dim': 8, 'video_pred_dim': 16, 'recon_loss': 'SmoothL1Loss', 'loss_recon_weight': 1, 'loss_attra_weight': 1, 'use_uncertainty_weighted_attra': True, 'use_per_modal_uncertainty_weight': True, 'uncertainty_attra_alpha': 0.2, 'modal_attra_weights': {'gmc': 1.0, 'text': 1.1, 'audio': 1.0, 'video': 1.0}, 'uncertainty_reg_weight': 0.2, 'uncertainty_reg_margin': 1e-05, 'uncertainty_before_weight': 0.2, 'post_fusion_dim': 256, 'post_fusion_dropout': 0.3, 'H': 3.0, 'boundary_loss_weight': 0.1, 'cur_time': 3, 'model_save_path': 'results/mosi/emt-dlfr/run_once/models/emt-dlfr-mosi-regression-mr0.4-11111.pth', 'device': device(type='cuda', index=1), 'tasks': 'M'}>",<max/seed>,"(73.03, 111)","(73.1, 111)","(73.48, 111)","(73.62, 111)","(36.01, 11111)","(32.51, 111)","(110.34, 1111)","(56.49, 11111)","(141.59, 11111)","(109.77, 11111)"
2026-02-13_06-05-04,emt-dlfr,"<Storage{'need_task_scheduling': False, 'is_tune': False, 'train_mode': 'regression', 'modelName': 'emt-dlfr', 'datasetName': 'mosi', 'num_workers': 4, 'model_save_dir': 'results/mosi/emt-dlfr/run_once/models', 'res_save_dir': 'results/mosi/emt-dlfr/run_once/results', 'gpu_ids': [1], 'missing_rates': array([0. , 0.1, 0.2, 0.3, 0.4, 0.5, 0.6, 0.7, 0.8, 0.9, 1. ]), 'seed': 11111, 'num_seeds': 3, 'exp_name': 'moe-uncertainty', 'diff_missing': None, 'KeyEval': 'Loss', 'save_model': True, 'unified_missing': False, 'use_normalized_data': False, 'seeds': [111, 1111, 11111], 'missing_rate': (0.4, 0.4, 0.4), 'dataPath': '/mnt/HDD2/teng/Master-23/sjc/work2/EMT-DLFR-master-based/MMSA/Datasets/MOSI/Processed/unaligned_50.pkl', 'seq_lens': (50, 375, 500), 'feature_dims': (768, 5, 20), 'train_samples': 1284, 'num_classes': 3, 'language': 'en', 'missing_seed': (111, 1111, 11111), 'data_missing': True, 'deal_missing': False, 'need_data_aligned': False, 'need_model_aligned': False, 'need_normalized': False, 'use_bert': True, 'use_finetune': True, 'save_labels': False, 'early_stop': 8, 'update_epochs': 4, 'batch_size': 32, 'learning_rate_bert': 5e-05, 'learning_rate_audio': 0.001, 'learning_rate_video': 0.0001, 'learning_rate_other': 0.001, 'weight_decay_bert': 0.001, 'weight_decay_audio': 0.01, 'weight_decay_video': 0.001, 'weight_decay_other': 0.001, 'a_lstm_hidden_size': 32, 'v_lstm_hidden_size': 64, 'a_lstm_layers': 1, 'v_lstm_layers': 1, 'text_out': 768, 'audio_out': 16, 'video_out': 32, 'a_lstm_dropout': 0.0, 'v_lstm_dropout': 0.0, 't_bert_dropout': 0.1, 'd_model': 128, 'fusion_layers': 3, 'heads': 4, 'learnable_pos_emb': False, 'emb_dropout': 0.0, 'attn_dropout': 0.3, 'ff_dropout': 0.1, 'ff_expansion': 4, 'mpu_share': True, 'modality_share': True, 'layer_share': True, 'attn_act_fn': 'tanh', 'gmc_tokens_pred_dim': 128, 'text_pred_dim': 256, 'audio_pred_dim': 8, 'video_pred_dim': 16, 'recon_loss': 'SmoothL1Loss', 'loss_recon_weight': 1, 'loss_attra_weight': 1, 'use_uncertainty_weighted_attra': True, 'use_per_modal_uncertainty_weight': True, 'uncertainty_attra_alpha': 0.2, 'modal_attra_weights': {'gmc': 1.0, 'text': 1.1, 'audio': 1.0, 'video': 1.0}, 'uncertainty_reg_weight': 0.2, 'uncertainty_reg_margin': 1e-05, 'uncertainty_before_weight': 0.2, 'post_fusion_dim': 256, 'post_fusion_dropout': 0.3, 'H': 3.0, 'boundary_loss_weight': 0.1, 'cur_time': 3, 'model_save_path': 'results/mosi/emt-dlfr/run_once/models/emt-dlfr-mosi-regression-mr0.4-11111.pth', 'device': device(type='cuda', index=1), 'tasks': 'M'}>",<min/seed>,"(71.28, 1111)","(71.32, 11111)","(71.65, 11111)","(71.79, 11111)","(29.74, 1111)","(27.7, 1111)","(106.66, 111)","(54.34, 111)","(134.77, 111)","(106.46, 111)"
2026-02-13_19-04-34,emt-dlfr,"<Storage{'need_task_scheduling': False, 'is_tune': False, 'train_mode': 'regression', 'modelName': 'emt-dlfr', 'datasetName': 'mosi', 'num_workers': 4, 'model_save_dir': 'results/mosi/emt-dlfr/run_once/models', 'res_save_dir': 'results/mosi/emt-dlfr/run_once/results', 'gpu_ids': [1], 'missing_rates': array([0. , 0.1, 0.2, 0.3, 0.4, 0.5, 0.6, 0.7, 0.8, 0.9, 1. ]), 'seed': 11111, 'num_seeds': 3, 'exp_name': 'moe-uncertainty', 'diff_missing': None, 'KeyEval': 'Loss', 'save_model': True, 'unified_missing': False, 'use_normalized_data': False, 'seeds': [111, 1111, 11111], 'missing_rate': (0.4, 0.4, 0.4), 'dataPath': '/mnt/HDD2/teng/Master-23/sjc/work2/EMT-DLFR-master-based/MMSA/Datasets/MOSI/Processed/unaligned_50.pkl', 'seq_lens': (50, 375, 500), 'feature_dims': (768, 5, 20), 'train_samples': 1284, 'num_classes': 3, 'language': 'en', 'missing_seed': (111, 1111, 11111), 'data_missing': True, 'deal_missing': False, 'need_data_aligned': False, 'need_model_aligned': False, 'need_normalized': False, 'use_bert': True, 'use_finetune': True, 'save_labels': False, 'early_stop': 8, 'update_epochs': 4, 'batch_size': 32, 'learning_rate_bert': 5e-05, 'learning_rate_audio': 0.001, 'learning_rate_video': 0.0001, 'learning_rate_other': 0.001, 'weight_decay_bert': 0.001, 'weight_decay_audio': 0.01, 'weight_decay_video': 0.001, 'weight_decay_other': 0.001, 'a_lstm_hidden_size': 32, 'v_lstm_hidden_size': 64, 'a_lstm_layers': 1, 'v_lstm_layers': 1, 'text_out': 768, 'audio_out': 16, 'video_out': 32, 'a_lstm_dropout': 0.0, 'v_lstm_dropout': 0.0, 't_bert_dropout': 0.1, 'd_model': 128, 'fusion_layers': 4, 'heads': 4, 'learnable_pos_emb': False, 'emb_dropout': 0.0, 'attn_dropout': 0.2, 'ff_dropout': 0.1, 'ff_expansion': 4, 'mpu_share': True, 'modality_share': True, 'layer_share': True, 'attn_act_fn': 'tanh', 'gmc_tokens_pred_dim': 128, 'text_pred_dim': 256, 'audio_pred_dim': 8, 'video_pred_dim': 16, 'recon_loss': 'SmoothL1Loss', 'loss_recon_weight': 1, 'loss_attra_weight': 1, 'use_uncertainty_weighted_attra': True, 'use_per_modal_uncertainty_weight': True, 'uncertainty_attra_alpha': 0.2, 'modal_attra_weights': {'gmc': 1.0, 'text': 1.1, 'audio': 1.0, 'video': 1.0}, 'uncertainty_reg_weight': 0.2, 'uncertainty_reg_margin': 1e-05, 'uncertainty_before_weight': 0.2, 'post_fusion_dim': 256, 'post_fusion_dropout': 0.3, 'H': 3.0, 'boundary_loss_weight': 0.1, 'cur_time': 3, 'model_save_path': 'results/mosi/emt-dlfr/run_once/models/emt-dlfr-mosi-regression-mr0.4-11111.pth', 'device': device(type='cuda', index=1), 'tasks': 'M'}>",111,73.47,73.13,75.0,74.76,37.9,34.11,101.06,55.44,131.48,101.29
2026-02-13_19-04-34,emt-dlfr,"<Storage{'need_task_scheduling': False, 'is_tune': False, 'train_mode': 'regression', 'modelName': 'emt-dlfr', 'datasetName': 'mosi', 'num_workers': 4, 'model_save_dir': 'results/mosi/emt-dlfr/run_once/models', 'res_save_dir': 'results/mosi/emt-dlfr/run_once/results', 'gpu_ids': [1], 'missing_rates': array([0. , 0.1, 0.2, 0.3, 0.4, 0.5, 0.6, 0.7, 0.8, 0.9, 1. ]), 'seed': 11111, 'num_seeds': 3, 'exp_name': 'moe-uncertainty', 'diff_missing': None, 'KeyEval': 'Loss', 'save_model': True, 'unified_missing': False, 'use_normalized_data': False, 'seeds': [111, 1111, 11111], 'missing_rate': (0.4, 0.4, 0.4), 'dataPath': '/mnt/HDD2/teng/Master-23/sjc/work2/EMT-DLFR-master-based/MMSA/Datasets/MOSI/Processed/unaligned_50.pkl', 'seq_lens': (50, 375, 500), 'feature_dims': (768, 5, 20), 'train_samples': 1284, 'num_classes': 3, 'language': 'en', 'missing_seed': (111, 1111, 11111), 'data_missing': True, 'deal_missing': False, 'need_data_aligned': False, 'need_model_aligned': False, 'need_normalized': False, 'use_bert': True, 'use_finetune': True, 'save_labels': False, 'early_stop': 8, 'update_epochs': 4, 'batch_size': 32, 'learning_rate_bert': 5e-05, 'learning_rate_audio': 0.001, 'learning_rate_video': 0.0001, 'learning_rate_other': 0.001, 'weight_decay_bert': 0.001, 'weight_decay_audio': 0.01, 'weight_decay_video': 0.001, 'weight_decay_other': 0.001, 'a_lstm_hidden_size': 32, 'v_lstm_hidden_size': 64, 'a_lstm_layers': 1, 'v_lstm_layers': 1, 'text_out': 768, 'audio_out': 16, 'video_out': 32, 'a_lstm_dropout': 0.0, 'v_lstm_dropout': 0.0, 't_bert_dropout': 0.1, 'd_model': 128, 'fusion_layers': 4, 'heads': 4, 'learnable_pos_emb': False, 'emb_dropout': 0.0, 'attn_dropout': 0.2, 'ff_dropout': 0.1, 'ff_expansion': 4, 'mpu_share': True, 'modality_share': True, 'layer_share': True, 'attn_act_fn': 'tanh', 'gmc_tokens_pred_dim': 128, 'text_pred_dim': 256, 'audio_pred_dim': 8, 'video_pred_dim': 16, 'recon_loss': 'SmoothL1Loss', 'loss_recon_weight': 1, 'loss_attra_weight': 1, 'use_uncertainty_weighted_attra': True, 'use_per_modal_uncertainty_weight': True, 'uncertainty_attra_alpha': 0.2, 'modal_attra_weights': {'gmc': 1.0, 'text': 1.1, 'audio': 1.0, 'video': 1.0}, 'uncertainty_reg_weight': 0.2, 'uncertainty_reg_margin': 1e-05, 'uncertainty_before_weight': 0.2, 'post_fusion_dim': 256, 'post_fusion_dropout': 0.3, 'H': 3.0, 'boundary_loss_weight': 0.1, 'cur_time': 3, 'model_save_path': 'results/mosi/emt-dlfr/run_once/models/emt-dlfr-mosi-regression-mr0.4-11111.pth', 'device': device(type='cuda', index=1), 'tasks': 'M'}>",1111,71.43,71.35,72.56,72.57,36.88,32.8,101.15,57.51,130.29,101.79
2026-02-13_19-04-34,emt-dlfr,"<Storage{'need_task_scheduling': False, 'is_tune': False, 'train_mode': 'regression', 'modelName': 'emt-dlfr', 'datasetName': 'mosi', 'num_workers': 4, 'model_save_dir': 'results/mosi/emt-dlfr/run_once/models', 'res_save_dir': 'results/mosi/emt-dlfr/run_once/results', 'gpu_ids': [1], 'missing_rates': array([0. , 0.1, 0.2, 0.3, 0.4, 0.5, 0.6, 0.7, 0.8, 0.9, 1. ]), 'seed': 11111, 'num_seeds': 3, 'exp_name': 'moe-uncertainty', 'diff_missing': None, 'KeyEval': 'Loss', 'save_model': True, 'unified_missing': False, 'use_normalized_data': False, 'seeds': [111, 1111, 11111], 'missing_rate': (0.4, 0.4, 0.4), 'dataPath': '/mnt/HDD2/teng/Master-23/sjc/work2/EMT-DLFR-master-based/MMSA/Datasets/MOSI/Processed/unaligned_50.pkl', 'seq_lens': (50, 375, 500), 'feature_dims': (768, 5, 20), 'train_samples': 1284, 'num_classes': 3, 'language': 'en', 'missing_seed': (111, 1111, 11111), 'data_missing': True, 'deal_missing': False, 'need_data_aligned': False, 'need_model_aligned': False, 'need_normalized': False, 'use_bert': True, 'use_finetune': True, 'save_labels': False, 'early_stop': 8, 'update_epochs': 4, 'batch_size': 32, 'learning_rate_bert': 5e-05, 'learning_rate_audio': 0.001, 'learning_rate_video': 0.0001, 'learning_rate_other': 0.001, 'weight_decay_bert': 0.001, 'weight_decay_audio': 0.01, 'weight_decay_video': 0.001, 'weight_decay_other': 0.001, 'a_lstm_hidden_size': 32, 'v_lstm_hidden_size': 64, 'a_lstm_layers': 1, 'v_lstm_layers': 1, 'text_out': 768, 'audio_out': 16, 'video_out': 32, 'a_lstm_dropout': 0.0, 'v_lstm_dropout': 0.0, 't_bert_dropout': 0.1, 'd_model': 128, 'fusion_layers': 4, 'heads': 4, 'learnable_pos_emb': False, 'emb_dropout': 0.0, 'attn_dropout': 0.2, 'ff_dropout': 0.1, 'ff_expansion': 4, 'mpu_share': True, 'modality_share': True, 'layer_share': True, 'attn_act_fn': 'tanh', 'gmc_tokens_pred_dim': 128, 'text_pred_dim': 256, 'audio_pred_dim': 8, 'video_pred_dim': 16, 'recon_loss': 'SmoothL1Loss', 'loss_recon_weight': 1, 'loss_attra_weight': 1, 'use_uncertainty_weighted_attra': True, 'use_per_modal_uncertainty_weight': True, 'uncertainty_attra_alpha': 0.2, 'modal_attra_weights': {'gmc': 1.0, 'text': 1.1, 'audio': 1.0, 'video': 1.0}, 'uncertainty_reg_weight': 0.2, 'uncertainty_reg_margin': 1e-05, 'uncertainty_before_weight': 0.2, 'post_fusion_dim': 256, 'post_fusion_dropout': 0.3, 'H': 3.0, 'boundary_loss_weight': 0.1, 'cur_time': 3, 'model_save_path': 'results/mosi/emt-dlfr/run_once/models/emt-dlfr-mosi-regression-mr0.4-11111.pth', 'device': device(type='cuda', index=1), 'tasks': 'M'}>",11111,73.18,73.22,73.93,74.06,37.46,33.97,102.67,56.96,130.4,102.82
2026-02-13_19-04-34,emt-dlfr,"<Storage{'need_task_scheduling': False, 'is_tune': False, 'train_mode': 'regression', 'modelName': 'emt-dlfr', 'datasetName': 'mosi', 'num_workers': 4, 'model_save_dir': 'results/mosi/emt-dlfr/run_once/models', 'res_save_dir': 'results/mosi/emt-dlfr/run_once/results', 'gpu_ids': [1], 'missing_rates': array([0. , 0.1, 0.2, 0.3, 0.4, 0.5, 0.6, 0.7, 0.8, 0.9, 1. ]), 'seed': 11111, 'num_seeds': 3, 'exp_name': 'moe-uncertainty', 'diff_missing': None, 'KeyEval': 'Loss', 'save_model': True, 'unified_missing': False, 'use_normalized_data': False, 'seeds': [111, 1111, 11111], 'missing_rate': (0.4, 0.4, 0.4), 'dataPath': '/mnt/HDD2/teng/Master-23/sjc/work2/EMT-DLFR-master-based/MMSA/Datasets/MOSI/Processed/unaligned_50.pkl', 'seq_lens': (50, 375, 500), 'feature_dims': (768, 5, 20), 'train_samples': 1284, 'num_classes': 3, 'language': 'en', 'missing_seed': (111, 1111, 11111), 'data_missing': True, 'deal_missing': False, 'need_data_aligned': False, 'need_model_aligned': False, 'need_normalized': False, 'use_bert': True, 'use_finetune': True, 'save_labels': False, 'early_stop': 8, 'update_epochs': 4, 'batch_size': 32, 'learning_rate_bert': 5e-05, 'learning_rate_audio': 0.001, 'learning_rate_video': 0.0001, 'learning_rate_other': 0.001, 'weight_decay_bert': 0.001, 'weight_decay_audio': 0.01, 'weight_decay_video': 0.001, 'weight_decay_other': 0.001, 'a_lstm_hidden_size': 32, 'v_lstm_hidden_size': 64, 'a_lstm_layers': 1, 'v_lstm_layers': 1, 'text_out': 768, 'audio_out': 16, 'video_out': 32, 'a_lstm_dropout': 0.0, 'v_lstm_dropout': 0.0, 't_bert_dropout': 0.1, 'd_model': 128, 'fusion_layers': 4, 'heads': 4, 'learnable_pos_emb': False, 'emb_dropout': 0.0, 'attn_dropout': 0.2, 'ff_dropout': 0.1, 'ff_expansion': 4, 'mpu_share': True, 'modality_share': True, 'layer_share': True, 'attn_act_fn': 'tanh', 'gmc_tokens_pred_dim': 128, 'text_pred_dim': 256, 'audio_pred_dim': 8, 'video_pred_dim': 16, 'recon_loss': 'SmoothL1Loss', 'loss_recon_weight': 1, 'loss_attra_weight': 1, 'use_uncertainty_weighted_attra': True, 'use_per_modal_uncertainty_weight': True, 'uncertainty_attra_alpha': 0.2, 'modal_attra_weights': {'gmc': 1.0, 'text': 1.1, 'audio': 1.0, 'video': 1.0}, 'uncertainty_reg_weight': 0.2, 'uncertainty_reg_margin': 1e-05, 'uncertainty_before_weight': 0.2, 'post_fusion_dim': 256, 'post_fusion_dropout': 0.3, 'H': 3.0, 'boundary_loss_weight': 0.1, 'cur_time': 3, 'model_save_path': 'results/mosi/emt-dlfr/run_once/models/emt-dlfr-mosi-regression-mr0.4-11111.pth', 'device': device(type='cuda', index=1), 'tasks': 'M'}>",<mean/std>,"(72.69, 0.9)","(72.57, 0.86)","(73.83, 1.0)","(73.8, 0.91)","(37.41, 0.42)","(33.63, 0.59)","(101.63, 0.74)","(56.64, 0.88)","(130.72, 0.54)","(101.97, 0.63)"
2026-02-13_19-04-34,emt-dlfr,"<Storage{'need_task_scheduling': False, 'is_tune': False, 'train_mode': 'regression', 'modelName': 'emt-dlfr', 'datasetName': 'mosi', 'num_workers': 4, 'model_save_dir': 'results/mosi/emt-dlfr/run_once/models', 'res_save_dir': 'results/mosi/emt-dlfr/run_once/results', 'gpu_ids': [1], 'missing_rates': array([0. , 0.1, 0.2, 0.3, 0.4, 0.5, 0.6, 0.7, 0.8, 0.9, 1. ]), 'seed': 11111, 'num_seeds': 3, 'exp_name': 'moe-uncertainty', 'diff_missing': None, 'KeyEval': 'Loss', 'save_model': True, 'unified_missing': False, 'use_normalized_data': False, 'seeds': [111, 1111, 11111], 'missing_rate': (0.4, 0.4, 0.4), 'dataPath': '/mnt/HDD2/teng/Master-23/sjc/work2/EMT-DLFR-master-based/MMSA/Datasets/MOSI/Processed/unaligned_50.pkl', 'seq_lens': (50, 375, 500), 'feature_dims': (768, 5, 20), 'train_samples': 1284, 'num_classes': 3, 'language': 'en', 'missing_seed': (111, 1111, 11111), 'data_missing': True, 'deal_missing': False, 'need_data_aligned': False, 'need_model_aligned': False, 'need_normalized': False, 'use_bert': True, 'use_finetune': True, 'save_labels': False, 'early_stop': 8, 'update_epochs': 4, 'batch_size': 32, 'learning_rate_bert': 5e-05, 'learning_rate_audio': 0.001, 'learning_rate_video': 0.0001, 'learning_rate_other': 0.001, 'weight_decay_bert': 0.001, 'weight_decay_audio': 0.01, 'weight_decay_video': 0.001, 'weight_decay_other': 0.001, 'a_lstm_hidden_size': 32, 'v_lstm_hidden_size': 64, 'a_lstm_layers': 1, 'v_lstm_layers': 1, 'text_out': 768, 'audio_out': 16, 'video_out': 32, 'a_lstm_dropout': 0.0, 'v_lstm_dropout': 0.0, 't_bert_dropout': 0.1, 'd_model': 128, 'fusion_layers': 4, 'heads': 4, 'learnable_pos_emb': False, 'emb_dropout': 0.0, 'attn_dropout': 0.2, 'ff_dropout': 0.1, 'ff_expansion': 4, 'mpu_share': True, 'modality_share': True, 'layer_share': True, 'attn_act_fn': 'tanh', 'gmc_tokens_pred_dim': 128, 'text_pred_dim': 256, 'audio_pred_dim': 8, 'video_pred_dim': 16, 'recon_loss': 'SmoothL1Loss', 'loss_recon_weight': 1, 'loss_attra_weight': 1, 'use_uncertainty_weighted_attra': True, 'use_per_modal_uncertainty_weight': True, 'uncertainty_attra_alpha': 0.2, 'modal_attra_weights': {'gmc': 1.0, 'text': 1.1, 'audio': 1.0, 'video': 1.0}, 'uncertainty_reg_weight': 0.2, 'uncertainty_reg_margin': 1e-05, 'uncertainty_before_weight': 0.2, 'post_fusion_dim': 256, 'post_fusion_dropout': 0.3, 'H': 3.0, 'boundary_loss_weight': 0.1, 'cur_time': 3, 'model_save_path': 'results/mosi/emt-dlfr/run_once/models/emt-dlfr-mosi-regression-mr0.4-11111.pth', 'device': device(type='cuda', index=1), 'tasks': 'M'}>",<max/seed>,"(73.47, 111)","(73.22, 11111)","(75.0, 111)","(74.76, 111)","(37.9, 111)","(34.11, 111)","(102.67, 11111)","(57.51, 1111)","(131.48, 111)","(102.82, 11111)"
2026-02-13_19-04-34,emt-dlfr,"<Storage{'need_task_scheduling': False, 'is_tune': False, 'train_mode': 'regression', 'modelName': 'emt-dlfr', 'datasetName': 'mosi', 'num_workers': 4, 'model_save_dir': 'results/mosi/emt-dlfr/run_once/models', 'res_save_dir': 'results/mosi/emt-dlfr/run_once/results', 'gpu_ids': [1], 'missing_rates': array([0. , 0.1, 0.2, 0.3, 0.4, 0.5, 0.6, 0.7, 0.8, 0.9, 1. ]), 'seed': 11111, 'num_seeds': 3, 'exp_name': 'moe-uncertainty', 'diff_missing': None, 'KeyEval': 'Loss', 'save_model': True, 'unified_missing': False, 'use_normalized_data': False, 'seeds': [111, 1111, 11111], 'missing_rate': (0.4, 0.4, 0.4), 'dataPath': '/mnt/HDD2/teng/Master-23/sjc/work2/EMT-DLFR-master-based/MMSA/Datasets/MOSI/Processed/unaligned_50.pkl', 'seq_lens': (50, 375, 500), 'feature_dims': (768, 5, 20), 'train_samples': 1284, 'num_classes': 3, 'language': 'en', 'missing_seed': (111, 1111, 11111), 'data_missing': True, 'deal_missing': False, 'need_data_aligned': False, 'need_model_aligned': False, 'need_normalized': False, 'use_bert': True, 'use_finetune': True, 'save_labels': False, 'early_stop': 8, 'update_epochs': 4, 'batch_size': 32, 'learning_rate_bert': 5e-05, 'learning_rate_audio': 0.001, 'learning_rate_video': 0.0001, 'learning_rate_other': 0.001, 'weight_decay_bert': 0.001, 'weight_decay_audio': 0.01, 'weight_decay_video': 0.001, 'weight_decay_other': 0.001, 'a_lstm_hidden_size': 32, 'v_lstm_hidden_size': 64, 'a_lstm_layers': 1, 'v_lstm_layers': 1, 'text_out': 768, 'audio_out': 16, 'video_out': 32, 'a_lstm_dropout': 0.0, 'v_lstm_dropout': 0.0, 't_bert_dropout': 0.1, 'd_model': 128, 'fusion_layers': 4, 'heads': 4, 'learnable_pos_emb': False, 'emb_dropout': 0.0, 'attn_dropout': 0.2, 'ff_dropout': 0.1, 'ff_expansion': 4, 'mpu_share': True, 'modality_share': True, 'layer_share': True, 'attn_act_fn': 'tanh', 'gmc_tokens_pred_dim': 128, 'text_pred_dim': 256, 'audio_pred_dim': 8, 'video_pred_dim': 16, 'recon_loss': 'SmoothL1Loss', 'loss_recon_weight': 1, 'loss_attra_weight': 1, 'use_uncertainty_weighted_attra': True, 'use_per_modal_uncertainty_weight': True, 'uncertainty_attra_alpha': 0.2, 'modal_attra_weights': {'gmc': 1.0, 'text': 1.1, 'audio': 1.0, 'video': 1.0}, 'uncertainty_reg_weight': 0.2, 'uncertainty_reg_margin': 1e-05, 'uncertainty_before_weight': 0.2, 'post_fusion_dim': 256, 'post_fusion_dropout': 0.3, 'H': 3.0, 'boundary_loss_weight': 0.1, 'cur_time': 3, 'model_save_path': 'results/mosi/emt-dlfr/run_once/models/emt-dlfr-mosi-regression-mr0.4-11111.pth', 'device': device(type='cuda', index=1), 'tasks': 'M'}>",<min/seed>,"(71.43, 1111)","(71.35, 1111)","(72.56, 1111)","(72.57, 1111)","(36.88, 1111)","(32.8, 1111)","(101.06, 111)","(55.44, 111)","(130.29, 1111)","(101.29, 111)"
2026-02-14_08-02-33,emt-dlfr,"<Storage{'need_task_scheduling': False, 'is_tune': False, 'train_mode': 'regression', 'modelName': 'emt-dlfr', 'datasetName': 'mosi', 'num_workers': 4, 'model_save_dir': 'results/mosi/emt-dlfr/run_once/models', 'res_save_dir': 'results/mosi/emt-dlfr/run_once/results', 'gpu_ids': [1], 'missing_rates': array([0. , 0.1, 0.2, 0.3, 0.4, 0.5, 0.6, 0.7, 0.8, 0.9, 1. ]), 'seed': 11111, 'num_seeds': 3, 'exp_name': 'moe-uncertainty', 'diff_missing': None, 'KeyEval': 'Loss', 'save_model': True, 'unified_missing': False, 'use_normalized_data': False, 'seeds': [111, 1111, 11111], 'missing_rate': (0.4, 0.4, 0.4), 'dataPath': '/mnt/HDD2/teng/Master-23/sjc/work2/EMT-DLFR-master-based/MMSA/Datasets/MOSI/Processed/unaligned_50.pkl', 'seq_lens': (50, 375, 500), 'feature_dims': (768, 5, 20), 'train_samples': 1284, 'num_classes': 3, 'language': 'en', 'missing_seed': (111, 1111, 11111), 'data_missing': True, 'deal_missing': False, 'need_data_aligned': False, 'need_model_aligned': False, 'need_normalized': False, 'use_bert': True, 'use_finetune': True, 'save_labels': False, 'early_stop': 8, 'update_epochs': 4, 'batch_size': 32, 'learning_rate_bert': 5e-05, 'learning_rate_audio': 0.001, 'learning_rate_video': 0.0001, 'learning_rate_other': 0.001, 'weight_decay_bert': 0.001, 'weight_decay_audio': 0.01, 'weight_decay_video': 0.001, 'weight_decay_other': 0.001, 'a_lstm_hidden_size': 32, 'v_lstm_hidden_size': 64, 'a_lstm_layers': 1, 'v_lstm_layers': 1, 'text_out': 768, 'audio_out': 16, 'video_out': 32, 'a_lstm_dropout': 0.0, 'v_lstm_dropout': 0.0, 't_bert_dropout': 0.1, 'd_model': 128, 'fusion_layers': 4, 'heads': 4, 'learnable_pos_emb': False, 'emb_dropout': 0.0, 'attn_dropout': 0.2, 'ff_dropout': 0.1, 'ff_expansion': 4, 'mpu_share': True, 'modality_share': True, 'layer_share': True, 'attn_act_fn': 'tanh', 'gmc_tokens_pred_dim': 128, 'text_pred_dim': 256, 'audio_pred_dim': 8, 'video_pred_dim': 16, 'recon_loss': 'SmoothL1Loss', 'loss_recon_weight': 1, 'loss_attra_weight': 1, 'use_uncertainty_weighted_attra': True, 'use_per_modal_uncertainty_weight': True, 'uncertainty_attra_alpha': 0.2, 'modal_attra_weights': {'gmc': 1.0, 'text': 1.1, 'audio': 1.0, 'video': 1.0}, 'uncertainty_reg_weight': 0.1, 'uncertainty_reg_margin': 1e-05, 'uncertainty_before_weight': 0.1, 'post_fusion_dim': 256, 'post_fusion_dropout': 0.3, 'H': 3.0, 'boundary_loss_weight': 0.1, 'cur_time': 3, 'model_save_path': 'results/mosi/emt-dlfr/run_once/models/emt-dlfr-mosi-regression-mr0.4-11111.pth', 'device': device(type='cuda', index=1), 'tasks': 'M'}>",111,71.87,71.86,72.87,72.94,37.46,33.38,103.55,56.12,-111.77,103.93
2026-02-14_08-02-33,emt-dlfr,"<Storage{'need_task_scheduling': False, 'is_tune': False, 'train_mode': 'regression', 'modelName': 'emt-dlfr', 'datasetName': 'mosi', 'num_workers': 4, 'model_save_dir': 'results/mosi/emt-dlfr/run_once/models', 'res_save_dir': 'results/mosi/emt-dlfr/run_once/results', 'gpu_ids': [1], 'missing_rates': array([0. , 0.1, 0.2, 0.3, 0.4, 0.5, 0.6, 0.7, 0.8, 0.9, 1. ]), 'seed': 11111, 'num_seeds': 3, 'exp_name': 'moe-uncertainty', 'diff_missing': None, 'KeyEval': 'Loss', 'save_model': True, 'unified_missing': False, 'use_normalized_data': False, 'seeds': [111, 1111, 11111], 'missing_rate': (0.4, 0.4, 0.4), 'dataPath': '/mnt/HDD2/teng/Master-23/sjc/work2/EMT-DLFR-master-based/MMSA/Datasets/MOSI/Processed/unaligned_50.pkl', 'seq_lens': (50, 375, 500), 'feature_dims': (768, 5, 20), 'train_samples': 1284, 'num_classes': 3, 'language': 'en', 'missing_seed': (111, 1111, 11111), 'data_missing': True, 'deal_missing': False, 'need_data_aligned': False, 'need_model_aligned': False, 'need_normalized': False, 'use_bert': True, 'use_finetune': True, 'save_labels': False, 'early_stop': 8, 'update_epochs': 4, 'batch_size': 32, 'learning_rate_bert': 5e-05, 'learning_rate_audio': 0.001, 'learning_rate_video': 0.0001, 'learning_rate_other': 0.001, 'weight_decay_bert': 0.001, 'weight_decay_audio': 0.01, 'weight_decay_video': 0.001, 'weight_decay_other': 0.001, 'a_lstm_hidden_size': 32, 'v_lstm_hidden_size': 64, 'a_lstm_layers': 1, 'v_lstm_layers': 1, 'text_out': 768, 'audio_out': 16, 'video_out': 32, 'a_lstm_dropout': 0.0, 'v_lstm_dropout': 0.0, 't_bert_dropout': 0.1, 'd_model': 128, 'fusion_layers': 4, 'heads': 4, 'learnable_pos_emb': False, 'emb_dropout': 0.0, 'attn_dropout': 0.2, 'ff_dropout': 0.1, 'ff_expansion': 4, 'mpu_share': True, 'modality_share': True, 'layer_share': True, 'attn_act_fn': 'tanh', 'gmc_tokens_pred_dim': 128, 'text_pred_dim': 256, 'audio_pred_dim': 8, 'video_pred_dim': 16, 'recon_loss': 'SmoothL1Loss', 'loss_recon_weight': 1, 'loss_attra_weight': 1, 'use_uncertainty_weighted_attra': True, 'use_per_modal_uncertainty_weight': True, 'uncertainty_attra_alpha': 0.2, 'modal_attra_weights': {'gmc': 1.0, 'text': 1.1, 'audio': 1.0, 'video': 1.0}, 'uncertainty_reg_weight': 0.1, 'uncertainty_reg_margin': 1e-05, 'uncertainty_before_weight': 0.1, 'post_fusion_dim': 256, 'post_fusion_dropout': 0.3, 'H': 3.0, 'boundary_loss_weight': 0.1, 'cur_time': 3, 'model_save_path': 'results/mosi/emt-dlfr/run_once/models/emt-dlfr-mosi-regression-mr0.4-11111.pth', 'device': device(type='cuda', index=1), 'tasks': 'M'}>",1111,73.32,73.37,74.24,74.37,38.78,34.84,102.62,56.43,-131.61,102.41
2026-02-14_08-02-33,emt-dlfr,"<Storage{'need_task_scheduling': False, 'is_tune': False, 'train_mode': 'regression', 'modelName': 'emt-dlfr', 'datasetName': 'mosi', 'num_workers': 4, 'model_save_dir': 'results/mosi/emt-dlfr/run_once/models', 'res_save_dir': 'results/mosi/emt-dlfr/run_once/results', 'gpu_ids': [1], 'missing_rates': array([0. , 0.1, 0.2, 0.3, 0.4, 0.5, 0.6, 0.7, 0.8, 0.9, 1. ]), 'seed': 11111, 'num_seeds': 3, 'exp_name': 'moe-uncertainty', 'diff_missing': None, 'KeyEval': 'Loss', 'save_model': True, 'unified_missing': False, 'use_normalized_data': False, 'seeds': [111, 1111, 11111], 'missing_rate': (0.4, 0.4, 0.4), 'dataPath': '/mnt/HDD2/teng/Master-23/sjc/work2/EMT-DLFR-master-based/MMSA/Datasets/MOSI/Processed/unaligned_50.pkl', 'seq_lens': (50, 375, 500), 'feature_dims': (768, 5, 20), 'train_samples': 1284, 'num_classes': 3, 'language': 'en', 'missing_seed': (111, 1111, 11111), 'data_missing': True, 'deal_missing': False, 'need_data_aligned': False, 'need_model_aligned': False, 'need_normalized': False, 'use_bert': True, 'use_finetune': True, 'save_labels': False, 'early_stop': 8, 'update_epochs': 4, 'batch_size': 32, 'learning_rate_bert': 5e-05, 'learning_rate_audio': 0.001, 'learning_rate_video': 0.0001, 'learning_rate_other': 0.001, 'weight_decay_bert': 0.001, 'weight_decay_audio': 0.01, 'weight_decay_video': 0.001, 'weight_decay_other': 0.001, 'a_lstm_hidden_size': 32, 'v_lstm_hidden_size': 64, 'a_lstm_layers': 1, 'v_lstm_layers': 1, 'text_out': 768, 'audio_out': 16, 'video_out': 32, 'a_lstm_dropout': 0.0, 'v_lstm_dropout': 0.0, 't_bert_dropout': 0.1, 'd_model': 128, 'fusion_layers': 4, 'heads': 4, 'learnable_pos_emb': False, 'emb_dropout': 0.0, 'attn_dropout': 0.2, 'ff_dropout': 0.1, 'ff_expansion': 4, 'mpu_share': True, 'modality_share': True, 'layer_share': True, 'attn_act_fn': 'tanh', 'gmc_tokens_pred_dim': 128, 'text_pred_dim': 256, 'audio_pred_dim': 8, 'video_pred_dim': 16, 'recon_loss': 'SmoothL1Loss', 'loss_recon_weight': 1, 'loss_attra_weight': 1, 'use_uncertainty_weighted_attra': True, 'use_per_modal_uncertainty_weight': True, 'uncertainty_attra_alpha': 0.2, 'modal_attra_weights': {'gmc': 1.0, 'text': 1.1, 'audio': 1.0, 'video': 1.0}, 'uncertainty_reg_weight': 0.1, 'uncertainty_reg_margin': 1e-05, 'uncertainty_before_weight': 0.1, 'post_fusion_dim': 256, 'post_fusion_dropout': 0.3, 'H': 3.0, 'boundary_loss_weight': 0.1, 'cur_time': 3, 'model_save_path': 'results/mosi/emt-dlfr/run_once/models/emt-dlfr-mosi-regression-mr0.4-11111.pth', 'device': device(type='cuda', index=1), 'tasks': 'M'}>",11111,73.76,73.83,74.24,74.39,38.19,34.69,103.53,56.99,-122.17,103.34
2026-02-14_08-02-33,emt-dlfr,"<Storage{'need_task_scheduling': False, 'is_tune': False, 'train_mode': 'regression', 'modelName': 'emt-dlfr', 'datasetName': 'mosi', 'num_workers': 4, 'model_save_dir': 'results/mosi/emt-dlfr/run_once/models', 'res_save_dir': 'results/mosi/emt-dlfr/run_once/results', 'gpu_ids': [1], 'missing_rates': array([0. , 0.1, 0.2, 0.3, 0.4, 0.5, 0.6, 0.7, 0.8, 0.9, 1. ]), 'seed': 11111, 'num_seeds': 3, 'exp_name': 'moe-uncertainty', 'diff_missing': None, 'KeyEval': 'Loss', 'save_model': True, 'unified_missing': False, 'use_normalized_data': False, 'seeds': [111, 1111, 11111], 'missing_rate': (0.4, 0.4, 0.4), 'dataPath': '/mnt/HDD2/teng/Master-23/sjc/work2/EMT-DLFR-master-based/MMSA/Datasets/MOSI/Processed/unaligned_50.pkl', 'seq_lens': (50, 375, 500), 'feature_dims': (768, 5, 20), 'train_samples': 1284, 'num_classes': 3, 'language': 'en', 'missing_seed': (111, 1111, 11111), 'data_missing': True, 'deal_missing': False, 'need_data_aligned': False, 'need_model_aligned': False, 'need_normalized': False, 'use_bert': True, 'use_finetune': True, 'save_labels': False, 'early_stop': 8, 'update_epochs': 4, 'batch_size': 32, 'learning_rate_bert': 5e-05, 'learning_rate_audio': 0.001, 'learning_rate_video': 0.0001, 'learning_rate_other': 0.001, 'weight_decay_bert': 0.001, 'weight_decay_audio': 0.01, 'weight_decay_video': 0.001, 'weight_decay_other': 0.001, 'a_lstm_hidden_size': 32, 'v_lstm_hidden_size': 64, 'a_lstm_layers': 1, 'v_lstm_layers': 1, 'text_out': 768, 'audio_out': 16, 'video_out': 32, 'a_lstm_dropout': 0.0, 'v_lstm_dropout': 0.0, 't_bert_dropout': 0.1, 'd_model': 128, 'fusion_layers': 4, 'heads': 4, 'learnable_pos_emb': False, 'emb_dropout': 0.0, 'attn_dropout': 0.2, 'ff_dropout': 0.1, 'ff_expansion': 4, 'mpu_share': True, 'modality_share': True, 'layer_share': True, 'attn_act_fn': 'tanh', 'gmc_tokens_pred_dim': 128, 'text_pred_dim': 256, 'audio_pred_dim': 8, 'video_pred_dim': 16, 'recon_loss': 'SmoothL1Loss', 'loss_recon_weight': 1, 'loss_attra_weight': 1, 'use_uncertainty_weighted_attra': True, 'use_per_modal_uncertainty_weight': True, 'uncertainty_attra_alpha': 0.2, 'modal_attra_weights': {'gmc': 1.0, 'text': 1.1, 'audio': 1.0, 'video': 1.0}, 'uncertainty_reg_weight': 0.1, 'uncertainty_reg_margin': 1e-05, 'uncertainty_before_weight': 0.1, 'post_fusion_dim': 256, 'post_fusion_dropout': 0.3, 'H': 3.0, 'boundary_loss_weight': 0.1, 'cur_time': 3, 'model_save_path': 'results/mosi/emt-dlfr/run_once/models/emt-dlfr-mosi-regression-mr0.4-11111.pth', 'device': device(type='cuda', index=1), 'tasks': 'M'}>",<mean/std>,"(72.98, 0.81)","(73.02, 0.84)","(73.78, 0.65)","(73.9, 0.68)","(38.14, 0.54)","(34.3, 0.66)","(103.23, 0.43)","(56.51, 0.36)","(-121.85, 8.1)","(103.23, 0.63)"
2026-02-14_08-02-33,emt-dlfr,"<Storage{'need_task_scheduling': False, 'is_tune': False, 'train_mode': 'regression', 'modelName': 'emt-dlfr', 'datasetName': 'mosi', 'num_workers': 4, 'model_save_dir': 'results/mosi/emt-dlfr/run_once/models', 'res_save_dir': 'results/mosi/emt-dlfr/run_once/results', 'gpu_ids': [1], 'missing_rates': array([0. , 0.1, 0.2, 0.3, 0.4, 0.5, 0.6, 0.7, 0.8, 0.9, 1. ]), 'seed': 11111, 'num_seeds': 3, 'exp_name': 'moe-uncertainty', 'diff_missing': None, 'KeyEval': 'Loss', 'save_model': True, 'unified_missing': False, 'use_normalized_data': False, 'seeds': [111, 1111, 11111], 'missing_rate': (0.4, 0.4, 0.4), 'dataPath': '/mnt/HDD2/teng/Master-23/sjc/work2/EMT-DLFR-master-based/MMSA/Datasets/MOSI/Processed/unaligned_50.pkl', 'seq_lens': (50, 375, 500), 'feature_dims': (768, 5, 20), 'train_samples': 1284, 'num_classes': 3, 'language': 'en', 'missing_seed': (111, 1111, 11111), 'data_missing': True, 'deal_missing': False, 'need_data_aligned': False, 'need_model_aligned': False, 'need_normalized': False, 'use_bert': True, 'use_finetune': True, 'save_labels': False, 'early_stop': 8, 'update_epochs': 4, 'batch_size': 32, 'learning_rate_bert': 5e-05, 'learning_rate_audio': 0.001, 'learning_rate_video': 0.0001, 'learning_rate_other': 0.001, 'weight_decay_bert': 0.001, 'weight_decay_audio': 0.01, 'weight_decay_video': 0.001, 'weight_decay_other': 0.001, 'a_lstm_hidden_size': 32, 'v_lstm_hidden_size': 64, 'a_lstm_layers': 1, 'v_lstm_layers': 1, 'text_out': 768, 'audio_out': 16, 'video_out': 32, 'a_lstm_dropout': 0.0, 'v_lstm_dropout': 0.0, 't_bert_dropout': 0.1, 'd_model': 128, 'fusion_layers': 4, 'heads': 4, 'learnable_pos_emb': False, 'emb_dropout': 0.0, 'attn_dropout': 0.2, 'ff_dropout': 0.1, 'ff_expansion': 4, 'mpu_share': True, 'modality_share': True, 'layer_share': True, 'attn_act_fn': 'tanh', 'gmc_tokens_pred_dim': 128, 'text_pred_dim': 256, 'audio_pred_dim': 8, 'video_pred_dim': 16, 'recon_loss': 'SmoothL1Loss', 'loss_recon_weight': 1, 'loss_attra_weight': 1, 'use_uncertainty_weighted_attra': True, 'use_per_modal_uncertainty_weight': True, 'uncertainty_attra_alpha': 0.2, 'modal_attra_weights': {'gmc': 1.0, 'text': 1.1, 'audio': 1.0, 'video': 1.0}, 'uncertainty_reg_weight': 0.1, 'uncertainty_reg_margin': 1e-05, 'uncertainty_before_weight': 0.1, 'post_fusion_dim': 256, 'post_fusion_dropout': 0.3, 'H': 3.0, 'boundary_loss_weight': 0.1, 'cur_time': 3, 'model_save_path': 'results/mosi/emt-dlfr/run_once/models/emt-dlfr-mosi-regression-mr0.4-11111.pth', 'device': device(type='cuda', index=1), 'tasks': 'M'}>",<max/seed>,"(73.76, 11111)","(73.83, 11111)","(74.24, 1111)","(74.39, 11111)","(38.78, 1111)","(34.84, 1111)","(103.55, 111)","(56.99, 11111)","(-111.77, 111)","(103.93, 111)"
2026-02-14_08-02-33,emt-dlfr,"<Storage{'need_task_scheduling': False, 'is_tune': False, 'train_mode': 'regression', 'modelName': 'emt-dlfr', 'datasetName': 'mosi', 'num_workers': 4, 'model_save_dir': 'results/mosi/emt-dlfr/run_once/models', 'res_save_dir': 'results/mosi/emt-dlfr/run_once/results', 'gpu_ids': [1], 'missing_rates': array([0. , 0.1, 0.2, 0.3, 0.4, 0.5, 0.6, 0.7, 0.8, 0.9, 1. ]), 'seed': 11111, 'num_seeds': 3, 'exp_name': 'moe-uncertainty', 'diff_missing': None, 'KeyEval': 'Loss', 'save_model': True, 'unified_missing': False, 'use_normalized_data': False, 'seeds': [111, 1111, 11111], 'missing_rate': (0.4, 0.4, 0.4), 'dataPath': '/mnt/HDD2/teng/Master-23/sjc/work2/EMT-DLFR-master-based/MMSA/Datasets/MOSI/Processed/unaligned_50.pkl', 'seq_lens': (50, 375, 500), 'feature_dims': (768, 5, 20), 'train_samples': 1284, 'num_classes': 3, 'language': 'en', 'missing_seed': (111, 1111, 11111), 'data_missing': True, 'deal_missing': False, 'need_data_aligned': False, 'need_model_aligned': False, 'need_normalized': False, 'use_bert': True, 'use_finetune': True, 'save_labels': False, 'early_stop': 8, 'update_epochs': 4, 'batch_size': 32, 'learning_rate_bert': 5e-05, 'learning_rate_audio': 0.001, 'learning_rate_video': 0.0001, 'learning_rate_other': 0.001, 'weight_decay_bert': 0.001, 'weight_decay_audio': 0.01, 'weight_decay_video': 0.001, 'weight_decay_other': 0.001, 'a_lstm_hidden_size': 32, 'v_lstm_hidden_size': 64, 'a_lstm_layers': 1, 'v_lstm_layers': 1, 'text_out': 768, 'audio_out': 16, 'video_out': 32, 'a_lstm_dropout': 0.0, 'v_lstm_dropout': 0.0, 't_bert_dropout': 0.1, 'd_model': 128, 'fusion_layers': 4, 'heads': 4, 'learnable_pos_emb': False, 'emb_dropout': 0.0, 'attn_dropout': 0.2, 'ff_dropout': 0.1, 'ff_expansion': 4, 'mpu_share': True, 'modality_share': True, 'layer_share': True, 'attn_act_fn': 'tanh', 'gmc_tokens_pred_dim': 128, 'text_pred_dim': 256, 'audio_pred_dim': 8, 'video_pred_dim': 16, 'recon_loss': 'SmoothL1Loss', 'loss_recon_weight': 1, 'loss_attra_weight': 1, 'use_uncertainty_weighted_attra': True, 'use_per_modal_uncertainty_weight': True, 'uncertainty_attra_alpha': 0.2, 'modal_attra_weights': {'gmc': 1.0, 'text': 1.1, 'audio': 1.0, 'video': 1.0}, 'uncertainty_reg_weight': 0.1, 'uncertainty_reg_margin': 1e-05, 'uncertainty_before_weight': 0.1, 'post_fusion_dim': 256, 'post_fusion_dropout': 0.3, 'H': 3.0, 'boundary_loss_weight': 0.1, 'cur_time': 3, 'model_save_path': 'results/mosi/emt-dlfr/run_once/models/emt-dlfr-mosi-regression-mr0.4-11111.pth', 'device': device(type='cuda', index=1), 'tasks': 'M'}>",<min/seed>,"(71.87, 111)","(71.86, 111)","(72.87, 111)","(72.94, 111)","(37.46, 111)","(33.38, 111)","(102.62, 1111)","(56.12, 111)","(-131.61, 1111)","(102.41, 1111)"
2026-02-14_16-40-17,emt-dlfr,"<Storage{'need_task_scheduling': False, 'is_tune': False, 'train_mode': 'regression', 'modelName': 'emt-dlfr', 'datasetName': 'mosi', 'num_workers': 4, 'model_save_dir': 'results/mosi/emt-dlfr/run_once/models', 'res_save_dir': 'results/mosi/emt-dlfr/run_once/results', 'gpu_ids': [1], 'missing_rates': array([0. , 0.1, 0.2, 0.3, 0.4, 0.5, 0.6, 0.7, 0.8, 0.9, 1. ]), 'seed': 11111, 'num_seeds': 3, 'exp_name': 'moe-uncertainty', 'diff_missing': None, 'KeyEval': 'Loss', 'save_model': True, 'unified_missing': False, 'use_normalized_data': False, 'seeds': [111, 1111, 11111], 'missing_rate': (0.4, 0.4, 0.4), 'dataPath': '/mnt/HDD2/teng/Master-23/sjc/work2/EMT-DLFR-master-based/MMSA/Datasets/MOSI/Processed/unaligned_50.pkl', 'seq_lens': (50, 375, 500), 'feature_dims': (768, 5, 20), 'train_samples': 1284, 'num_classes': 3, 'language': 'en', 'missing_seed': (111, 1111, 11111), 'data_missing': True, 'deal_missing': False, 'need_data_aligned': False, 'need_model_aligned': False, 'need_normalized': False, 'use_bert': True, 'use_finetune': True, 'save_labels': False, 'early_stop': 8, 'update_epochs': 4, 'batch_size': 32, 'learning_rate_bert': 5e-05, 'learning_rate_audio': 0.001, 'learning_rate_video': 0.0001, 'learning_rate_other': 0.001, 'weight_decay_bert': 0.001, 'weight_decay_audio': 0.01, 'weight_decay_video': 0.001, 'weight_decay_other': 0.001, 'a_lstm_hidden_size': 32, 'v_lstm_hidden_size': 64, 'a_lstm_layers': 1, 'v_lstm_layers': 1, 'text_out': 768, 'audio_out': 16, 'video_out': 32, 'a_lstm_dropout': 0.0, 'v_lstm_dropout': 0.0, 't_bert_dropout': 0.1, 'd_model': 128, 'fusion_layers': 5, 'heads': 4, 'learnable_pos_emb': False, 'emb_dropout': 0.0, 'attn_dropout': 0.2, 'ff_dropout': 0.1, 'ff_expansion': 4, 'mpu_share': True, 'modality_share': True, 'layer_share': True, 'attn_act_fn': 'tanh', 'gmc_tokens_pred_dim': 128, 'text_pred_dim': 256, 'audio_pred_dim': 8, 'video_pred_dim': 16, 'recon_loss': 'SmoothL1Loss', 'loss_recon_weight': 1, 'loss_attra_weight': 1, 'use_uncertainty_weighted_attra': True, 'use_per_modal_uncertainty_weight': True, 'uncertainty_attra_alpha': 0.2, 'modal_attra_weights': {'gmc': 1.0, 'text': 1.1, 'audio': 1.0, 'video': 1.0}, 'uncertainty_reg_weight': 0.1, 'uncertainty_reg_margin': 1e-05, 'uncertainty_before_weight': 0.1, 'post_fusion_dim': 256, 'post_fusion_dropout': 0.3, 'H': 3.0, 'boundary_loss_weight': 0.1, 'cur_time': 3, 'model_save_path': 'results/mosi/emt-dlfr/run_once/models/emt-dlfr-mosi-regression-mr0.4-11111.pth', 'device': device(type='cuda', index=1), 'tasks': 'M'}>",111,73.91,73.96,74.24,74.36,36.88,33.09,102.45,57.78,-132.17,103.61
2026-02-14_16-40-17,emt-dlfr,"<Storage{'need_task_scheduling': False, 'is_tune': False, 'train_mode': 'regression', 'modelName': 'emt-dlfr', 'datasetName': 'mosi', 'num_workers': 4, 'model_save_dir': 'results/mosi/emt-dlfr/run_once/models', 'res_save_dir': 'results/mosi/emt-dlfr/run_once/results', 'gpu_ids': [1], 'missing_rates': array([0. , 0.1, 0.2, 0.3, 0.4, 0.5, 0.6, 0.7, 0.8, 0.9, 1. ]), 'seed': 11111, 'num_seeds': 3, 'exp_name': 'moe-uncertainty', 'diff_missing': None, 'KeyEval': 'Loss', 'save_model': True, 'unified_missing': False, 'use_normalized_data': False, 'seeds': [111, 1111, 11111], 'missing_rate': (0.4, 0.4, 0.4), 'dataPath': '/mnt/HDD2/teng/Master-23/sjc/work2/EMT-DLFR-master-based/MMSA/Datasets/MOSI/Processed/unaligned_50.pkl', 'seq_lens': (50, 375, 500), 'feature_dims': (768, 5, 20), 'train_samples': 1284, 'num_classes': 3, 'language': 'en', 'missing_seed': (111, 1111, 11111), 'data_missing': True, 'deal_missing': False, 'need_data_aligned': False, 'need_model_aligned': False, 'need_normalized': False, 'use_bert': True, 'use_finetune': True, 'save_labels': False, 'early_stop': 8, 'update_epochs': 4, 'batch_size': 32, 'learning_rate_bert': 5e-05, 'learning_rate_audio': 0.001, 'learning_rate_video': 0.0001, 'learning_rate_other': 0.001, 'weight_decay_bert': 0.001, 'weight_decay_audio': 0.01, 'weight_decay_video': 0.001, 'weight_decay_other': 0.001, 'a_lstm_hidden_size': 32, 'v_lstm_hidden_size': 64, 'a_lstm_layers': 1, 'v_lstm_layers': 1, 'text_out': 768, 'audio_out': 16, 'video_out': 32, 'a_lstm_dropout': 0.0, 'v_lstm_dropout': 0.0, 't_bert_dropout': 0.1, 'd_model': 128, 'fusion_layers': 5, 'heads': 4, 'learnable_pos_emb': False, 'emb_dropout': 0.0, 'attn_dropout': 0.2, 'ff_dropout': 0.1, 'ff_expansion': 4, 'mpu_share': True, 'modality_share': True, 'layer_share': True, 'attn_act_fn': 'tanh', 'gmc_tokens_pred_dim': 128, 'text_pred_dim': 256, 'audio_pred_dim': 8, 'video_pred_dim': 16, 'recon_loss': 'SmoothL1Loss', 'loss_recon_weight': 1, 'loss_attra_weight': 1, 'use_uncertainty_weighted_attra': True, 'use_per_modal_uncertainty_weight': True, 'uncertainty_attra_alpha': 0.2, 'modal_attra_weights': {'gmc': 1.0, 'text': 1.1, 'audio': 1.0, 'video': 1.0}, 'uncertainty_reg_weight': 0.1, 'uncertainty_reg_margin': 1e-05, 'uncertainty_before_weight': 0.1, 'post_fusion_dim': 256, 'post_fusion_dropout': 0.3, 'H': 3.0, 'boundary_loss_weight': 0.1, 'cur_time': 3, 'model_save_path': 'results/mosi/emt-dlfr/run_once/models/emt-dlfr-mosi-regression-mr0.4-11111.pth', 'device': device(type='cuda', index=1), 'tasks': 'M'}>",1111,73.03,73.0,73.78,73.82,37.03,33.09,102.67,57.32,-122.7,102.35
2026-02-14_16-40-17,emt-dlfr,"<Storage{'need_task_scheduling': False, 'is_tune': False, 'train_mode': 'regression', 'modelName': 'emt-dlfr', 'datasetName': 'mosi', 'num_workers': 4, 'model_save_dir': 'results/mosi/emt-dlfr/run_once/models', 'res_save_dir': 'results/mosi/emt-dlfr/run_once/results', 'gpu_ids': [1], 'missing_rates': array([0. , 0.1, 0.2, 0.3, 0.4, 0.5, 0.6, 0.7, 0.8, 0.9, 1. ]), 'seed': 11111, 'num_seeds': 3, 'exp_name': 'moe-uncertainty', 'diff_missing': None, 'KeyEval': 'Loss', 'save_model': True, 'unified_missing': False, 'use_normalized_data': False, 'seeds': [111, 1111, 11111], 'missing_rate': (0.4, 0.4, 0.4), 'dataPath': '/mnt/HDD2/teng/Master-23/sjc/work2/EMT-DLFR-master-based/MMSA/Datasets/MOSI/Processed/unaligned_50.pkl', 'seq_lens': (50, 375, 500), 'feature_dims': (768, 5, 20), 'train_samples': 1284, 'num_classes': 3, 'language': 'en', 'missing_seed': (111, 1111, 11111), 'data_missing': True, 'deal_missing': False, 'need_data_aligned': False, 'need_model_aligned': False, 'need_normalized': False, 'use_bert': True, 'use_finetune': True, 'save_labels': False, 'early_stop': 8, 'update_epochs': 4, 'batch_size': 32, 'learning_rate_bert': 5e-05, 'learning_rate_audio': 0.001, 'learning_rate_video': 0.0001, 'learning_rate_other': 0.001, 'weight_decay_bert': 0.001, 'weight_decay_audio': 0.01, 'weight_decay_video': 0.001, 'weight_decay_other': 0.001, 'a_lstm_hidden_size': 32, 'v_lstm_hidden_size': 64, 'a_lstm_layers': 1, 'v_lstm_layers': 1, 'text_out': 768, 'audio_out': 16, 'video_out': 32, 'a_lstm_dropout': 0.0, 'v_lstm_dropout': 0.0, 't_bert_dropout': 0.1, 'd_model': 128, 'fusion_layers': 5, 'heads': 4, 'learnable_pos_emb': False, 'emb_dropout': 0.0, 'attn_dropout': 0.2, 'ff_dropout': 0.1, 'ff_expansion': 4, 'mpu_share': True, 'modality_share': True, 'layer_share': True, 'attn_act_fn': 'tanh', 'gmc_tokens_pred_dim': 128, 'text_pred_dim': 256, 'audio_pred_dim': 8, 'video_pred_dim': 16, 'recon_loss': 'SmoothL1Loss', 'loss_recon_weight': 1, 'loss_attra_weight': 1, 'use_uncertainty_weighted_attra': True, 'use_per_modal_uncertainty_weight': True, 'uncertainty_attra_alpha': 0.2, 'modal_attra_weights': {'gmc': 1.0, 'text': 1.1, 'audio': 1.0, 'video': 1.0}, 'uncertainty_reg_weight': 0.1, 'uncertainty_reg_margin': 1e-05, 'uncertainty_before_weight': 0.1, 'post_fusion_dim': 256, 'post_fusion_dropout': 0.3, 'H': 3.0, 'boundary_loss_weight': 0.1, 'cur_time': 3, 'model_save_path': 'results/mosi/emt-dlfr/run_once/models/emt-dlfr-mosi-regression-mr0.4-11111.pth', 'device': device(type='cuda', index=1), 'tasks': 'M'}>",11111,73.03,73.07,73.93,74.05,39.07,35.71,100.86,57.43,-130.35,100.08
2026-02-14_16-40-17,emt-dlfr,"<Storage{'need_task_scheduling': False, 'is_tune': False, 'train_mode': 'regression', 'modelName': 'emt-dlfr', 'datasetName': 'mosi', 'num_workers': 4, 'model_save_dir': 'results/mosi/emt-dlfr/run_once/models', 'res_save_dir': 'results/mosi/emt-dlfr/run_once/results', 'gpu_ids': [1], 'missing_rates': array([0. , 0.1, 0.2, 0.3, 0.4, 0.5, 0.6, 0.7, 0.8, 0.9, 1. ]), 'seed': 11111, 'num_seeds': 3, 'exp_name': 'moe-uncertainty', 'diff_missing': None, 'KeyEval': 'Loss', 'save_model': True, 'unified_missing': False, 'use_normalized_data': False, 'seeds': [111, 1111, 11111], 'missing_rate': (0.4, 0.4, 0.4), 'dataPath': '/mnt/HDD2/teng/Master-23/sjc/work2/EMT-DLFR-master-based/MMSA/Datasets/MOSI/Processed/unaligned_50.pkl', 'seq_lens': (50, 375, 500), 'feature_dims': (768, 5, 20), 'train_samples': 1284, 'num_classes': 3, 'language': 'en', 'missing_seed': (111, 1111, 11111), 'data_missing': True, 'deal_missing': False, 'need_data_aligned': False, 'need_model_aligned': False, 'need_normalized': False, 'use_bert': True, 'use_finetune': True, 'save_labels': False, 'early_stop': 8, 'update_epochs': 4, 'batch_size': 32, 'learning_rate_bert': 5e-05, 'learning_rate_audio': 0.001, 'learning_rate_video': 0.0001, 'learning_rate_other': 0.001, 'weight_decay_bert': 0.001, 'weight_decay_audio': 0.01, 'weight_decay_video': 0.001, 'weight_decay_other': 0.001, 'a_lstm_hidden_size': 32, 'v_lstm_hidden_size': 64, 'a_lstm_layers': 1, 'v_lstm_layers': 1, 'text_out': 768, 'audio_out': 16, 'video_out': 32, 'a_lstm_dropout': 0.0, 'v_lstm_dropout': 0.0, 't_bert_dropout': 0.1, 'd_model': 128, 'fusion_layers': 5, 'heads': 4, 'learnable_pos_emb': False, 'emb_dropout': 0.0, 'attn_dropout': 0.2, 'ff_dropout': 0.1, 'ff_expansion': 4, 'mpu_share': True, 'modality_share': True, 'layer_share': True, 'attn_act_fn': 'tanh', 'gmc_tokens_pred_dim': 128, 'text_pred_dim': 256, 'audio_pred_dim': 8, 'video_pred_dim': 16, 'recon_loss': 'SmoothL1Loss', 'loss_recon_weight': 1, 'loss_attra_weight': 1, 'use_uncertainty_weighted_attra': True, 'use_per_modal_uncertainty_weight': True, 'uncertainty_attra_alpha': 0.2, 'modal_attra_weights': {'gmc': 1.0, 'text': 1.1, 'audio': 1.0, 'video': 1.0}, 'uncertainty_reg_weight': 0.1, 'uncertainty_reg_margin': 1e-05, 'uncertainty_before_weight': 0.1, 'post_fusion_dim': 256, 'post_fusion_dropout': 0.3, 'H': 3.0, 'boundary_loss_weight': 0.1, 'cur_time': 3, 'model_save_path': 'results/mosi/emt-dlfr/run_once/models/emt-dlfr-mosi-regression-mr0.4-11111.pth', 'device': device(type='cuda', index=1), 'tasks': 'M'}>",<mean/std>,"(73.32, 0.41)","(73.34, 0.44)","(73.98, 0.19)","(74.08, 0.22)","(37.66, 1.0)","(33.96, 1.24)","(101.99, 0.81)","(57.51, 0.2)","(-128.41, 4.1)","(102.01, 1.46)"
2026-02-14_16-40-17,emt-dlfr,"<Storage{'need_task_scheduling': False, 'is_tune': False, 'train_mode': 'regression', 'modelName': 'emt-dlfr', 'datasetName': 'mosi', 'num_workers': 4, 'model_save_dir': 'results/mosi/emt-dlfr/run_once/models', 'res_save_dir': 'results/mosi/emt-dlfr/run_once/results', 'gpu_ids': [1], 'missing_rates': array([0. , 0.1, 0.2, 0.3, 0.4, 0.5, 0.6, 0.7, 0.8, 0.9, 1. ]), 'seed': 11111, 'num_seeds': 3, 'exp_name': 'moe-uncertainty', 'diff_missing': None, 'KeyEval': 'Loss', 'save_model': True, 'unified_missing': False, 'use_normalized_data': False, 'seeds': [111, 1111, 11111], 'missing_rate': (0.4, 0.4, 0.4), 'dataPath': '/mnt/HDD2/teng/Master-23/sjc/work2/EMT-DLFR-master-based/MMSA/Datasets/MOSI/Processed/unaligned_50.pkl', 'seq_lens': (50, 375, 500), 'feature_dims': (768, 5, 20), 'train_samples': 1284, 'num_classes': 3, 'language': 'en', 'missing_seed': (111, 1111, 11111), 'data_missing': True, 'deal_missing': False, 'need_data_aligned': False, 'need_model_aligned': False, 'need_normalized': False, 'use_bert': True, 'use_finetune': True, 'save_labels': False, 'early_stop': 8, 'update_epochs': 4, 'batch_size': 32, 'learning_rate_bert': 5e-05, 'learning_rate_audio': 0.001, 'learning_rate_video': 0.0001, 'learning_rate_other': 0.001, 'weight_decay_bert': 0.001, 'weight_decay_audio': 0.01, 'weight_decay_video': 0.001, 'weight_decay_other': 0.001, 'a_lstm_hidden_size': 32, 'v_lstm_hidden_size': 64, 'a_lstm_layers': 1, 'v_lstm_layers': 1, 'text_out': 768, 'audio_out': 16, 'video_out': 32, 'a_lstm_dropout': 0.0, 'v_lstm_dropout': 0.0, 't_bert_dropout': 0.1, 'd_model': 128, 'fusion_layers': 5, 'heads': 4, 'learnable_pos_emb': False, 'emb_dropout': 0.0, 'attn_dropout': 0.2, 'ff_dropout': 0.1, 'ff_expansion': 4, 'mpu_share': True, 'modality_share': True, 'layer_share': True, 'attn_act_fn': 'tanh', 'gmc_tokens_pred_dim': 128, 'text_pred_dim': 256, 'audio_pred_dim': 8, 'video_pred_dim': 16, 'recon_loss': 'SmoothL1Loss', 'loss_recon_weight': 1, 'loss_attra_weight': 1, 'use_uncertainty_weighted_attra': True, 'use_per_modal_uncertainty_weight': True, 'uncertainty_attra_alpha': 0.2, 'modal_attra_weights': {'gmc': 1.0, 'text': 1.1, 'audio': 1.0, 'video': 1.0}, 'uncertainty_reg_weight': 0.1, 'uncertainty_reg_margin': 1e-05, 'uncertainty_before_weight': 0.1, 'post_fusion_dim': 256, 'post_fusion_dropout': 0.3, 'H': 3.0, 'boundary_loss_weight': 0.1, 'cur_time': 3, 'model_save_path': 'results/mosi/emt-dlfr/run_once/models/emt-dlfr-mosi-regression-mr0.4-11111.pth', 'device': device(type='cuda', index=1), 'tasks': 'M'}>",<max/seed>,"(73.91, 111)","(73.96, 111)","(74.24, 111)","(74.36, 111)","(39.07, 11111)","(35.71, 11111)","(102.67, 1111)","(57.78, 111)","(-122.7, 1111)","(103.61, 111)"
2026-02-14_16-40-17,emt-dlfr,"<Storage{'need_task_scheduling': False, 'is_tune': False, 'train_mode': 'regression', 'modelName': 'emt-dlfr', 'datasetName': 'mosi', 'num_workers': 4, 'model_save_dir': 'results/mosi/emt-dlfr/run_once/models', 'res_save_dir': 'results/mosi/emt-dlfr/run_once/results', 'gpu_ids': [1], 'missing_rates': array([0. , 0.1, 0.2, 0.3, 0.4, 0.5, 0.6, 0.7, 0.8, 0.9, 1. ]), 'seed': 11111, 'num_seeds': 3, 'exp_name': 'moe-uncertainty', 'diff_missing': None, 'KeyEval': 'Loss', 'save_model': True, 'unified_missing': False, 'use_normalized_data': False, 'seeds': [111, 1111, 11111], 'missing_rate': (0.4, 0.4, 0.4), 'dataPath': '/mnt/HDD2/teng/Master-23/sjc/work2/EMT-DLFR-master-based/MMSA/Datasets/MOSI/Processed/unaligned_50.pkl', 'seq_lens': (50, 375, 500), 'feature_dims': (768, 5, 20), 'train_samples': 1284, 'num_classes': 3, 'language': 'en', 'missing_seed': (111, 1111, 11111), 'data_missing': True, 'deal_missing': False, 'need_data_aligned': False, 'need_model_aligned': False, 'need_normalized': False, 'use_bert': True, 'use_finetune': True, 'save_labels': False, 'early_stop': 8, 'update_epochs': 4, 'batch_size': 32, 'learning_rate_bert': 5e-05, 'learning_rate_audio': 0.001, 'learning_rate_video': 0.0001, 'learning_rate_other': 0.001, 'weight_decay_bert': 0.001, 'weight_decay_audio': 0.01, 'weight_decay_video': 0.001, 'weight_decay_other': 0.001, 'a_lstm_hidden_size': 32, 'v_lstm_hidden_size': 64, 'a_lstm_layers': 1, 'v_lstm_layers': 1, 'text_out': 768, 'audio_out': 16, 'video_out': 32, 'a_lstm_dropout': 0.0, 'v_lstm_dropout': 0.0, 't_bert_dropout': 0.1, 'd_model': 128, 'fusion_layers': 5, 'heads': 4, 'learnable_pos_emb': False, 'emb_dropout': 0.0, 'attn_dropout': 0.2, 'ff_dropout': 0.1, 'ff_expansion': 4, 'mpu_share': True, 'modality_share': True, 'layer_share': True, 'attn_act_fn': 'tanh', 'gmc_tokens_pred_dim': 128, 'text_pred_dim': 256, 'audio_pred_dim': 8, 'video_pred_dim': 16, 'recon_loss': 'SmoothL1Loss', 'loss_recon_weight': 1, 'loss_attra_weight': 1, 'use_uncertainty_weighted_attra': True, 'use_per_modal_uncertainty_weight': True, 'uncertainty_attra_alpha': 0.2, 'modal_attra_weights': {'gmc': 1.0, 'text': 1.1, 'audio': 1.0, 'video': 1.0}, 'uncertainty_reg_weight': 0.1, 'uncertainty_reg_margin': 1e-05, 'uncertainty_before_weight': 0.1, 'post_fusion_dim': 256, 'post_fusion_dropout': 0.3, 'H': 3.0, 'boundary_loss_weight': 0.1, 'cur_time': 3, 'model_save_path': 'results/mosi/emt-dlfr/run_once/models/emt-dlfr-mosi-regression-mr0.4-11111.pth', 'device': device(type='cuda', index=1), 'tasks': 'M'}>",<min/seed>,"(73.03, 1111)","(73.0, 1111)","(73.78, 1111)","(73.82, 1111)","(36.88, 111)","(33.09, 111)","(100.86, 11111)","(57.32, 1111)","(-132.17, 111)","(100.08, 11111)"
2026-02-15_16-45-14,emt-dlfr,"<Storage{'need_task_scheduling': False, 'is_tune': False, 'train_mode': 'regression', 'modelName': 'emt-dlfr', 'datasetName': 'mosi', 'num_workers': 4, 'model_save_dir': 'results/mosi/emt-dlfr/run_once/models', 'res_save_dir': 'results/mosi/emt-dlfr/run_once/results', 'gpu_ids': [5], 'missing_rates': array([0. , 0.1, 0.2, 0.3, 0.4, 0.5, 0.6, 0.7, 0.8, 0.9, 1. ]), 'seed': 11111, 'num_seeds': 3, 'exp_name': 'moe-uncertainty', 'diff_missing': None, 'KeyEval': 'Loss', 'save_model': True, 'unified_missing': False, 'use_normalized_data': False, 'seeds': [111, 1111, 11111], 'missing_rate': (0.4, 0.4, 0.4), 'dataPath': '/mnt/HDD2/teng/Master-23/sjc/work2/EMT-DLFR-master-based/MMSA/Datasets/MOSI/Processed/unaligned_50.pkl', 'seq_lens': (50, 375, 500), 'feature_dims': (768, 5, 20), 'train_samples': 1284, 'num_classes': 3, 'language': 'en', 'missing_seed': (111, 1111, 11111), 'data_missing': True, 'deal_missing': False, 'need_data_aligned': False, 'need_model_aligned': False, 'need_normalized': False, 'use_bert': True, 'use_finetune': True, 'save_labels': False, 'early_stop': 8, 'update_epochs': 4, 'batch_size': 32, 'learning_rate_bert': 5e-05, 'learning_rate_audio': 0.001, 'learning_rate_video': 0.0001, 'learning_rate_other': 0.001, 'weight_decay_bert': 0.001, 'weight_decay_audio': 0.01, 'weight_decay_video': 0.001, 'weight_decay_other': 0.001, 'a_lstm_hidden_size': 32, 'v_lstm_hidden_size': 64, 'a_lstm_layers': 1, 'v_lstm_layers': 1, 'text_out': 768, 'audio_out': 16, 'video_out': 32, 'a_lstm_dropout': 0.0, 'v_lstm_dropout': 0.0, 't_bert_dropout': 0.1, 'd_model': 128, 'fusion_layers': 6, 'heads': 4, 'learnable_pos_emb': False, 'emb_dropout': 0.0, 'attn_dropout': 0.2, 'ff_dropout': 0.1, 'ff_expansion': 4, 'mpu_share': True, 'modality_share': True, 'layer_share': True, 'attn_act_fn': 'tanh', 'gmc_tokens_pred_dim': 128, 'text_pred_dim': 256, 'audio_pred_dim': 8, 'video_pred_dim': 16, 'recon_loss': 'SmoothL1Loss', 'loss_recon_weight': 1, 'loss_attra_weight': 1, 'use_uncertainty_weighted_attra': True, 'use_per_modal_uncertainty_weight': True, 'uncertainty_attra_alpha': 0.2, 'modal_attra_weights': {'gmc': 1.0, 'text': 1.1, 'audio': 1.0, 'video': 1.0}, 'uncertainty_reg_weight': 0.1, 'uncertainty_reg_margin': 1e-05, 'uncertainty_before_weight': 0.1, 'post_fusion_dim': 256, 'post_fusion_dropout': 0.3, 'H': 3.0, 'boundary_loss_weight': 0.1, 'cur_time': 3, 'model_save_path': 'results/mosi/emt-dlfr/run_once/models/emt-dlfr-mosi-regression-mr0.4-11111.pth', 'device': device(type='cuda', index=5), 'tasks': 'M'}>",111,72.59,72.66,73.17,73.31,37.61,33.97,103.56,56.34,-116.23,103.92
2026-02-15_16-45-14,emt-dlfr,"<Storage{'need_task_scheduling': False, 'is_tune': False, 'train_mode': 'regression', 'modelName': 'emt-dlfr', 'datasetName': 'mosi', 'num_workers': 4, 'model_save_dir': 'results/mosi/emt-dlfr/run_once/models', 'res_save_dir': 'results/mosi/emt-dlfr/run_once/results', 'gpu_ids': [5], 'missing_rates': array([0. , 0.1, 0.2, 0.3, 0.4, 0.5, 0.6, 0.7, 0.8, 0.9, 1. ]), 'seed': 11111, 'num_seeds': 3, 'exp_name': 'moe-uncertainty', 'diff_missing': None, 'KeyEval': 'Loss', 'save_model': True, 'unified_missing': False, 'use_normalized_data': False, 'seeds': [111, 1111, 11111], 'missing_rate': (0.4, 0.4, 0.4), 'dataPath': '/mnt/HDD2/teng/Master-23/sjc/work2/EMT-DLFR-master-based/MMSA/Datasets/MOSI/Processed/unaligned_50.pkl', 'seq_lens': (50, 375, 500), 'feature_dims': (768, 5, 20), 'train_samples': 1284, 'num_classes': 3, 'language': 'en', 'missing_seed': (111, 1111, 11111), 'data_missing': True, 'deal_missing': False, 'need_data_aligned': False, 'need_model_aligned': False, 'need_normalized': False, 'use_bert': True, 'use_finetune': True, 'save_labels': False, 'early_stop': 8, 'update_epochs': 4, 'batch_size': 32, 'learning_rate_bert': 5e-05, 'learning_rate_audio': 0.001, 'learning_rate_video': 0.0001, 'learning_rate_other': 0.001, 'weight_decay_bert': 0.001, 'weight_decay_audio': 0.01, 'weight_decay_video': 0.001, 'weight_decay_other': 0.001, 'a_lstm_hidden_size': 32, 'v_lstm_hidden_size': 64, 'a_lstm_layers': 1, 'v_lstm_layers': 1, 'text_out': 768, 'audio_out': 16, 'video_out': 32, 'a_lstm_dropout': 0.0, 'v_lstm_dropout': 0.0, 't_bert_dropout': 0.1, 'd_model': 128, 'fusion_layers': 6, 'heads': 4, 'learnable_pos_emb': False, 'emb_dropout': 0.0, 'attn_dropout': 0.2, 'ff_dropout': 0.1, 'ff_expansion': 4, 'mpu_share': True, 'modality_share': True, 'layer_share': True, 'attn_act_fn': 'tanh', 'gmc_tokens_pred_dim': 128, 'text_pred_dim': 256, 'audio_pred_dim': 8, 'video_pred_dim': 16, 'recon_loss': 'SmoothL1Loss', 'loss_recon_weight': 1, 'loss_attra_weight': 1, 'use_uncertainty_weighted_attra': True, 'use_per_modal_uncertainty_weight': True, 'uncertainty_attra_alpha': 0.2, 'modal_attra_weights': {'gmc': 1.0, 'text': 1.1, 'audio': 1.0, 'video': 1.0}, 'uncertainty_reg_weight': 0.1, 'uncertainty_reg_margin': 1e-05, 'uncertainty_before_weight': 0.1, 'post_fusion_dim': 256, 'post_fusion_dropout': 0.3, 'H': 3.0, 'boundary_loss_weight': 0.1, 'cur_time': 3, 'model_save_path': 'results/mosi/emt-dlfr/run_once/models/emt-dlfr-mosi-regression-mr0.4-11111.pth', 'device': device(type='cuda', index=5), 'tasks': 'M'}>",1111,74.2,74.24,74.85,74.96,38.19,34.4,102.93,56.49,-133.06,102.55
2026-02-15_16-45-14,emt-dlfr,"<Storage{'need_task_scheduling': False, 'is_tune': False, 'train_mode': 'regression', 'modelName': 'emt-dlfr', 'datasetName': 'mosi', 'num_workers': 4, 'model_save_dir': 'results/mosi/emt-dlfr/run_once/models', 'res_save_dir': 'results/mosi/emt-dlfr/run_once/results', 'gpu_ids': [5], 'missing_rates': array([0. , 0.1, 0.2, 0.3, 0.4, 0.5, 0.6, 0.7, 0.8, 0.9, 1. ]), 'seed': 11111, 'num_seeds': 3, 'exp_name': 'moe-uncertainty', 'diff_missing': None, 'KeyEval': 'Loss', 'save_model': True, 'unified_missing': False, 'use_normalized_data': False, 'seeds': [111, 1111, 11111], 'missing_rate': (0.4, 0.4, 0.4), 'dataPath': '/mnt/HDD2/teng/Master-23/sjc/work2/EMT-DLFR-master-based/MMSA/Datasets/MOSI/Processed/unaligned_50.pkl', 'seq_lens': (50, 375, 500), 'feature_dims': (768, 5, 20), 'train_samples': 1284, 'num_classes': 3, 'language': 'en', 'missing_seed': (111, 1111, 11111), 'data_missing': True, 'deal_missing': False, 'need_data_aligned': False, 'need_model_aligned': False, 'need_normalized': False, 'use_bert': True, 'use_finetune': True, 'save_labels': False, 'early_stop': 8, 'update_epochs': 4, 'batch_size': 32, 'learning_rate_bert': 5e-05, 'learning_rate_audio': 0.001, 'learning_rate_video': 0.0001, 'learning_rate_other': 0.001, 'weight_decay_bert': 0.001, 'weight_decay_audio': 0.01, 'weight_decay_video': 0.001, 'weight_decay_other': 0.001, 'a_lstm_hidden_size': 32, 'v_lstm_hidden_size': 64, 'a_lstm_layers': 1, 'v_lstm_layers': 1, 'text_out': 768, 'audio_out': 16, 'video_out': 32, 'a_lstm_dropout': 0.0, 'v_lstm_dropout': 0.0, 't_bert_dropout': 0.1, 'd_model': 128, 'fusion_layers': 6, 'heads': 4, 'learnable_pos_emb': False, 'emb_dropout': 0.0, 'attn_dropout': 0.2, 'ff_dropout': 0.1, 'ff_expansion': 4, 'mpu_share': True, 'modality_share': True, 'layer_share': True, 'attn_act_fn': 'tanh', 'gmc_tokens_pred_dim': 128, 'text_pred_dim': 256, 'audio_pred_dim': 8, 'video_pred_dim': 16, 'recon_loss': 'SmoothL1Loss', 'loss_recon_weight': 1, 'loss_attra_weight': 1, 'use_uncertainty_weighted_attra': True, 'use_per_modal_uncertainty_weight': True, 'uncertainty_attra_alpha': 0.2, 'modal_attra_weights': {'gmc': 1.0, 'text': 1.1, 'audio': 1.0, 'video': 1.0}, 'uncertainty_reg_weight': 0.1, 'uncertainty_reg_margin': 1e-05, 'uncertainty_before_weight': 0.1, 'post_fusion_dim': 256, 'post_fusion_dropout': 0.3, 'H': 3.0, 'boundary_loss_weight': 0.1, 'cur_time': 3, 'model_save_path': 'results/mosi/emt-dlfr/run_once/models/emt-dlfr-mosi-regression-mr0.4-11111.pth', 'device': device(type='cuda', index=5), 'tasks': 'M'}>",11111,73.47,73.5,74.54,74.66,38.34,34.26,100.76,58.5,-134.35,100.01
2026-02-15_16-45-14,emt-dlfr,"<Storage{'need_task_scheduling': False, 'is_tune': False, 'train_mode': 'regression', 'modelName': 'emt-dlfr', 'datasetName': 'mosi', 'num_workers': 4, 'model_save_dir': 'results/mosi/emt-dlfr/run_once/models', 'res_save_dir': 'results/mosi/emt-dlfr/run_once/results', 'gpu_ids': [5], 'missing_rates': array([0. , 0.1, 0.2, 0.3, 0.4, 0.5, 0.6, 0.7, 0.8, 0.9, 1. ]), 'seed': 11111, 'num_seeds': 3, 'exp_name': 'moe-uncertainty', 'diff_missing': None, 'KeyEval': 'Loss', 'save_model': True, 'unified_missing': False, 'use_normalized_data': False, 'seeds': [111, 1111, 11111], 'missing_rate': (0.4, 0.4, 0.4), 'dataPath': '/mnt/HDD2/teng/Master-23/sjc/work2/EMT-DLFR-master-based/MMSA/Datasets/MOSI/Processed/unaligned_50.pkl', 'seq_lens': (50, 375, 500), 'feature_dims': (768, 5, 20), 'train_samples': 1284, 'num_classes': 3, 'language': 'en', 'missing_seed': (111, 1111, 11111), 'data_missing': True, 'deal_missing': False, 'need_data_aligned': False, 'need_model_aligned': False, 'need_normalized': False, 'use_bert': True, 'use_finetune': True, 'save_labels': False, 'early_stop': 8, 'update_epochs': 4, 'batch_size': 32, 'learning_rate_bert': 5e-05, 'learning_rate_audio': 0.001, 'learning_rate_video': 0.0001, 'learning_rate_other': 0.001, 'weight_decay_bert': 0.001, 'weight_decay_audio': 0.01, 'weight_decay_video': 0.001, 'weight_decay_other': 0.001, 'a_lstm_hidden_size': 32, 'v_lstm_hidden_size': 64, 'a_lstm_layers': 1, 'v_lstm_layers': 1, 'text_out': 768, 'audio_out': 16, 'video_out': 32, 'a_lstm_dropout': 0.0, 'v_lstm_dropout': 0.0, 't_bert_dropout': 0.1, 'd_model': 128, 'fusion_layers': 6, 'heads': 4, 'learnable_pos_emb': False, 'emb_dropout': 0.0, 'attn_dropout': 0.2, 'ff_dropout': 0.1, 'ff_expansion': 4, 'mpu_share': True, 'modality_share': True, 'layer_share': True, 'attn_act_fn': 'tanh', 'gmc_tokens_pred_dim': 128, 'text_pred_dim': 256, 'audio_pred_dim': 8, 'video_pred_dim': 16, 'recon_loss': 'SmoothL1Loss', 'loss_recon_weight': 1, 'loss_attra_weight': 1, 'use_uncertainty_weighted_attra': True, 'use_per_modal_uncertainty_weight': True, 'uncertainty_attra_alpha': 0.2, 'modal_attra_weights': {'gmc': 1.0, 'text': 1.1, 'audio': 1.0, 'video': 1.0}, 'uncertainty_reg_weight': 0.1, 'uncertainty_reg_margin': 1e-05, 'uncertainty_before_weight': 0.1, 'post_fusion_dim': 256, 'post_fusion_dropout': 0.3, 'H': 3.0, 'boundary_loss_weight': 0.1, 'cur_time': 3, 'model_save_path': 'results/mosi/emt-dlfr/run_once/models/emt-dlfr-mosi-regression-mr0.4-11111.pth', 'device': device(type='cuda', index=5), 'tasks': 'M'}>",<mean/std>,"(73.42, 0.66)","(73.47, 0.65)","(74.19, 0.73)","(74.31, 0.72)","(38.05, 0.31)","(34.21, 0.18)","(102.42, 1.2)","(57.11, 0.98)","(-127.88, 8.26)","(102.16, 1.62)"
2026-02-15_16-45-14,emt-dlfr,"<Storage{'need_task_scheduling': False, 'is_tune': False, 'train_mode': 'regression', 'modelName': 'emt-dlfr', 'datasetName': 'mosi', 'num_workers': 4, 'model_save_dir': 'results/mosi/emt-dlfr/run_once/models', 'res_save_dir': 'results/mosi/emt-dlfr/run_once/results', 'gpu_ids': [5], 'missing_rates': array([0. , 0.1, 0.2, 0.3, 0.4, 0.5, 0.6, 0.7, 0.8, 0.9, 1. ]), 'seed': 11111, 'num_seeds': 3, 'exp_name': 'moe-uncertainty', 'diff_missing': None, 'KeyEval': 'Loss', 'save_model': True, 'unified_missing': False, 'use_normalized_data': False, 'seeds': [111, 1111, 11111], 'missing_rate': (0.4, 0.4, 0.4), 'dataPath': '/mnt/HDD2/teng/Master-23/sjc/work2/EMT-DLFR-master-based/MMSA/Datasets/MOSI/Processed/unaligned_50.pkl', 'seq_lens': (50, 375, 500), 'feature_dims': (768, 5, 20), 'train_samples': 1284, 'num_classes': 3, 'language': 'en', 'missing_seed': (111, 1111, 11111), 'data_missing': True, 'deal_missing': False, 'need_data_aligned': False, 'need_model_aligned': False, 'need_normalized': False, 'use_bert': True, 'use_finetune': True, 'save_labels': False, 'early_stop': 8, 'update_epochs': 4, 'batch_size': 32, 'learning_rate_bert': 5e-05, 'learning_rate_audio': 0.001, 'learning_rate_video': 0.0001, 'learning_rate_other': 0.001, 'weight_decay_bert': 0.001, 'weight_decay_audio': 0.01, 'weight_decay_video': 0.001, 'weight_decay_other': 0.001, 'a_lstm_hidden_size': 32, 'v_lstm_hidden_size': 64, 'a_lstm_layers': 1, 'v_lstm_layers': 1, 'text_out': 768, 'audio_out': 16, 'video_out': 32, 'a_lstm_dropout': 0.0, 'v_lstm_dropout': 0.0, 't_bert_dropout': 0.1, 'd_model': 128, 'fusion_layers': 6, 'heads': 4, 'learnable_pos_emb': False, 'emb_dropout': 0.0, 'attn_dropout': 0.2, 'ff_dropout': 0.1, 'ff_expansion': 4, 'mpu_share': True, 'modality_share': True, 'layer_share': True, 'attn_act_fn': 'tanh', 'gmc_tokens_pred_dim': 128, 'text_pred_dim': 256, 'audio_pred_dim': 8, 'video_pred_dim': 16, 'recon_loss': 'SmoothL1Loss', 'loss_recon_weight': 1, 'loss_attra_weight': 1, 'use_uncertainty_weighted_attra': True, 'use_per_modal_uncertainty_weight': True, 'uncertainty_attra_alpha': 0.2, 'modal_attra_weights': {'gmc': 1.0, 'text': 1.1, 'audio': 1.0, 'video': 1.0}, 'uncertainty_reg_weight': 0.1, 'uncertainty_reg_margin': 1e-05, 'uncertainty_before_weight': 0.1, 'post_fusion_dim': 256, 'post_fusion_dropout': 0.3, 'H': 3.0, 'boundary_loss_weight': 0.1, 'cur_time': 3, 'model_save_path': 'results/mosi/emt-dlfr/run_once/models/emt-dlfr-mosi-regression-mr0.4-11111.pth', 'device': device(type='cuda', index=5), 'tasks': 'M'}>",<max/seed>,"(74.2, 1111)","(74.24, 1111)","(74.85, 1111)","(74.96, 1111)","(38.34, 11111)","(34.4, 1111)","(103.56, 111)","(58.5, 11111)","(-116.23, 111)","(103.92, 111)"
2026-02-15_16-45-14,emt-dlfr,"<Storage{'need_task_scheduling': False, 'is_tune': False, 'train_mode': 'regression', 'modelName': 'emt-dlfr', 'datasetName': 'mosi', 'num_workers': 4, 'model_save_dir': 'results/mosi/emt-dlfr/run_once/models', 'res_save_dir': 'results/mosi/emt-dlfr/run_once/results', 'gpu_ids': [5], 'missing_rates': array([0. , 0.1, 0.2, 0.3, 0.4, 0.5, 0.6, 0.7, 0.8, 0.9, 1. ]), 'seed': 11111, 'num_seeds': 3, 'exp_name': 'moe-uncertainty', 'diff_missing': None, 'KeyEval': 'Loss', 'save_model': True, 'unified_missing': False, 'use_normalized_data': False, 'seeds': [111, 1111, 11111], 'missing_rate': (0.4, 0.4, 0.4), 'dataPath': '/mnt/HDD2/teng/Master-23/sjc/work2/EMT-DLFR-master-based/MMSA/Datasets/MOSI/Processed/unaligned_50.pkl', 'seq_lens': (50, 375, 500), 'feature_dims': (768, 5, 20), 'train_samples': 1284, 'num_classes': 3, 'language': 'en', 'missing_seed': (111, 1111, 11111), 'data_missing': True, 'deal_missing': False, 'need_data_aligned': False, 'need_model_aligned': False, 'need_normalized': False, 'use_bert': True, 'use_finetune': True, 'save_labels': False, 'early_stop': 8, 'update_epochs': 4, 'batch_size': 32, 'learning_rate_bert': 5e-05, 'learning_rate_audio': 0.001, 'learning_rate_video': 0.0001, 'learning_rate_other': 0.001, 'weight_decay_bert': 0.001, 'weight_decay_audio': 0.01, 'weight_decay_video': 0.001, 'weight_decay_other': 0.001, 'a_lstm_hidden_size': 32, 'v_lstm_hidden_size': 64, 'a_lstm_layers': 1, 'v_lstm_layers': 1, 'text_out': 768, 'audio_out': 16, 'video_out': 32, 'a_lstm_dropout': 0.0, 'v_lstm_dropout': 0.0, 't_bert_dropout': 0.1, 'd_model': 128, 'fusion_layers': 6, 'heads': 4, 'learnable_pos_emb': False, 'emb_dropout': 0.0, 'attn_dropout': 0.2, 'ff_dropout': 0.1, 'ff_expansion': 4, 'mpu_share': True, 'modality_share': True, 'layer_share': True, 'attn_act_fn': 'tanh', 'gmc_tokens_pred_dim': 128, 'text_pred_dim': 256, 'audio_pred_dim': 8, 'video_pred_dim': 16, 'recon_loss': 'SmoothL1Loss', 'loss_recon_weight': 1, 'loss_attra_weight': 1, 'use_uncertainty_weighted_attra': True, 'use_per_modal_uncertainty_weight': True, 'uncertainty_attra_alpha': 0.2, 'modal_attra_weights': {'gmc': 1.0, 'text': 1.1, 'audio': 1.0, 'video': 1.0}, 'uncertainty_reg_weight': 0.1, 'uncertainty_reg_margin': 1e-05, 'uncertainty_before_weight': 0.1, 'post_fusion_dim': 256, 'post_fusion_dropout': 0.3, 'H': 3.0, 'boundary_loss_weight': 0.1, 'cur_time': 3, 'model_save_path': 'results/mosi/emt-dlfr/run_once/models/emt-dlfr-mosi-regression-mr0.4-11111.pth', 'device': device(type='cuda', index=5), 'tasks': 'M'}>",<min/seed>,"(72.59, 111)","(72.66, 111)","(73.17, 111)","(73.31, 111)","(37.61, 111)","(33.97, 111)","(100.76, 11111)","(56.34, 111)","(-134.35, 11111)","(100.01, 11111)"
2026-02-16_07-11-33,emt-dlfr,"<Storage{'need_task_scheduling': False, 'is_tune': False, 'train_mode': 'regression', 'modelName': 'emt-dlfr', 'datasetName': 'mosi', 'num_workers': 4, 'model_save_dir': 'results/mosi/emt-dlfr/run_once/models', 'res_save_dir': 'results/mosi/emt-dlfr/run_once/results', 'gpu_ids': [5], 'missing_rates': array([0. , 0.1, 0.2, 0.3, 0.4, 0.5, 0.6, 0.7, 0.8, 0.9, 1. ]), 'seed': 22222, 'num_seeds': 3, 'exp_name': 'moe-uncertainty', 'diff_missing': None, 'KeyEval': 'Loss', 'save_model': True, 'unified_missing': False, 'use_normalized_data': False, 'seeds': [222, 2222, 22222], 'missing_rate': (0.4, 0.4, 0.4), 'dataPath': '/mnt/HDD2/teng/Master-23/sjc/work2/EMT-DLFR-master-based/MMSA/Datasets/MOSI/Processed/unaligned_50.pkl', 'seq_lens': (50, 375, 500), 'feature_dims': (768, 5, 20), 'train_samples': 1284, 'num_classes': 3, 'language': 'en', 'missing_seed': (222, 2222, 22222), 'data_missing': True, 'deal_missing': False, 'need_data_aligned': False, 'need_model_aligned': False, 'need_normalized': False, 'use_bert': True, 'use_finetune': True, 'save_labels': False, 'early_stop': 8, 'update_epochs': 4, 'batch_size': 32, 'learning_rate_bert': 5e-05, 'learning_rate_audio': 0.001, 'learning_rate_video': 0.0001, 'learning_rate_other': 0.001, 'weight_decay_bert': 0.001, 'weight_decay_audio': 0.01, 'weight_decay_video': 0.001, 'weight_decay_other': 0.001, 'a_lstm_hidden_size': 32, 'v_lstm_hidden_size': 64, 'a_lstm_layers': 1, 'v_lstm_layers': 1, 'text_out': 768, 'audio_out': 16, 'video_out': 32, 'a_lstm_dropout': 0.0, 'v_lstm_dropout': 0.0, 't_bert_dropout': 0.1, 'd_model': 128, 'fusion_layers': 5, 'heads': 4, 'learnable_pos_emb': False, 'emb_dropout': 0.0, 'attn_dropout': 0.2, 'ff_dropout': 0.1, 'ff_expansion': 4, 'mpu_share': True, 'modality_share': True, 'layer_share': True, 'attn_act_fn': 'tanh', 'gmc_tokens_pred_dim': 128, 'text_pred_dim': 256, 'audio_pred_dim': 8, 'video_pred_dim': 16, 'recon_loss': 'SmoothL1Loss', 'loss_recon_weight': 1, 'loss_attra_weight': 1, 'use_uncertainty_weighted_attra': True, 'use_per_modal_uncertainty_weight': True, 'uncertainty_attra_alpha': 0.2, 'modal_attra_weights': {'gmc': 1.0, 'text': 1.1, 'audio': 1.0, 'video': 1.0}, 'uncertainty_reg_weight': 0.1, 'uncertainty_reg_margin': 1e-05, 'uncertainty_before_weight': 0.1, 'post_fusion_dim': 256, 'post_fusion_dropout': 0.3, 'H': 3.0, 'boundary_loss_weight': 0.1, 'cur_time': 3, 'model_save_path': 'results/mosi/emt-dlfr/run_once/models/emt-dlfr-mosi-regression-mr0.4-22222.pth', 'device': device(type='cuda', index=5), 'tasks': 'M'}>",222,74.78,74.85,75.15,75.3,36.15,32.94,103.47,57.63,-119.7,103.36
2026-02-16_07-11-33,emt-dlfr,"<Storage{'need_task_scheduling': False, 'is_tune': False, 'train_mode': 'regression', 'modelName': 'emt-dlfr', 'datasetName': 'mosi', 'num_workers': 4, 'model_save_dir': 'results/mosi/emt-dlfr/run_once/models', 'res_save_dir': 'results/mosi/emt-dlfr/run_once/results', 'gpu_ids': [5], 'missing_rates': array([0. , 0.1, 0.2, 0.3, 0.4, 0.5, 0.6, 0.7, 0.8, 0.9, 1. ]), 'seed': 22222, 'num_seeds': 3, 'exp_name': 'moe-uncertainty', 'diff_missing': None, 'KeyEval': 'Loss', 'save_model': True, 'unified_missing': False, 'use_normalized_data': False, 'seeds': [222, 2222, 22222], 'missing_rate': (0.4, 0.4, 0.4), 'dataPath': '/mnt/HDD2/teng/Master-23/sjc/work2/EMT-DLFR-master-based/MMSA/Datasets/MOSI/Processed/unaligned_50.pkl', 'seq_lens': (50, 375, 500), 'feature_dims': (768, 5, 20), 'train_samples': 1284, 'num_classes': 3, 'language': 'en', 'missing_seed': (222, 2222, 22222), 'data_missing': True, 'deal_missing': False, 'need_data_aligned': False, 'need_model_aligned': False, 'need_normalized': False, 'use_bert': True, 'use_finetune': True, 'save_labels': False, 'early_stop': 8, 'update_epochs': 4, 'batch_size': 32, 'learning_rate_bert': 5e-05, 'learning_rate_audio': 0.001, 'learning_rate_video': 0.0001, 'learning_rate_other': 0.001, 'weight_decay_bert': 0.001, 'weight_decay_audio': 0.01, 'weight_decay_video': 0.001, 'weight_decay_other': 0.001, 'a_lstm_hidden_size': 32, 'v_lstm_hidden_size': 64, 'a_lstm_layers': 1, 'v_lstm_layers': 1, 'text_out': 768, 'audio_out': 16, 'video_out': 32, 'a_lstm_dropout': 0.0, 'v_lstm_dropout': 0.0, 't_bert_dropout': 0.1, 'd_model': 128, 'fusion_layers': 5, 'heads': 4, 'learnable_pos_emb': False, 'emb_dropout': 0.0, 'attn_dropout': 0.2, 'ff_dropout': 0.1, 'ff_expansion': 4, 'mpu_share': True, 'modality_share': True, 'layer_share': True, 'attn_act_fn': 'tanh', 'gmc_tokens_pred_dim': 128, 'text_pred_dim': 256, 'audio_pred_dim': 8, 'video_pred_dim': 16, 'recon_loss': 'SmoothL1Loss', 'loss_recon_weight': 1, 'loss_attra_weight': 1, 'use_uncertainty_weighted_attra': True, 'use_per_modal_uncertainty_weight': True, 'uncertainty_attra_alpha': 0.2, 'modal_attra_weights': {'gmc': 1.0, 'text': 1.1, 'audio': 1.0, 'video': 1.0}, 'uncertainty_reg_weight': 0.1, 'uncertainty_reg_margin': 1e-05, 'uncertainty_before_weight': 0.1, 'post_fusion_dim': 256, 'post_fusion_dropout': 0.3, 'H': 3.0, 'boundary_loss_weight': 0.1, 'cur_time': 3, 'model_save_path': 'results/mosi/emt-dlfr/run_once/models/emt-dlfr-mosi-regression-mr0.4-22222.pth', 'device': device(type='cuda', index=5), 'tasks': 'M'}>",2222,72.16,72.21,72.26,72.41,34.55,31.92,105.61,57.49,-120.71,105.61
2026-02-16_07-11-33,emt-dlfr,"<Storage{'need_task_scheduling': False, 'is_tune': False, 'train_mode': 'regression', 'modelName': 'emt-dlfr', 'datasetName': 'mosi', 'num_workers': 4, 'model_save_dir': 'results/mosi/emt-dlfr/run_once/models', 'res_save_dir': 'results/mosi/emt-dlfr/run_once/results', 'gpu_ids': [5], 'missing_rates': array([0. , 0.1, 0.2, 0.3, 0.4, 0.5, 0.6, 0.7, 0.8, 0.9, 1. ]), 'seed': 22222, 'num_seeds': 3, 'exp_name': 'moe-uncertainty', 'diff_missing': None, 'KeyEval': 'Loss', 'save_model': True, 'unified_missing': False, 'use_normalized_data': False, 'seeds': [222, 2222, 22222], 'missing_rate': (0.4, 0.4, 0.4), 'dataPath': '/mnt/HDD2/teng/Master-23/sjc/work2/EMT-DLFR-master-based/MMSA/Datasets/MOSI/Processed/unaligned_50.pkl', 'seq_lens': (50, 375, 500), 'feature_dims': (768, 5, 20), 'train_samples': 1284, 'num_classes': 3, 'language': 'en', 'missing_seed': (222, 2222, 22222), 'data_missing': True, 'deal_missing': False, 'need_data_aligned': False, 'need_model_aligned': False, 'need_normalized': False, 'use_bert': True, 'use_finetune': True, 'save_labels': False, 'early_stop': 8, 'update_epochs': 4, 'batch_size': 32, 'learning_rate_bert': 5e-05, 'learning_rate_audio': 0.001, 'learning_rate_video': 0.0001, 'learning_rate_other': 0.001, 'weight_decay_bert': 0.001, 'weight_decay_audio': 0.01, 'weight_decay_video': 0.001, 'weight_decay_other': 0.001, 'a_lstm_hidden_size': 32, 'v_lstm_hidden_size': 64, 'a_lstm_layers': 1, 'v_lstm_layers': 1, 'text_out': 768, 'audio_out': 16, 'video_out': 32, 'a_lstm_dropout': 0.0, 'v_lstm_dropout': 0.0, 't_bert_dropout': 0.1, 'd_model': 128, 'fusion_layers': 5, 'heads': 4, 'learnable_pos_emb': False, 'emb_dropout': 0.0, 'attn_dropout': 0.2, 'ff_dropout': 0.1, 'ff_expansion': 4, 'mpu_share': True, 'modality_share': True, 'layer_share': True, 'attn_act_fn': 'tanh', 'gmc_tokens_pred_dim': 128, 'text_pred_dim': 256, 'audio_pred_dim': 8, 'video_pred_dim': 16, 'recon_loss': 'SmoothL1Loss', 'loss_recon_weight': 1, 'loss_attra_weight': 1, 'use_uncertainty_weighted_attra': True, 'use_per_modal_uncertainty_weight': True, 'uncertainty_attra_alpha': 0.2, 'modal_attra_weights': {'gmc': 1.0, 'text': 1.1, 'audio': 1.0, 'video': 1.0}, 'uncertainty_reg_weight': 0.1, 'uncertainty_reg_margin': 1e-05, 'uncertainty_before_weight': 0.1, 'post_fusion_dim': 256, 'post_fusion_dropout': 0.3, 'H': 3.0, 'boundary_loss_weight': 0.1, 'cur_time': 3, 'model_save_path': 'results/mosi/emt-dlfr/run_once/models/emt-dlfr-mosi-regression-mr0.4-22222.pth', 'device': device(type='cuda', index=5), 'tasks': 'M'}>",22222,73.18,73.25,73.78,73.93,37.32,33.97,105.25,55.97,-123.4,104.87
2026-02-16_07-11-33,emt-dlfr,"<Storage{'need_task_scheduling': False, 'is_tune': False, 'train_mode': 'regression', 'modelName': 'emt-dlfr', 'datasetName': 'mosi', 'num_workers': 4, 'model_save_dir': 'results/mosi/emt-dlfr/run_once/models', 'res_save_dir': 'results/mosi/emt-dlfr/run_once/results', 'gpu_ids': [5], 'missing_rates': array([0. , 0.1, 0.2, 0.3, 0.4, 0.5, 0.6, 0.7, 0.8, 0.9, 1. ]), 'seed': 22222, 'num_seeds': 3, 'exp_name': 'moe-uncertainty', 'diff_missing': None, 'KeyEval': 'Loss', 'save_model': True, 'unified_missing': False, 'use_normalized_data': False, 'seeds': [222, 2222, 22222], 'missing_rate': (0.4, 0.4, 0.4), 'dataPath': '/mnt/HDD2/teng/Master-23/sjc/work2/EMT-DLFR-master-based/MMSA/Datasets/MOSI/Processed/unaligned_50.pkl', 'seq_lens': (50, 375, 500), 'feature_dims': (768, 5, 20), 'train_samples': 1284, 'num_classes': 3, 'language': 'en', 'missing_seed': (222, 2222, 22222), 'data_missing': True, 'deal_missing': False, 'need_data_aligned': False, 'need_model_aligned': False, 'need_normalized': False, 'use_bert': True, 'use_finetune': True, 'save_labels': False, 'early_stop': 8, 'update_epochs': 4, 'batch_size': 32, 'learning_rate_bert': 5e-05, 'learning_rate_audio': 0.001, 'learning_rate_video': 0.0001, 'learning_rate_other': 0.001, 'weight_decay_bert': 0.001, 'weight_decay_audio': 0.01, 'weight_decay_video': 0.001, 'weight_decay_other': 0.001, 'a_lstm_hidden_size': 32, 'v_lstm_hidden_size': 64, 'a_lstm_layers': 1, 'v_lstm_layers': 1, 'text_out': 768, 'audio_out': 16, 'video_out': 32, 'a_lstm_dropout': 0.0, 'v_lstm_dropout': 0.0, 't_bert_dropout': 0.1, 'd_model': 128, 'fusion_layers': 5, 'heads': 4, 'learnable_pos_emb': False, 'emb_dropout': 0.0, 'attn_dropout': 0.2, 'ff_dropout': 0.1, 'ff_expansion': 4, 'mpu_share': True, 'modality_share': True, 'layer_share': True, 'attn_act_fn': 'tanh', 'gmc_tokens_pred_dim': 128, 'text_pred_dim': 256, 'audio_pred_dim': 8, 'video_pred_dim': 16, 'recon_loss': 'SmoothL1Loss', 'loss_recon_weight': 1, 'loss_attra_weight': 1, 'use_uncertainty_weighted_attra': True, 'use_per_modal_uncertainty_weight': True, 'uncertainty_attra_alpha': 0.2, 'modal_attra_weights': {'gmc': 1.0, 'text': 1.1, 'audio': 1.0, 'video': 1.0}, 'uncertainty_reg_weight': 0.1, 'uncertainty_reg_margin': 1e-05, 'uncertainty_before_weight': 0.1, 'post_fusion_dim': 256, 'post_fusion_dropout': 0.3, 'H': 3.0, 'boundary_loss_weight': 0.1, 'cur_time': 3, 'model_save_path': 'results/mosi/emt-dlfr/run_once/models/emt-dlfr-mosi-regression-mr0.4-22222.pth', 'device': device(type='cuda', index=5), 'tasks': 'M'}>",<mean/std>,"(73.37, 1.08)","(73.44, 1.09)","(73.73, 1.18)","(73.88, 1.18)","(36.01, 1.14)","(32.94, 0.84)","(104.78, 0.94)","(57.03, 0.75)","(-121.27, 1.56)","(104.61, 0.94)"
2026-02-16_07-11-33,emt-dlfr,"<Storage{'need_task_scheduling': False, 'is_tune': False, 'train_mode': 'regression', 'modelName': 'emt-dlfr', 'datasetName': 'mosi', 'num_workers': 4, 'model_save_dir': 'results/mosi/emt-dlfr/run_once/models', 'res_save_dir': 'results/mosi/emt-dlfr/run_once/results', 'gpu_ids': [5], 'missing_rates': array([0. , 0.1, 0.2, 0.3, 0.4, 0.5, 0.6, 0.7, 0.8, 0.9, 1. ]), 'seed': 22222, 'num_seeds': 3, 'exp_name': 'moe-uncertainty', 'diff_missing': None, 'KeyEval': 'Loss', 'save_model': True, 'unified_missing': False, 'use_normalized_data': False, 'seeds': [222, 2222, 22222], 'missing_rate': (0.4, 0.4, 0.4), 'dataPath': '/mnt/HDD2/teng/Master-23/sjc/work2/EMT-DLFR-master-based/MMSA/Datasets/MOSI/Processed/unaligned_50.pkl', 'seq_lens': (50, 375, 500), 'feature_dims': (768, 5, 20), 'train_samples': 1284, 'num_classes': 3, 'language': 'en', 'missing_seed': (222, 2222, 22222), 'data_missing': True, 'deal_missing': False, 'need_data_aligned': False, 'need_model_aligned': False, 'need_normalized': False, 'use_bert': True, 'use_finetune': True, 'save_labels': False, 'early_stop': 8, 'update_epochs': 4, 'batch_size': 32, 'learning_rate_bert': 5e-05, 'learning_rate_audio': 0.001, 'learning_rate_video': 0.0001, 'learning_rate_other': 0.001, 'weight_decay_bert': 0.001, 'weight_decay_audio': 0.01, 'weight_decay_video': 0.001, 'weight_decay_other': 0.001, 'a_lstm_hidden_size': 32, 'v_lstm_hidden_size': 64, 'a_lstm_layers': 1, 'v_lstm_layers': 1, 'text_out': 768, 'audio_out': 16, 'video_out': 32, 'a_lstm_dropout': 0.0, 'v_lstm_dropout': 0.0, 't_bert_dropout': 0.1, 'd_model': 128, 'fusion_layers': 5, 'heads': 4, 'learnable_pos_emb': False, 'emb_dropout': 0.0, 'attn_dropout': 0.2, 'ff_dropout': 0.1, 'ff_expansion': 4, 'mpu_share': True, 'modality_share': True, 'layer_share': True, 'attn_act_fn': 'tanh', 'gmc_tokens_pred_dim': 128, 'text_pred_dim': 256, 'audio_pred_dim': 8, 'video_pred_dim': 16, 'recon_loss': 'SmoothL1Loss', 'loss_recon_weight': 1, 'loss_attra_weight': 1, 'use_uncertainty_weighted_attra': True, 'use_per_modal_uncertainty_weight': True, 'uncertainty_attra_alpha': 0.2, 'modal_attra_weights': {'gmc': 1.0, 'text': 1.1, 'audio': 1.0, 'video': 1.0}, 'uncertainty_reg_weight': 0.1, 'uncertainty_reg_margin': 1e-05, 'uncertainty_before_weight': 0.1, 'post_fusion_dim': 256, 'post_fusion_dropout': 0.3, 'H': 3.0, 'boundary_loss_weight': 0.1, 'cur_time': 3, 'model_save_path': 'results/mosi/emt-dlfr/run_once/models/emt-dlfr-mosi-regression-mr0.4-22222.pth', 'device': device(type='cuda', index=5), 'tasks': 'M'}>",<max/seed>,"(74.78, 222)","(74.85, 222)","(75.15, 222)","(75.3, 222)","(37.32, 22222)","(33.97, 22222)","(105.61, 2222)","(57.63, 222)","(-119.7, 222)","(105.61, 2222)"
2026-02-16_07-11-33,emt-dlfr,"<Storage{'need_task_scheduling': False, 'is_tune': False, 'train_mode': 'regression', 'modelName': 'emt-dlfr', 'datasetName': 'mosi', 'num_workers': 4, 'model_save_dir': 'results/mosi/emt-dlfr/run_once/models', 'res_save_dir': 'results/mosi/emt-dlfr/run_once/results', 'gpu_ids': [5], 'missing_rates': array([0. , 0.1, 0.2, 0.3, 0.4, 0.5, 0.6, 0.7, 0.8, 0.9, 1. ]), 'seed': 22222, 'num_seeds': 3, 'exp_name': 'moe-uncertainty', 'diff_missing': None, 'KeyEval': 'Loss', 'save_model': True, 'unified_missing': False, 'use_normalized_data': False, 'seeds': [222, 2222, 22222], 'missing_rate': (0.4, 0.4, 0.4), 'dataPath': '/mnt/HDD2/teng/Master-23/sjc/work2/EMT-DLFR-master-based/MMSA/Datasets/MOSI/Processed/unaligned_50.pkl', 'seq_lens': (50, 375, 500), 'feature_dims': (768, 5, 20), 'train_samples': 1284, 'num_classes': 3, 'language': 'en', 'missing_seed': (222, 2222, 22222), 'data_missing': True, 'deal_missing': False, 'need_data_aligned': False, 'need_model_aligned': False, 'need_normalized': False, 'use_bert': True, 'use_finetune': True, 'save_labels': False, 'early_stop': 8, 'update_epochs': 4, 'batch_size': 32, 'learning_rate_bert': 5e-05, 'learning_rate_audio': 0.001, 'learning_rate_video': 0.0001, 'learning_rate_other': 0.001, 'weight_decay_bert': 0.001, 'weight_decay_audio': 0.01, 'weight_decay_video': 0.001, 'weight_decay_other': 0.001, 'a_lstm_hidden_size': 32, 'v_lstm_hidden_size': 64, 'a_lstm_layers': 1, 'v_lstm_layers': 1, 'text_out': 768, 'audio_out': 16, 'video_out': 32, 'a_lstm_dropout': 0.0, 'v_lstm_dropout': 0.0, 't_bert_dropout': 0.1, 'd_model': 128, 'fusion_layers': 5, 'heads': 4, 'learnable_pos_emb': False, 'emb_dropout': 0.0, 'attn_dropout': 0.2, 'ff_dropout': 0.1, 'ff_expansion': 4, 'mpu_share': True, 'modality_share': True, 'layer_share': True, 'attn_act_fn': 'tanh', 'gmc_tokens_pred_dim': 128, 'text_pred_dim': 256, 'audio_pred_dim': 8, 'video_pred_dim': 16, 'recon_loss': 'SmoothL1Loss', 'loss_recon_weight': 1, 'loss_attra_weight': 1, 'use_uncertainty_weighted_attra': True, 'use_per_modal_uncertainty_weight': True, 'uncertainty_attra_alpha': 0.2, 'modal_attra_weights': {'gmc': 1.0, 'text': 1.1, 'audio': 1.0, 'video': 1.0}, 'uncertainty_reg_weight': 0.1, 'uncertainty_reg_margin': 1e-05, 'uncertainty_before_weight': 0.1, 'post_fusion_dim': 256, 'post_fusion_dropout': 0.3, 'H': 3.0, 'boundary_loss_weight': 0.1, 'cur_time': 3, 'model_save_path': 'results/mosi/emt-dlfr/run_once/models/emt-dlfr-mosi-regression-mr0.4-22222.pth', 'device': device(type='cuda', index=5), 'tasks': 'M'}>",<min/seed>,"(72.16, 2222)","(72.21, 2222)","(72.26, 2222)","(72.41, 2222)","(34.55, 2222)","(31.92, 2222)","(103.47, 222)","(55.97, 22222)","(-123.4, 22222)","(103.36, 222)"
2026-02-16_13-51-15,emt-dlfr,"<Storage{'need_task_scheduling': False, 'is_tune': False, 'train_mode': 'regression', 'modelName': 'emt-dlfr', 'datasetName': 'mosi', 'num_workers': 4, 'model_save_dir': 'results/mosi/emt-dlfr/run_once/models', 'res_save_dir': 'results/mosi/emt-dlfr/run_once/results', 'gpu_ids': [5], 'missing_rates': array([0. , 0.1, 0.2, 0.3, 0.4, 0.5, 0.6, 0.7, 0.8, 0.9, 1. ]), 'seed': 22222, 'num_seeds': 3, 'exp_name': 'moe-uncertainty', 'diff_missing': None, 'KeyEval': 'Loss', 'save_model': True, 'unified_missing': False, 'use_normalized_data': False, 'seeds': [222, 2222, 22222], 'missing_rate': (0.4, 0.4, 0.4), 'dataPath': '/mnt/HDD2/teng/Master-23/sjc/work2/EMT-DLFR-master-based/MMSA/Datasets/MOSI/Processed/unaligned_50.pkl', 'seq_lens': (50, 375, 500), 'feature_dims': (768, 5, 20), 'train_samples': 1284, 'num_classes': 3, 'language': 'en', 'missing_seed': (222, 2222, 22222), 'data_missing': True, 'deal_missing': False, 'need_data_aligned': False, 'need_model_aligned': False, 'need_normalized': False, 'use_bert': True, 'use_finetune': True, 'save_labels': False, 'early_stop': 8, 'update_epochs': 4, 'batch_size': 32, 'learning_rate_bert': 5e-05, 'learning_rate_audio': 0.001, 'learning_rate_video': 0.0001, 'learning_rate_other': 0.001, 'weight_decay_bert': 0.001, 'weight_decay_audio': 0.01, 'weight_decay_video': 0.001, 'weight_decay_other': 0.001, 'a_lstm_hidden_size': 32, 'v_lstm_hidden_size': 64, 'a_lstm_layers': 1, 'v_lstm_layers': 1, 'text_out': 768, 'audio_out': 16, 'video_out': 32, 'a_lstm_dropout': 0.0, 'v_lstm_dropout': 0.0, 't_bert_dropout': 0.1, 'd_model': 128, 'fusion_layers': 5, 'heads': 4, 'learnable_pos_emb': False, 'emb_dropout': 0.0, 'attn_dropout': 0.2, 'ff_dropout': 0.1, 'ff_expansion': 4, 'mpu_share': True, 'modality_share': True, 'layer_share': True, 'attn_act_fn': 'tanh', 'gmc_tokens_pred_dim': 128, 'text_pred_dim': 256, 'audio_pred_dim': 8, 'video_pred_dim': 16, 'recon_loss': 'SmoothL1Loss', 'loss_recon_weight': 1, 'loss_attra_weight': 0.9, 'use_uncertainty_weighted_attra': True, 'use_per_modal_uncertainty_weight': True, 'uncertainty_attra_alpha': 0.2, 'modal_attra_weights': {'gmc': 1.0, 'text': 1.1, 'audio': 1.0, 'video': 1.0}, 'uncertainty_reg_weight': 0.1, 'uncertainty_reg_margin': 1e-05, 'uncertainty_before_weight': 0.1, 'post_fusion_dim': 256, 'post_fusion_dropout': 0.3, 'H': 3.0, 'boundary_loss_weight': 0.1, 'cur_time': 3, 'model_save_path': 'results/mosi/emt-dlfr/run_once/models/emt-dlfr-mosi-regression-mr0.4-22222.pth', 'device': device(type='cuda', index=5), 'tasks': 'M'}>",222,75.36,75.43,75.91,76.06,37.17,34.26,103.97,57.9,-92.04,104.65
2026-02-16_13-51-15,emt-dlfr,"<Storage{'need_task_scheduling': False, 'is_tune': False, 'train_mode': 'regression', 'modelName': 'emt-dlfr', 'datasetName': 'mosi', 'num_workers': 4, 'model_save_dir': 'results/mosi/emt-dlfr/run_once/models', 'res_save_dir': 'results/mosi/emt-dlfr/run_once/results', 'gpu_ids': [5], 'missing_rates': array([0. , 0.1, 0.2, 0.3, 0.4, 0.5, 0.6, 0.7, 0.8, 0.9, 1. ]), 'seed': 22222, 'num_seeds': 3, 'exp_name': 'moe-uncertainty', 'diff_missing': None, 'KeyEval': 'Loss', 'save_model': True, 'unified_missing': False, 'use_normalized_data': False, 'seeds': [222, 2222, 22222], 'missing_rate': (0.4, 0.4, 0.4), 'dataPath': '/mnt/HDD2/teng/Master-23/sjc/work2/EMT-DLFR-master-based/MMSA/Datasets/MOSI/Processed/unaligned_50.pkl', 'seq_lens': (50, 375, 500), 'feature_dims': (768, 5, 20), 'train_samples': 1284, 'num_classes': 3, 'language': 'en', 'missing_seed': (222, 2222, 22222), 'data_missing': True, 'deal_missing': False, 'need_data_aligned': False, 'need_model_aligned': False, 'need_normalized': False, 'use_bert': True, 'use_finetune': True, 'save_labels': False, 'early_stop': 8, 'update_epochs': 4, 'batch_size': 32, 'learning_rate_bert': 5e-05, 'learning_rate_audio': 0.001, 'learning_rate_video': 0.0001, 'learning_rate_other': 0.001, 'weight_decay_bert': 0.001, 'weight_decay_audio': 0.01, 'weight_decay_video': 0.001, 'weight_decay_other': 0.001, 'a_lstm_hidden_size': 32, 'v_lstm_hidden_size': 64, 'a_lstm_layers': 1, 'v_lstm_layers': 1, 'text_out': 768, 'audio_out': 16, 'video_out': 32, 'a_lstm_dropout': 0.0, 'v_lstm_dropout': 0.0, 't_bert_dropout': 0.1, 'd_model': 128, 'fusion_layers': 5, 'heads': 4, 'learnable_pos_emb': False, 'emb_dropout': 0.0, 'attn_dropout': 0.2, 'ff_dropout': 0.1, 'ff_expansion': 4, 'mpu_share': True, 'modality_share': True, 'layer_share': True, 'attn_act_fn': 'tanh', 'gmc_tokens_pred_dim': 128, 'text_pred_dim': 256, 'audio_pred_dim': 8, 'video_pred_dim': 16, 'recon_loss': 'SmoothL1Loss', 'loss_recon_weight': 1, 'loss_attra_weight': 0.9, 'use_uncertainty_weighted_attra': True, 'use_per_modal_uncertainty_weight': True, 'uncertainty_attra_alpha': 0.2, 'modal_attra_weights': {'gmc': 1.0, 'text': 1.1, 'audio': 1.0, 'video': 1.0}, 'uncertainty_reg_weight': 0.1, 'uncertainty_reg_margin': 1e-05, 'uncertainty_before_weight': 0.1, 'post_fusion_dim': 256, 'post_fusion_dropout': 0.3, 'H': 3.0, 'boundary_loss_weight': 0.1, 'cur_time': 3, 'model_save_path': 'results/mosi/emt-dlfr/run_once/models/emt-dlfr-mosi-regression-mr0.4-22222.pth', 'device': device(type='cuda', index=5), 'tasks': 'M'}>",2222,73.62,73.69,74.09,74.24,37.46,34.84,104.4,57.66,-94.99,105.56
2026-02-16_13-51-15,emt-dlfr,"<Storage{'need_task_scheduling': False, 'is_tune': False, 'train_mode': 'regression', 'modelName': 'emt-dlfr', 'datasetName': 'mosi', 'num_workers': 4, 'model_save_dir': 'results/mosi/emt-dlfr/run_once/models', 'res_save_dir': 'results/mosi/emt-dlfr/run_once/results', 'gpu_ids': [5], 'missing_rates': array([0. , 0.1, 0.2, 0.3, 0.4, 0.5, 0.6, 0.7, 0.8, 0.9, 1. ]), 'seed': 22222, 'num_seeds': 3, 'exp_name': 'moe-uncertainty', 'diff_missing': None, 'KeyEval': 'Loss', 'save_model': True, 'unified_missing': False, 'use_normalized_data': False, 'seeds': [222, 2222, 22222], 'missing_rate': (0.4, 0.4, 0.4), 'dataPath': '/mnt/HDD2/teng/Master-23/sjc/work2/EMT-DLFR-master-based/MMSA/Datasets/MOSI/Processed/unaligned_50.pkl', 'seq_lens': (50, 375, 500), 'feature_dims': (768, 5, 20), 'train_samples': 1284, 'num_classes': 3, 'language': 'en', 'missing_seed': (222, 2222, 22222), 'data_missing': True, 'deal_missing': False, 'need_data_aligned': False, 'need_model_aligned': False, 'need_normalized': False, 'use_bert': True, 'use_finetune': True, 'save_labels': False, 'early_stop': 8, 'update_epochs': 4, 'batch_size': 32, 'learning_rate_bert': 5e-05, 'learning_rate_audio': 0.001, 'learning_rate_video': 0.0001, 'learning_rate_other': 0.001, 'weight_decay_bert': 0.001, 'weight_decay_audio': 0.01, 'weight_decay_video': 0.001, 'weight_decay_other': 0.001, 'a_lstm_hidden_size': 32, 'v_lstm_hidden_size': 64, 'a_lstm_layers': 1, 'v_lstm_layers': 1, 'text_out': 768, 'audio_out': 16, 'video_out': 32, 'a_lstm_dropout': 0.0, 'v_lstm_dropout': 0.0, 't_bert_dropout': 0.1, 'd_model': 128, 'fusion_layers': 5, 'heads': 4, 'learnable_pos_emb': False, 'emb_dropout': 0.0, 'attn_dropout': 0.2, 'ff_dropout': 0.1, 'ff_expansion': 4, 'mpu_share': True, 'modality_share': True, 'layer_share': True, 'attn_act_fn': 'tanh', 'gmc_tokens_pred_dim': 128, 'text_pred_dim': 256, 'audio_pred_dim': 8, 'video_pred_dim': 16, 'recon_loss': 'SmoothL1Loss', 'loss_recon_weight': 1, 'loss_attra_weight': 0.9, 'use_uncertainty_weighted_attra': True, 'use_per_modal_uncertainty_weight': True, 'uncertainty_attra_alpha': 0.2, 'modal_attra_weights': {'gmc': 1.0, 'text': 1.1, 'audio': 1.0, 'video': 1.0}, 'uncertainty_reg_weight': 0.1, 'uncertainty_reg_margin': 1e-05, 'uncertainty_before_weight': 0.1, 'post_fusion_dim': 256, 'post_fusion_dropout': 0.3, 'H': 3.0, 'boundary_loss_weight': 0.1, 'cur_time': 3, 'model_save_path': 'results/mosi/emt-dlfr/run_once/models/emt-dlfr-mosi-regression-mr0.4-22222.pth', 'device': device(type='cuda', index=5), 'tasks': 'M'}>",22222,74.78,74.83,75.61,75.73,36.15,33.97,105.68,54.04,-96.9,104.92
2026-02-16_13-51-15,emt-dlfr,"<Storage{'need_task_scheduling': False, 'is_tune': False, 'train_mode': 'regression', 'modelName': 'emt-dlfr', 'datasetName': 'mosi', 'num_workers': 4, 'model_save_dir': 'results/mosi/emt-dlfr/run_once/models', 'res_save_dir': 'results/mosi/emt-dlfr/run_once/results', 'gpu_ids': [5], 'missing_rates': array([0. , 0.1, 0.2, 0.3, 0.4, 0.5, 0.6, 0.7, 0.8, 0.9, 1. ]), 'seed': 22222, 'num_seeds': 3, 'exp_name': 'moe-uncertainty', 'diff_missing': None, 'KeyEval': 'Loss', 'save_model': True, 'unified_missing': False, 'use_normalized_data': False, 'seeds': [222, 2222, 22222], 'missing_rate': (0.4, 0.4, 0.4), 'dataPath': '/mnt/HDD2/teng/Master-23/sjc/work2/EMT-DLFR-master-based/MMSA/Datasets/MOSI/Processed/unaligned_50.pkl', 'seq_lens': (50, 375, 500), 'feature_dims': (768, 5, 20), 'train_samples': 1284, 'num_classes': 3, 'language': 'en', 'missing_seed': (222, 2222, 22222), 'data_missing': True, 'deal_missing': False, 'need_data_aligned': False, 'need_model_aligned': False, 'need_normalized': False, 'use_bert': True, 'use_finetune': True, 'save_labels': False, 'early_stop': 8, 'update_epochs': 4, 'batch_size': 32, 'learning_rate_bert': 5e-05, 'learning_rate_audio': 0.001, 'learning_rate_video': 0.0001, 'learning_rate_other': 0.001, 'weight_decay_bert': 0.001, 'weight_decay_audio': 0.01, 'weight_decay_video': 0.001, 'weight_decay_other': 0.001, 'a_lstm_hidden_size': 32, 'v_lstm_hidden_size': 64, 'a_lstm_layers': 1, 'v_lstm_layers': 1, 'text_out': 768, 'audio_out': 16, 'video_out': 32, 'a_lstm_dropout': 0.0, 'v_lstm_dropout': 0.0, 't_bert_dropout': 0.1, 'd_model': 128, 'fusion_layers': 5, 'heads': 4, 'learnable_pos_emb': False, 'emb_dropout': 0.0, 'attn_dropout': 0.2, 'ff_dropout': 0.1, 'ff_expansion': 4, 'mpu_share': True, 'modality_share': True, 'layer_share': True, 'attn_act_fn': 'tanh', 'gmc_tokens_pred_dim': 128, 'text_pred_dim': 256, 'audio_pred_dim': 8, 'video_pred_dim': 16, 'recon_loss': 'SmoothL1Loss', 'loss_recon_weight': 1, 'loss_attra_weight': 0.9, 'use_uncertainty_weighted_attra': True, 'use_per_modal_uncertainty_weight': True, 'uncertainty_attra_alpha': 0.2, 'modal_attra_weights': {'gmc': 1.0, 'text': 1.1, 'audio': 1.0, 'video': 1.0}, 'uncertainty_reg_weight': 0.1, 'uncertainty_reg_margin': 1e-05, 'uncertainty_before_weight': 0.1, 'post_fusion_dim': 256, 'post_fusion_dropout': 0.3, 'H': 3.0, 'boundary_loss_weight': 0.1, 'cur_time': 3, 'model_save_path': 'results/mosi/emt-dlfr/run_once/models/emt-dlfr-mosi-regression-mr0.4-22222.pth', 'device': device(type='cuda', index=5), 'tasks': 'M'}>",<mean/std>,"(74.59, 0.72)","(74.65, 0.72)","(75.2, 0.8)","(75.34, 0.79)","(36.93, 0.56)","(34.36, 0.36)","(104.68, 0.73)","(56.53, 1.77)","(-94.64, 2.0)","(105.04, 0.38)"
2026-02-16_13-51-15,emt-dlfr,"<Storage{'need_task_scheduling': False, 'is_tune': False, 'train_mode': 'regression', 'modelName': 'emt-dlfr', 'datasetName': 'mosi', 'num_workers': 4, 'model_save_dir': 'results/mosi/emt-dlfr/run_once/models', 'res_save_dir': 'results/mosi/emt-dlfr/run_once/results', 'gpu_ids': [5], 'missing_rates': array([0. , 0.1, 0.2, 0.3, 0.4, 0.5, 0.6, 0.7, 0.8, 0.9, 1. ]), 'seed': 22222, 'num_seeds': 3, 'exp_name': 'moe-uncertainty', 'diff_missing': None, 'KeyEval': 'Loss', 'save_model': True, 'unified_missing': False, 'use_normalized_data': False, 'seeds': [222, 2222, 22222], 'missing_rate': (0.4, 0.4, 0.4), 'dataPath': '/mnt/HDD2/teng/Master-23/sjc/work2/EMT-DLFR-master-based/MMSA/Datasets/MOSI/Processed/unaligned_50.pkl', 'seq_lens': (50, 375, 500), 'feature_dims': (768, 5, 20), 'train_samples': 1284, 'num_classes': 3, 'language': 'en', 'missing_seed': (222, 2222, 22222), 'data_missing': True, 'deal_missing': False, 'need_data_aligned': False, 'need_model_aligned': False, 'need_normalized': False, 'use_bert': True, 'use_finetune': True, 'save_labels': False, 'early_stop': 8, 'update_epochs': 4, 'batch_size': 32, 'learning_rate_bert': 5e-05, 'learning_rate_audio': 0.001, 'learning_rate_video': 0.0001, 'learning_rate_other': 0.001, 'weight_decay_bert': 0.001, 'weight_decay_audio': 0.01, 'weight_decay_video': 0.001, 'weight_decay_other': 0.001, 'a_lstm_hidden_size': 32, 'v_lstm_hidden_size': 64, 'a_lstm_layers': 1, 'v_lstm_layers': 1, 'text_out': 768, 'audio_out': 16, 'video_out': 32, 'a_lstm_dropout': 0.0, 'v_lstm_dropout': 0.0, 't_bert_dropout': 0.1, 'd_model': 128, 'fusion_layers': 5, 'heads': 4, 'learnable_pos_emb': False, 'emb_dropout': 0.0, 'attn_dropout': 0.2, 'ff_dropout': 0.1, 'ff_expansion': 4, 'mpu_share': True, 'modality_share': True, 'layer_share': True, 'attn_act_fn': 'tanh', 'gmc_tokens_pred_dim': 128, 'text_pred_dim': 256, 'audio_pred_dim': 8, 'video_pred_dim': 16, 'recon_loss': 'SmoothL1Loss', 'loss_recon_weight': 1, 'loss_attra_weight': 0.9, 'use_uncertainty_weighted_attra': True, 'use_per_modal_uncertainty_weight': True, 'uncertainty_attra_alpha': 0.2, 'modal_attra_weights': {'gmc': 1.0, 'text': 1.1, 'audio': 1.0, 'video': 1.0}, 'uncertainty_reg_weight': 0.1, 'uncertainty_reg_margin': 1e-05, 'uncertainty_before_weight': 0.1, 'post_fusion_dim': 256, 'post_fusion_dropout': 0.3, 'H': 3.0, 'boundary_loss_weight': 0.1, 'cur_time': 3, 'model_save_path': 'results/mosi/emt-dlfr/run_once/models/emt-dlfr-mosi-regression-mr0.4-22222.pth', 'device': device(type='cuda', index=5), 'tasks': 'M'}>",<max/seed>,"(75.36, 222)","(75.43, 222)","(75.91, 222)","(76.06, 222)","(37.46, 2222)","(34.84, 2222)","(105.68, 22222)","(57.9, 222)","(-92.04, 222)","(105.56, 2222)"
2026-02-16_13-51-15,emt-dlfr,"<Storage{'need_task_scheduling': False, 'is_tune': False, 'train_mode': 'regression', 'modelName': 'emt-dlfr', 'datasetName': 'mosi', 'num_workers': 4, 'model_save_dir': 'results/mosi/emt-dlfr/run_once/models', 'res_save_dir': 'results/mosi/emt-dlfr/run_once/results', 'gpu_ids': [5], 'missing_rates': array([0. , 0.1, 0.2, 0.3, 0.4, 0.5, 0.6, 0.7, 0.8, 0.9, 1. ]), 'seed': 22222, 'num_seeds': 3, 'exp_name': 'moe-uncertainty', 'diff_missing': None, 'KeyEval': 'Loss', 'save_model': True, 'unified_missing': False, 'use_normalized_data': False, 'seeds': [222, 2222, 22222], 'missing_rate': (0.4, 0.4, 0.4), 'dataPath': '/mnt/HDD2/teng/Master-23/sjc/work2/EMT-DLFR-master-based/MMSA/Datasets/MOSI/Processed/unaligned_50.pkl', 'seq_lens': (50, 375, 500), 'feature_dims': (768, 5, 20), 'train_samples': 1284, 'num_classes': 3, 'language': 'en', 'missing_seed': (222, 2222, 22222), 'data_missing': True, 'deal_missing': False, 'need_data_aligned': False, 'need_model_aligned': False, 'need_normalized': False, 'use_bert': True, 'use_finetune': True, 'save_labels': False, 'early_stop': 8, 'update_epochs': 4, 'batch_size': 32, 'learning_rate_bert': 5e-05, 'learning_rate_audio': 0.001, 'learning_rate_video': 0.0001, 'learning_rate_other': 0.001, 'weight_decay_bert': 0.001, 'weight_decay_audio': 0.01, 'weight_decay_video': 0.001, 'weight_decay_other': 0.001, 'a_lstm_hidden_size': 32, 'v_lstm_hidden_size': 64, 'a_lstm_layers': 1, 'v_lstm_layers': 1, 'text_out': 768, 'audio_out': 16, 'video_out': 32, 'a_lstm_dropout': 0.0, 'v_lstm_dropout': 0.0, 't_bert_dropout': 0.1, 'd_model': 128, 'fusion_layers': 5, 'heads': 4, 'learnable_pos_emb': False, 'emb_dropout': 0.0, 'attn_dropout': 0.2, 'ff_dropout': 0.1, 'ff_expansion': 4, 'mpu_share': True, 'modality_share': True, 'layer_share': True, 'attn_act_fn': 'tanh', 'gmc_tokens_pred_dim': 128, 'text_pred_dim': 256, 'audio_pred_dim': 8, 'video_pred_dim': 16, 'recon_loss': 'SmoothL1Loss', 'loss_recon_weight': 1, 'loss_attra_weight': 0.9, 'use_uncertainty_weighted_attra': True, 'use_per_modal_uncertainty_weight': True, 'uncertainty_attra_alpha': 0.2, 'modal_attra_weights': {'gmc': 1.0, 'text': 1.1, 'audio': 1.0, 'video': 1.0}, 'uncertainty_reg_weight': 0.1, 'uncertainty_reg_margin': 1e-05, 'uncertainty_before_weight': 0.1, 'post_fusion_dim': 256, 'post_fusion_dropout': 0.3, 'H': 3.0, 'boundary_loss_weight': 0.1, 'cur_time': 3, 'model_save_path': 'results/mosi/emt-dlfr/run_once/models/emt-dlfr-mosi-regression-mr0.4-22222.pth', 'device': device(type='cuda', index=5), 'tasks': 'M'}>",<min/seed>,"(73.62, 2222)","(73.69, 2222)","(74.09, 2222)","(74.24, 2222)","(36.15, 22222)","(33.97, 22222)","(103.97, 222)","(54.04, 22222)","(-96.9, 22222)","(104.65, 222)"
2026-02-17_16-49-28,emt-dlfr,"<Storage{'need_task_scheduling': False, 'is_tune': False, 'train_mode': 'regression', 'modelName': 'emt-dlfr', 'datasetName': 'mosi', 'num_workers': 4, 'model_save_dir': 'results/mosi/emt-dlfr/run_once/models', 'res_save_dir': 'results/mosi/emt-dlfr/run_once/results', 'gpu_ids': [3], 'missing_rates': array([0. , 0.1, 0.2, 0.3, 0.4, 0.5, 0.6, 0.7, 0.8, 0.9, 1. ]), 'seed': 22222, 'num_seeds': 3, 'exp_name': 'moe-uncertainty', 'diff_missing': None, 'KeyEval': 'Loss', 'save_model': True, 'unified_missing': False, 'use_normalized_data': False, 'seeds': [111, 66, 22222], 'missing_rate': (0.4, 0.4, 0.4), 'dataPath': '/mnt/HDD2/teng/Master-23/sjc/work2/EMT-DLFR-master-based/MMSA/Datasets/MOSI/Processed/unaligned_50.pkl', 'seq_lens': (50, 375, 500), 'feature_dims': (768, 5, 20), 'train_samples': 1284, 'num_classes': 3, 'language': 'en', 'missing_seed': (222, 2222, 22222), 'data_missing': True, 'deal_missing': False, 'need_data_aligned': False, 'need_model_aligned': False, 'need_normalized': False, 'use_bert': True, 'use_finetune': True, 'save_labels': False, 'early_stop': 8, 'update_epochs': 4, 'batch_size': 32, 'learning_rate_bert': 5e-05, 'learning_rate_audio': 0.001, 'learning_rate_video': 0.0001, 'learning_rate_other': 0.001, 'weight_decay_bert': 0.001, 'weight_decay_audio': 0.01, 'weight_decay_video': 0.001, 'weight_decay_other': 0.001, 'a_lstm_hidden_size': 32, 'v_lstm_hidden_size': 64, 'a_lstm_layers': 1, 'v_lstm_layers': 1, 'text_out': 768, 'audio_out': 16, 'video_out': 32, 'a_lstm_dropout': 0.0, 'v_lstm_dropout': 0.0, 't_bert_dropout': 0.1, 'd_model': 128, 'fusion_layers': 5, 'heads': 4, 'learnable_pos_emb': False, 'emb_dropout': 0.0, 'attn_dropout': 0.2, 'ff_dropout': 0.1, 'ff_expansion': 4, 'mpu_share': True, 'modality_share': True, 'layer_share': True, 'attn_act_fn': 'tanh', 'gmc_tokens_pred_dim': 128, 'text_pred_dim': 256, 'audio_pred_dim': 8, 'video_pred_dim': 16, 'recon_loss': 'SmoothL1Loss', 'loss_recon_weight': 1, 'loss_attra_weight': 0.9, 'use_uncertainty_weighted_attra': True, 'use_per_modal_uncertainty_weight': True, 'uncertainty_attra_alpha': 0.2, 'modal_attra_weights': {'gmc': 1.0, 'text': 1.1, 'audio': 1.0, 'video': 1.0}, 'uncertainty_reg_weight': 0.1, 'uncertainty_reg_margin': 1e-05, 'uncertainty_before_weight': 0.1, 'post_fusion_dim': 256, 'post_fusion_dropout': 0.3, 'H': 3.0, 'boundary_loss_weight': 0.1, 'cur_time': 3, 'model_save_path': 'results/mosi/emt-dlfr/run_once/models/emt-dlfr-mosi-regression-mr0.4-22222.pth', 'device': device(type='cuda', index=3), 'tasks': 'M'}>",111,73.76,73.83,74.24,74.39,38.63,35.42,105.43,56.14,-102.16,104.9
2026-02-17_16-49-28,emt-dlfr,"<Storage{'need_task_scheduling': False, 'is_tune': False, 'train_mode': 'regression', 'modelName': 'emt-dlfr', 'datasetName': 'mosi', 'num_workers': 4, 'model_save_dir': 'results/mosi/emt-dlfr/run_once/models', 'res_save_dir': 'results/mosi/emt-dlfr/run_once/results', 'gpu_ids': [3], 'missing_rates': array([0. , 0.1, 0.2, 0.3, 0.4, 0.5, 0.6, 0.7, 0.8, 0.9, 1. ]), 'seed': 22222, 'num_seeds': 3, 'exp_name': 'moe-uncertainty', 'diff_missing': None, 'KeyEval': 'Loss', 'save_model': True, 'unified_missing': False, 'use_normalized_data': False, 'seeds': [111, 66, 22222], 'missing_rate': (0.4, 0.4, 0.4), 'dataPath': '/mnt/HDD2/teng/Master-23/sjc/work2/EMT-DLFR-master-based/MMSA/Datasets/MOSI/Processed/unaligned_50.pkl', 'seq_lens': (50, 375, 500), 'feature_dims': (768, 5, 20), 'train_samples': 1284, 'num_classes': 3, 'language': 'en', 'missing_seed': (222, 2222, 22222), 'data_missing': True, 'deal_missing': False, 'need_data_aligned': False, 'need_model_aligned': False, 'need_normalized': False, 'use_bert': True, 'use_finetune': True, 'save_labels': False, 'early_stop': 8, 'update_epochs': 4, 'batch_size': 32, 'learning_rate_bert': 5e-05, 'learning_rate_audio': 0.001, 'learning_rate_video': 0.0001, 'learning_rate_other': 0.001, 'weight_decay_bert': 0.001, 'weight_decay_audio': 0.01, 'weight_decay_video': 0.001, 'weight_decay_other': 0.001, 'a_lstm_hidden_size': 32, 'v_lstm_hidden_size': 64, 'a_lstm_layers': 1, 'v_lstm_layers': 1, 'text_out': 768, 'audio_out': 16, 'video_out': 32, 'a_lstm_dropout': 0.0, 'v_lstm_dropout': 0.0, 't_bert_dropout': 0.1, 'd_model': 128, 'fusion_layers': 5, 'heads': 4, 'learnable_pos_emb': False, 'emb_dropout': 0.0, 'attn_dropout': 0.2, 'ff_dropout': 0.1, 'ff_expansion': 4, 'mpu_share': True, 'modality_share': True, 'layer_share': True, 'attn_act_fn': 'tanh', 'gmc_tokens_pred_dim': 128, 'text_pred_dim': 256, 'audio_pred_dim': 8, 'video_pred_dim': 16, 'recon_loss': 'SmoothL1Loss', 'loss_recon_weight': 1, 'loss_attra_weight': 0.9, 'use_uncertainty_weighted_attra': True, 'use_per_modal_uncertainty_weight': True, 'uncertainty_attra_alpha': 0.2, 'modal_attra_weights': {'gmc': 1.0, 'text': 1.1, 'audio': 1.0, 'video': 1.0}, 'uncertainty_reg_weight': 0.1, 'uncertainty_reg_margin': 1e-05, 'uncertainty_before_weight': 0.1, 'post_fusion_dim': 256, 'post_fusion_dropout': 0.3, 'H': 3.0, 'boundary_loss_weight': 0.1, 'cur_time': 3, 'model_save_path': 'results/mosi/emt-dlfr/run_once/models/emt-dlfr-mosi-regression-mr0.4-22222.pth', 'device': device(type='cuda', index=3), 'tasks': 'M'}>",66,74.2,74.27,74.85,75.0,38.19,36.01,103.56,58.56,-97.28,104.49
2026-02-17_16-49-28,emt-dlfr,"<Storage{'need_task_scheduling': False, 'is_tune': False, 'train_mode': 'regression', 'modelName': 'emt-dlfr', 'datasetName': 'mosi', 'num_workers': 4, 'model_save_dir': 'results/mosi/emt-dlfr/run_once/models', 'res_save_dir': 'results/mosi/emt-dlfr/run_once/results', 'gpu_ids': [3], 'missing_rates': array([0. , 0.1, 0.2, 0.3, 0.4, 0.5, 0.6, 0.7, 0.8, 0.9, 1. ]), 'seed': 22222, 'num_seeds': 3, 'exp_name': 'moe-uncertainty', 'diff_missing': None, 'KeyEval': 'Loss', 'save_model': True, 'unified_missing': False, 'use_normalized_data': False, 'seeds': [111, 66, 22222], 'missing_rate': (0.4, 0.4, 0.4), 'dataPath': '/mnt/HDD2/teng/Master-23/sjc/work2/EMT-DLFR-master-based/MMSA/Datasets/MOSI/Processed/unaligned_50.pkl', 'seq_lens': (50, 375, 500), 'feature_dims': (768, 5, 20), 'train_samples': 1284, 'num_classes': 3, 'language': 'en', 'missing_seed': (222, 2222, 22222), 'data_missing': True, 'deal_missing': False, 'need_data_aligned': False, 'need_model_aligned': False, 'need_normalized': False, 'use_bert': True, 'use_finetune': True, 'save_labels': False, 'early_stop': 8, 'update_epochs': 4, 'batch_size': 32, 'learning_rate_bert': 5e-05, 'learning_rate_audio': 0.001, 'learning_rate_video': 0.0001, 'learning_rate_other': 0.001, 'weight_decay_bert': 0.001, 'weight_decay_audio': 0.01, 'weight_decay_video': 0.001, 'weight_decay_other': 0.001, 'a_lstm_hidden_size': 32, 'v_lstm_hidden_size': 64, 'a_lstm_layers': 1, 'v_lstm_layers': 1, 'text_out': 768, 'audio_out': 16, 'video_out': 32, 'a_lstm_dropout': 0.0, 'v_lstm_dropout': 0.0, 't_bert_dropout': 0.1, 'd_model': 128, 'fusion_layers': 5, 'heads': 4, 'learnable_pos_emb': False, 'emb_dropout': 0.0, 'attn_dropout': 0.2, 'ff_dropout': 0.1, 'ff_expansion': 4, 'mpu_share': True, 'modality_share': True, 'layer_share': True, 'attn_act_fn': 'tanh', 'gmc_tokens_pred_dim': 128, 'text_pred_dim': 256, 'audio_pred_dim': 8, 'video_pred_dim': 16, 'recon_loss': 'SmoothL1Loss', 'loss_recon_weight': 1, 'loss_attra_weight': 0.9, 'use_uncertainty_weighted_attra': True, 'use_per_modal_uncertainty_weight': True, 'uncertainty_attra_alpha': 0.2, 'modal_attra_weights': {'gmc': 1.0, 'text': 1.1, 'audio': 1.0, 'video': 1.0}, 'uncertainty_reg_weight': 0.1, 'uncertainty_reg_margin': 1e-05, 'uncertainty_before_weight': 0.1, 'post_fusion_dim': 256, 'post_fusion_dropout': 0.3, 'H': 3.0, 'boundary_loss_weight': 0.1, 'cur_time': 3, 'model_save_path': 'results/mosi/emt-dlfr/run_once/models/emt-dlfr-mosi-regression-mr0.4-22222.pth', 'device': device(type='cuda', index=3), 'tasks': 'M'}>",22222,74.78,74.83,75.61,75.73,36.15,33.97,105.68,54.04,-96.9,104.92
2026-02-17_16-49-28,emt-dlfr,"<Storage{'need_task_scheduling': False, 'is_tune': False, 'train_mode': 'regression', 'modelName': 'emt-dlfr', 'datasetName': 'mosi', 'num_workers': 4, 'model_save_dir': 'results/mosi/emt-dlfr/run_once/models', 'res_save_dir': 'results/mosi/emt-dlfr/run_once/results', 'gpu_ids': [3], 'missing_rates': array([0. , 0.1, 0.2, 0.3, 0.4, 0.5, 0.6, 0.7, 0.8, 0.9, 1. ]), 'seed': 22222, 'num_seeds': 3, 'exp_name': 'moe-uncertainty', 'diff_missing': None, 'KeyEval': 'Loss', 'save_model': True, 'unified_missing': False, 'use_normalized_data': False, 'seeds': [111, 66, 22222], 'missing_rate': (0.4, 0.4, 0.4), 'dataPath': '/mnt/HDD2/teng/Master-23/sjc/work2/EMT-DLFR-master-based/MMSA/Datasets/MOSI/Processed/unaligned_50.pkl', 'seq_lens': (50, 375, 500), 'feature_dims': (768, 5, 20), 'train_samples': 1284, 'num_classes': 3, 'language': 'en', 'missing_seed': (222, 2222, 22222), 'data_missing': True, 'deal_missing': False, 'need_data_aligned': False, 'need_model_aligned': False, 'need_normalized': False, 'use_bert': True, 'use_finetune': True, 'save_labels': False, 'early_stop': 8, 'update_epochs': 4, 'batch_size': 32, 'learning_rate_bert': 5e-05, 'learning_rate_audio': 0.001, 'learning_rate_video': 0.0001, 'learning_rate_other': 0.001, 'weight_decay_bert': 0.001, 'weight_decay_audio': 0.01, 'weight_decay_video': 0.001, 'weight_decay_other': 0.001, 'a_lstm_hidden_size': 32, 'v_lstm_hidden_size': 64, 'a_lstm_layers': 1, 'v_lstm_layers': 1, 'text_out': 768, 'audio_out': 16, 'video_out': 32, 'a_lstm_dropout': 0.0, 'v_lstm_dropout': 0.0, 't_bert_dropout': 0.1, 'd_model': 128, 'fusion_layers': 5, 'heads': 4, 'learnable_pos_emb': False, 'emb_dropout': 0.0, 'attn_dropout': 0.2, 'ff_dropout': 0.1, 'ff_expansion': 4, 'mpu_share': True, 'modality_share': True, 'layer_share': True, 'attn_act_fn': 'tanh', 'gmc_tokens_pred_dim': 128, 'text_pred_dim': 256, 'audio_pred_dim': 8, 'video_pred_dim': 16, 'recon_loss': 'SmoothL1Loss', 'loss_recon_weight': 1, 'loss_attra_weight': 0.9, 'use_uncertainty_weighted_attra': True, 'use_per_modal_uncertainty_weight': True, 'uncertainty_attra_alpha': 0.2, 'modal_attra_weights': {'gmc': 1.0, 'text': 1.1, 'audio': 1.0, 'video': 1.0}, 'uncertainty_reg_weight': 0.1, 'uncertainty_reg_margin': 1e-05, 'uncertainty_before_weight': 0.1, 'post_fusion_dim': 256, 'post_fusion_dropout': 0.3, 'H': 3.0, 'boundary_loss_weight': 0.1, 'cur_time': 3, 'model_save_path': 'results/mosi/emt-dlfr/run_once/models/emt-dlfr-mosi-regression-mr0.4-22222.pth', 'device': device(type='cuda', index=3), 'tasks': 'M'}>",<mean/std>,"(74.25, 0.42)","(74.31, 0.41)","(74.9, 0.56)","(75.04, 0.55)","(37.66, 1.08)","(35.13, 0.86)","(104.89, 0.95)","(56.25, 1.85)","(-98.78, 2.4)","(104.77, 0.2)"
2026-02-17_16-49-28,emt-dlfr,"<Storage{'need_task_scheduling': False, 'is_tune': False, 'train_mode': 'regression', 'modelName': 'emt-dlfr', 'datasetName': 'mosi', 'num_workers': 4, 'model_save_dir': 'results/mosi/emt-dlfr/run_once/models', 'res_save_dir': 'results/mosi/emt-dlfr/run_once/results', 'gpu_ids': [3], 'missing_rates': array([0. , 0.1, 0.2, 0.3, 0.4, 0.5, 0.6, 0.7, 0.8, 0.9, 1. ]), 'seed': 22222, 'num_seeds': 3, 'exp_name': 'moe-uncertainty', 'diff_missing': None, 'KeyEval': 'Loss', 'save_model': True, 'unified_missing': False, 'use_normalized_data': False, 'seeds': [111, 66, 22222], 'missing_rate': (0.4, 0.4, 0.4), 'dataPath': '/mnt/HDD2/teng/Master-23/sjc/work2/EMT-DLFR-master-based/MMSA/Datasets/MOSI/Processed/unaligned_50.pkl', 'seq_lens': (50, 375, 500), 'feature_dims': (768, 5, 20), 'train_samples': 1284, 'num_classes': 3, 'language': 'en', 'missing_seed': (222, 2222, 22222), 'data_missing': True, 'deal_missing': False, 'need_data_aligned': False, 'need_model_aligned': False, 'need_normalized': False, 'use_bert': True, 'use_finetune': True, 'save_labels': False, 'early_stop': 8, 'update_epochs': 4, 'batch_size': 32, 'learning_rate_bert': 5e-05, 'learning_rate_audio': 0.001, 'learning_rate_video': 0.0001, 'learning_rate_other': 0.001, 'weight_decay_bert': 0.001, 'weight_decay_audio': 0.01, 'weight_decay_video': 0.001, 'weight_decay_other': 0.001, 'a_lstm_hidden_size': 32, 'v_lstm_hidden_size': 64, 'a_lstm_layers': 1, 'v_lstm_layers': 1, 'text_out': 768, 'audio_out': 16, 'video_out': 32, 'a_lstm_dropout': 0.0, 'v_lstm_dropout': 0.0, 't_bert_dropout': 0.1, 'd_model': 128, 'fusion_layers': 5, 'heads': 4, 'learnable_pos_emb': False, 'emb_dropout': 0.0, 'attn_dropout': 0.2, 'ff_dropout': 0.1, 'ff_expansion': 4, 'mpu_share': True, 'modality_share': True, 'layer_share': True, 'attn_act_fn': 'tanh', 'gmc_tokens_pred_dim': 128, 'text_pred_dim': 256, 'audio_pred_dim': 8, 'video_pred_dim': 16, 'recon_loss': 'SmoothL1Loss', 'loss_recon_weight': 1, 'loss_attra_weight': 0.9, 'use_uncertainty_weighted_attra': True, 'use_per_modal_uncertainty_weight': True, 'uncertainty_attra_alpha': 0.2, 'modal_attra_weights': {'gmc': 1.0, 'text': 1.1, 'audio': 1.0, 'video': 1.0}, 'uncertainty_reg_weight': 0.1, 'uncertainty_reg_margin': 1e-05, 'uncertainty_before_weight': 0.1, 'post_fusion_dim': 256, 'post_fusion_dropout': 0.3, 'H': 3.0, 'boundary_loss_weight': 0.1, 'cur_time': 3, 'model_save_path': 'results/mosi/emt-dlfr/run_once/models/emt-dlfr-mosi-regression-mr0.4-22222.pth', 'device': device(type='cuda', index=3), 'tasks': 'M'}>",<max/seed>,"(74.78, 22222)","(74.83, 22222)","(75.61, 22222)","(75.73, 22222)","(38.63, 111)","(36.01, 66)","(105.68, 22222)","(58.56, 66)","(-96.9, 22222)","(104.92, 22222)"
2026-02-17_16-49-28,emt-dlfr,"<Storage{'need_task_scheduling': False, 'is_tune': False, 'train_mode': 'regression', 'modelName': 'emt-dlfr', 'datasetName': 'mosi', 'num_workers': 4, 'model_save_dir': 'results/mosi/emt-dlfr/run_once/models', 'res_save_dir': 'results/mosi/emt-dlfr/run_once/results', 'gpu_ids': [3], 'missing_rates': array([0. , 0.1, 0.2, 0.3, 0.4, 0.5, 0.6, 0.7, 0.8, 0.9, 1. ]), 'seed': 22222, 'num_seeds': 3, 'exp_name': 'moe-uncertainty', 'diff_missing': None, 'KeyEval': 'Loss', 'save_model': True, 'unified_missing': False, 'use_normalized_data': False, 'seeds': [111, 66, 22222], 'missing_rate': (0.4, 0.4, 0.4), 'dataPath': '/mnt/HDD2/teng/Master-23/sjc/work2/EMT-DLFR-master-based/MMSA/Datasets/MOSI/Processed/unaligned_50.pkl', 'seq_lens': (50, 375, 500), 'feature_dims': (768, 5, 20), 'train_samples': 1284, 'num_classes': 3, 'language': 'en', 'missing_seed': (222, 2222, 22222), 'data_missing': True, 'deal_missing': False, 'need_data_aligned': False, 'need_model_aligned': False, 'need_normalized': False, 'use_bert': True, 'use_finetune': True, 'save_labels': False, 'early_stop': 8, 'update_epochs': 4, 'batch_size': 32, 'learning_rate_bert': 5e-05, 'learning_rate_audio': 0.001, 'learning_rate_video': 0.0001, 'learning_rate_other': 0.001, 'weight_decay_bert': 0.001, 'weight_decay_audio': 0.01, 'weight_decay_video': 0.001, 'weight_decay_other': 0.001, 'a_lstm_hidden_size': 32, 'v_lstm_hidden_size': 64, 'a_lstm_layers': 1, 'v_lstm_layers': 1, 'text_out': 768, 'audio_out': 16, 'video_out': 32, 'a_lstm_dropout': 0.0, 'v_lstm_dropout': 0.0, 't_bert_dropout': 0.1, 'd_model': 128, 'fusion_layers': 5, 'heads': 4, 'learnable_pos_emb': False, 'emb_dropout': 0.0, 'attn_dropout': 0.2, 'ff_dropout': 0.1, 'ff_expansion': 4, 'mpu_share': True, 'modality_share': True, 'layer_share': True, 'attn_act_fn': 'tanh', 'gmc_tokens_pred_dim': 128, 'text_pred_dim': 256, 'audio_pred_dim': 8, 'video_pred_dim': 16, 'recon_loss': 'SmoothL1Loss', 'loss_recon_weight': 1, 'loss_attra_weight': 0.9, 'use_uncertainty_weighted_attra': True, 'use_per_modal_uncertainty_weight': True, 'uncertainty_attra_alpha': 0.2, 'modal_attra_weights': {'gmc': 1.0, 'text': 1.1, 'audio': 1.0, 'video': 1.0}, 'uncertainty_reg_weight': 0.1, 'uncertainty_reg_margin': 1e-05, 'uncertainty_before_weight': 0.1, 'post_fusion_dim': 256, 'post_fusion_dropout': 0.3, 'H': 3.0, 'boundary_loss_weight': 0.1, 'cur_time': 3, 'model_save_path': 'results/mosi/emt-dlfr/run_once/models/emt-dlfr-mosi-regression-mr0.4-22222.pth', 'device': device(type='cuda', index=3), 'tasks': 'M'}>",<min/seed>,"(73.76, 111)","(73.83, 111)","(74.24, 111)","(74.39, 111)","(36.15, 22222)","(33.97, 22222)","(103.56, 66)","(54.04, 22222)","(-102.16, 111)","(104.49, 66)"
2026-02-18_05-33-23,emt-dlfr,"<Storage{'need_task_scheduling': False, 'is_tune': False, 'train_mode': 'regression', 'modelName': 'emt-dlfr', 'datasetName': 'mosi', 'num_workers': 4, 'model_save_dir': 'results/mosi/emt-dlfr/run_once/models', 'res_save_dir': 'results/mosi/emt-dlfr/run_once/results', 'gpu_ids': [3], 'missing_rates': array([0. , 0.1, 0.2, 0.3, 0.4, 0.5, 0.6, 0.7, 0.8, 0.9, 1. ]), 'seed': 11111, 'num_seeds': 3, 'exp_name': 'moe-uncertainty', 'diff_missing': None, 'KeyEval': 'Loss', 'save_model': True, 'unified_missing': False, 'use_normalized_data': False, 'seeds': [111, 1111, 11111], 'missing_rate': (0.4, 0.4, 0.4), 'dataPath': '/mnt/HDD2/teng/Master-23/sjc/work2/EMT-DLFR-master-based/MMSA/Datasets/MOSI/Processed/unaligned_50.pkl', 'seq_lens': (50, 375, 500), 'feature_dims': (768, 5, 20), 'train_samples': 1284, 'num_classes': 3, 'language': 'en', 'missing_seed': (222, 2222, 22222), 'data_missing': True, 'deal_missing': False, 'need_data_aligned': False, 'need_model_aligned': False, 'need_normalized': False, 'use_bert': True, 'use_finetune': True, 'save_labels': False, 'early_stop': 8, 'update_epochs': 4, 'batch_size': 32, 'learning_rate_bert': 5e-05, 'learning_rate_audio': 0.001, 'learning_rate_video': 0.0001, 'learning_rate_other': 0.001, 'weight_decay_bert': 0.001, 'weight_decay_audio': 0.01, 'weight_decay_video': 0.001, 'weight_decay_other': 0.001, 'a_lstm_hidden_size': 32, 'v_lstm_hidden_size': 64, 'a_lstm_layers': 1, 'v_lstm_layers': 1, 'text_out': 768, 'audio_out': 16, 'video_out': 32, 'a_lstm_dropout': 0.0, 'v_lstm_dropout': 0.0, 't_bert_dropout': 0.1, 'd_model': 128, 'fusion_layers': 5, 'heads': 4, 'learnable_pos_emb': False, 'emb_dropout': 0.0, 'attn_dropout': 0.2, 'ff_dropout': 0.1, 'ff_expansion': 4, 'mpu_share': True, 'modality_share': True, 'layer_share': True, 'attn_act_fn': 'tanh', 'gmc_tokens_pred_dim': 128, 'text_pred_dim': 256, 'audio_pred_dim': 8, 'video_pred_dim': 16, 'recon_loss': 'SmoothL1Loss', 'loss_recon_weight': 1, 'loss_attra_weight': 0.9, 'use_uncertainty_weighted_attra': True, 'use_per_modal_uncertainty_weight': True, 'uncertainty_attra_alpha': 0.2, 'modal_attra_weights': {'gmc': 1.0, 'text': 1.1, 'audio': 1.0, 'video': 1.0}, 'uncertainty_reg_weight': 0.1, 'uncertainty_reg_margin': 1e-05, 'uncertainty_before_weight': 0.1, 'post_fusion_dim': 256, 'post_fusion_dropout': 0.3, 'H': 3.0, 'boundary_loss_weight': 0.1, 'cur_time': 3, 'model_save_path': 'results/mosi/emt-dlfr/run_once/models/emt-dlfr-mosi-regression-mr0.4-11111.pth', 'device': device(type='cuda', index=3), 'tasks': 'M'}>",111,73.76,73.83,74.24,74.39,38.63,35.42,105.43,56.14,-102.16,104.9
2026-02-18_05-33-23,emt-dlfr,"<Storage{'need_task_scheduling': False, 'is_tune': False, 'train_mode': 'regression', 'modelName': 'emt-dlfr', 'datasetName': 'mosi', 'num_workers': 4, 'model_save_dir': 'results/mosi/emt-dlfr/run_once/models', 'res_save_dir': 'results/mosi/emt-dlfr/run_once/results', 'gpu_ids': [3], 'missing_rates': array([0. , 0.1, 0.2, 0.3, 0.4, 0.5, 0.6, 0.7, 0.8, 0.9, 1. ]), 'seed': 11111, 'num_seeds': 3, 'exp_name': 'moe-uncertainty', 'diff_missing': None, 'KeyEval': 'Loss', 'save_model': True, 'unified_missing': False, 'use_normalized_data': False, 'seeds': [111, 1111, 11111], 'missing_rate': (0.4, 0.4, 0.4), 'dataPath': '/mnt/HDD2/teng/Master-23/sjc/work2/EMT-DLFR-master-based/MMSA/Datasets/MOSI/Processed/unaligned_50.pkl', 'seq_lens': (50, 375, 500), 'feature_dims': (768, 5, 20), 'train_samples': 1284, 'num_classes': 3, 'language': 'en', 'missing_seed': (222, 2222, 22222), 'data_missing': True, 'deal_missing': False, 'need_data_aligned': False, 'need_model_aligned': False, 'need_normalized': False, 'use_bert': True, 'use_finetune': True, 'save_labels': False, 'early_stop': 8, 'update_epochs': 4, 'batch_size': 32, 'learning_rate_bert': 5e-05, 'learning_rate_audio': 0.001, 'learning_rate_video': 0.0001, 'learning_rate_other': 0.001, 'weight_decay_bert': 0.001, 'weight_decay_audio': 0.01, 'weight_decay_video': 0.001, 'weight_decay_other': 0.001, 'a_lstm_hidden_size': 32, 'v_lstm_hidden_size': 64, 'a_lstm_layers': 1, 'v_lstm_layers': 1, 'text_out': 768, 'audio_out': 16, 'video_out': 32, 'a_lstm_dropout': 0.0, 'v_lstm_dropout': 0.0, 't_bert_dropout': 0.1, 'd_model': 128, 'fusion_layers': 5, 'heads': 4, 'learnable_pos_emb': False, 'emb_dropout': 0.0, 'attn_dropout': 0.2, 'ff_dropout': 0.1, 'ff_expansion': 4, 'mpu_share': True, 'modality_share': True, 'layer_share': True, 'attn_act_fn': 'tanh', 'gmc_tokens_pred_dim': 128, 'text_pred_dim': 256, 'audio_pred_dim': 8, 'video_pred_dim': 16, 'recon_loss': 'SmoothL1Loss', 'loss_recon_weight': 1, 'loss_attra_weight': 0.9, 'use_uncertainty_weighted_attra': True, 'use_per_modal_uncertainty_weight': True, 'uncertainty_attra_alpha': 0.2, 'modal_attra_weights': {'gmc': 1.0, 'text': 1.1, 'audio': 1.0, 'video': 1.0}, 'uncertainty_reg_weight': 0.1, 'uncertainty_reg_margin': 1e-05, 'uncertainty_before_weight': 0.1, 'post_fusion_dim': 256, 'post_fusion_dropout': 0.3, 'H': 3.0, 'boundary_loss_weight': 0.1, 'cur_time': 3, 'model_save_path': 'results/mosi/emt-dlfr/run_once/models/emt-dlfr-mosi-regression-mr0.4-11111.pth', 'device': device(type='cuda', index=3), 'tasks': 'M'}>",1111,74.64,74.71,74.7,74.85,37.46,33.67,107.42,56.33,-77.59,108.45
2026-02-18_05-33-23,emt-dlfr,"<Storage{'need_task_scheduling': False, 'is_tune': False, 'train_mode': 'regression', 'modelName': 'emt-dlfr', 'datasetName': 'mosi', 'num_workers': 4, 'model_save_dir': 'results/mosi/emt-dlfr/run_once/models', 'res_save_dir': 'results/mosi/emt-dlfr/run_once/results', 'gpu_ids': [3], 'missing_rates': array([0. , 0.1, 0.2, 0.3, 0.4, 0.5, 0.6, 0.7, 0.8, 0.9, 1. ]), 'seed': 11111, 'num_seeds': 3, 'exp_name': 'moe-uncertainty', 'diff_missing': None, 'KeyEval': 'Loss', 'save_model': True, 'unified_missing': False, 'use_normalized_data': False, 'seeds': [111, 1111, 11111], 'missing_rate': (0.4, 0.4, 0.4), 'dataPath': '/mnt/HDD2/teng/Master-23/sjc/work2/EMT-DLFR-master-based/MMSA/Datasets/MOSI/Processed/unaligned_50.pkl', 'seq_lens': (50, 375, 500), 'feature_dims': (768, 5, 20), 'train_samples': 1284, 'num_classes': 3, 'language': 'en', 'missing_seed': (222, 2222, 22222), 'data_missing': True, 'deal_missing': False, 'need_data_aligned': False, 'need_model_aligned': False, 'need_normalized': False, 'use_bert': True, 'use_finetune': True, 'save_labels': False, 'early_stop': 8, 'update_epochs': 4, 'batch_size': 32, 'learning_rate_bert': 5e-05, 'learning_rate_audio': 0.001, 'learning_rate_video': 0.0001, 'learning_rate_other': 0.001, 'weight_decay_bert': 0.001, 'weight_decay_audio': 0.01, 'weight_decay_video': 0.001, 'weight_decay_other': 0.001, 'a_lstm_hidden_size': 32, 'v_lstm_hidden_size': 64, 'a_lstm_layers': 1, 'v_lstm_layers': 1, 'text_out': 768, 'audio_out': 16, 'video_out': 32, 'a_lstm_dropout': 0.0, 'v_lstm_dropout': 0.0, 't_bert_dropout': 0.1, 'd_model': 128, 'fusion_layers': 5, 'heads': 4, 'learnable_pos_emb': False, 'emb_dropout': 0.0, 'attn_dropout': 0.2, 'ff_dropout': 0.1, 'ff_expansion': 4, 'mpu_share': True, 'modality_share': True, 'layer_share': True, 'attn_act_fn': 'tanh', 'gmc_tokens_pred_dim': 128, 'text_pred_dim': 256, 'audio_pred_dim': 8, 'video_pred_dim': 16, 'recon_loss': 'SmoothL1Loss', 'loss_recon_weight': 1, 'loss_attra_weight': 0.9, 'use_uncertainty_weighted_attra': True, 'use_per_modal_uncertainty_weight': True, 'uncertainty_attra_alpha': 0.2, 'modal_attra_weights': {'gmc': 1.0, 'text': 1.1, 'audio': 1.0, 'video': 1.0}, 'uncertainty_reg_weight': 0.1, 'uncertainty_reg_margin': 1e-05, 'uncertainty_before_weight': 0.1, 'post_fusion_dim': 256, 'post_fusion_dropout': 0.3, 'H': 3.0, 'boundary_loss_weight': 0.1, 'cur_time': 3, 'model_save_path': 'results/mosi/emt-dlfr/run_once/models/emt-dlfr-mosi-regression-mr0.4-11111.pth', 'device': device(type='cuda', index=3), 'tasks': 'M'}>",11111,74.64,74.61,75.91,75.97,35.42,32.36,101.51,57.15,-88.99,100.96
2026-02-18_05-33-23,emt-dlfr,"<Storage{'need_task_scheduling': False, 'is_tune': False, 'train_mode': 'regression', 'modelName': 'emt-dlfr', 'datasetName': 'mosi', 'num_workers': 4, 'model_save_dir': 'results/mosi/emt-dlfr/run_once/models', 'res_save_dir': 'results/mosi/emt-dlfr/run_once/results', 'gpu_ids': [3], 'missing_rates': array([0. , 0.1, 0.2, 0.3, 0.4, 0.5, 0.6, 0.7, 0.8, 0.9, 1. ]), 'seed': 11111, 'num_seeds': 3, 'exp_name': 'moe-uncertainty', 'diff_missing': None, 'KeyEval': 'Loss', 'save_model': True, 'unified_missing': False, 'use_normalized_data': False, 'seeds': [111, 1111, 11111], 'missing_rate': (0.4, 0.4, 0.4), 'dataPath': '/mnt/HDD2/teng/Master-23/sjc/work2/EMT-DLFR-master-based/MMSA/Datasets/MOSI/Processed/unaligned_50.pkl', 'seq_lens': (50, 375, 500), 'feature_dims': (768, 5, 20), 'train_samples': 1284, 'num_classes': 3, 'language': 'en', 'missing_seed': (222, 2222, 22222), 'data_missing': True, 'deal_missing': False, 'need_data_aligned': False, 'need_model_aligned': False, 'need_normalized': False, 'use_bert': True, 'use_finetune': True, 'save_labels': False, 'early_stop': 8, 'update_epochs': 4, 'batch_size': 32, 'learning_rate_bert': 5e-05, 'learning_rate_audio': 0.001, 'learning_rate_video': 0.0001, 'learning_rate_other': 0.001, 'weight_decay_bert': 0.001, 'weight_decay_audio': 0.01, 'weight_decay_video': 0.001, 'weight_decay_other': 0.001, 'a_lstm_hidden_size': 32, 'v_lstm_hidden_size': 64, 'a_lstm_layers': 1, 'v_lstm_layers': 1, 'text_out': 768, 'audio_out': 16, 'video_out': 32, 'a_lstm_dropout': 0.0, 'v_lstm_dropout': 0.0, 't_bert_dropout': 0.1, 'd_model': 128, 'fusion_layers': 5, 'heads': 4, 'learnable_pos_emb': False, 'emb_dropout': 0.0, 'attn_dropout': 0.2, 'ff_dropout': 0.1, 'ff_expansion': 4, 'mpu_share': True, 'modality_share': True, 'layer_share': True, 'attn_act_fn': 'tanh', 'gmc_tokens_pred_dim': 128, 'text_pred_dim': 256, 'audio_pred_dim': 8, 'video_pred_dim': 16, 'recon_loss': 'SmoothL1Loss', 'loss_recon_weight': 1, 'loss_attra_weight': 0.9, 'use_uncertainty_weighted_attra': True, 'use_per_modal_uncertainty_weight': True, 'uncertainty_attra_alpha': 0.2, 'modal_attra_weights': {'gmc': 1.0, 'text': 1.1, 'audio': 1.0, 'video': 1.0}, 'uncertainty_reg_weight': 0.1, 'uncertainty_reg_margin': 1e-05, 'uncertainty_before_weight': 0.1, 'post_fusion_dim': 256, 'post_fusion_dropout': 0.3, 'H': 3.0, 'boundary_loss_weight': 0.1, 'cur_time': 3, 'model_save_path': 'results/mosi/emt-dlfr/run_once/models/emt-dlfr-mosi-regression-mr0.4-11111.pth', 'device': device(type='cuda', index=3), 'tasks': 'M'}>",<mean/std>,"(74.35, 0.41)","(74.38, 0.39)","(74.95, 0.7)","(75.07, 0.66)","(37.17, 1.33)","(33.82, 1.25)","(104.79, 2.46)","(56.54, 0.44)","(-89.58, 10.04)","(104.77, 3.06)"
2026-02-18_05-33-23,emt-dlfr,"<Storage{'need_task_scheduling': False, 'is_tune': False, 'train_mode': 'regression', 'modelName': 'emt-dlfr', 'datasetName': 'mosi', 'num_workers': 4, 'model_save_dir': 'results/mosi/emt-dlfr/run_once/models', 'res_save_dir': 'results/mosi/emt-dlfr/run_once/results', 'gpu_ids': [3], 'missing_rates': array([0. , 0.1, 0.2, 0.3, 0.4, 0.5, 0.6, 0.7, 0.8, 0.9, 1. ]), 'seed': 11111, 'num_seeds': 3, 'exp_name': 'moe-uncertainty', 'diff_missing': None, 'KeyEval': 'Loss', 'save_model': True, 'unified_missing': False, 'use_normalized_data': False, 'seeds': [111, 1111, 11111], 'missing_rate': (0.4, 0.4, 0.4), 'dataPath': '/mnt/HDD2/teng/Master-23/sjc/work2/EMT-DLFR-master-based/MMSA/Datasets/MOSI/Processed/unaligned_50.pkl', 'seq_lens': (50, 375, 500), 'feature_dims': (768, 5, 20), 'train_samples': 1284, 'num_classes': 3, 'language': 'en', 'missing_seed': (222, 2222, 22222), 'data_missing': True, 'deal_missing': False, 'need_data_aligned': False, 'need_model_aligned': False, 'need_normalized': False, 'use_bert': True, 'use_finetune': True, 'save_labels': False, 'early_stop': 8, 'update_epochs': 4, 'batch_size': 32, 'learning_rate_bert': 5e-05, 'learning_rate_audio': 0.001, 'learning_rate_video': 0.0001, 'learning_rate_other': 0.001, 'weight_decay_bert': 0.001, 'weight_decay_audio': 0.01, 'weight_decay_video': 0.001, 'weight_decay_other': 0.001, 'a_lstm_hidden_size': 32, 'v_lstm_hidden_size': 64, 'a_lstm_layers': 1, 'v_lstm_layers': 1, 'text_out': 768, 'audio_out': 16, 'video_out': 32, 'a_lstm_dropout': 0.0, 'v_lstm_dropout': 0.0, 't_bert_dropout': 0.1, 'd_model': 128, 'fusion_layers': 5, 'heads': 4, 'learnable_pos_emb': False, 'emb_dropout': 0.0, 'attn_dropout': 0.2, 'ff_dropout': 0.1, 'ff_expansion': 4, 'mpu_share': True, 'modality_share': True, 'layer_share': True, 'attn_act_fn': 'tanh', 'gmc_tokens_pred_dim': 128, 'text_pred_dim': 256, 'audio_pred_dim': 8, 'video_pred_dim': 16, 'recon_loss': 'SmoothL1Loss', 'loss_recon_weight': 1, 'loss_attra_weight': 0.9, 'use_uncertainty_weighted_attra': True, 'use_per_modal_uncertainty_weight': True, 'uncertainty_attra_alpha': 0.2, 'modal_attra_weights': {'gmc': 1.0, 'text': 1.1, 'audio': 1.0, 'video': 1.0}, 'uncertainty_reg_weight': 0.1, 'uncertainty_reg_margin': 1e-05, 'uncertainty_before_weight': 0.1, 'post_fusion_dim': 256, 'post_fusion_dropout': 0.3, 'H': 3.0, 'boundary_loss_weight': 0.1, 'cur_time': 3, 'model_save_path': 'results/mosi/emt-dlfr/run_once/models/emt-dlfr-mosi-regression-mr0.4-11111.pth', 'device': device(type='cuda', index=3), 'tasks': 'M'}>",<max/seed>,"(74.64, 1111)","(74.71, 1111)","(75.91, 11111)","(75.97, 11111)","(38.63, 111)","(35.42, 111)","(107.42, 1111)","(57.15, 11111)","(-77.59, 1111)","(108.45, 1111)"
2026-02-18_05-33-23,emt-dlfr,"<Storage{'need_task_scheduling': False, 'is_tune': False, 'train_mode': 'regression', 'modelName': 'emt-dlfr', 'datasetName': 'mosi', 'num_workers': 4, 'model_save_dir': 'results/mosi/emt-dlfr/run_once/models', 'res_save_dir': 'results/mosi/emt-dlfr/run_once/results', 'gpu_ids': [3], 'missing_rates': array([0. , 0.1, 0.2, 0.3, 0.4, 0.5, 0.6, 0.7, 0.8, 0.9, 1. ]), 'seed': 11111, 'num_seeds': 3, 'exp_name': 'moe-uncertainty', 'diff_missing': None, 'KeyEval': 'Loss', 'save_model': True, 'unified_missing': False, 'use_normalized_data': False, 'seeds': [111, 1111, 11111], 'missing_rate': (0.4, 0.4, 0.4), 'dataPath': '/mnt/HDD2/teng/Master-23/sjc/work2/EMT-DLFR-master-based/MMSA/Datasets/MOSI/Processed/unaligned_50.pkl', 'seq_lens': (50, 375, 500), 'feature_dims': (768, 5, 20), 'train_samples': 1284, 'num_classes': 3, 'language': 'en', 'missing_seed': (222, 2222, 22222), 'data_missing': True, 'deal_missing': False, 'need_data_aligned': False, 'need_model_aligned': False, 'need_normalized': False, 'use_bert': True, 'use_finetune': True, 'save_labels': False, 'early_stop': 8, 'update_epochs': 4, 'batch_size': 32, 'learning_rate_bert': 5e-05, 'learning_rate_audio': 0.001, 'learning_rate_video': 0.0001, 'learning_rate_other': 0.001, 'weight_decay_bert': 0.001, 'weight_decay_audio': 0.01, 'weight_decay_video': 0.001, 'weight_decay_other': 0.001, 'a_lstm_hidden_size': 32, 'v_lstm_hidden_size': 64, 'a_lstm_layers': 1, 'v_lstm_layers': 1, 'text_out': 768, 'audio_out': 16, 'video_out': 32, 'a_lstm_dropout': 0.0, 'v_lstm_dropout': 0.0, 't_bert_dropout': 0.1, 'd_model': 128, 'fusion_layers': 5, 'heads': 4, 'learnable_pos_emb': False, 'emb_dropout': 0.0, 'attn_dropout': 0.2, 'ff_dropout': 0.1, 'ff_expansion': 4, 'mpu_share': True, 'modality_share': True, 'layer_share': True, 'attn_act_fn': 'tanh', 'gmc_tokens_pred_dim': 128, 'text_pred_dim': 256, 'audio_pred_dim': 8, 'video_pred_dim': 16, 'recon_loss': 'SmoothL1Loss', 'loss_recon_weight': 1, 'loss_attra_weight': 0.9, 'use_uncertainty_weighted_attra': True, 'use_per_modal_uncertainty_weight': True, 'uncertainty_attra_alpha': 0.2, 'modal_attra_weights': {'gmc': 1.0, 'text': 1.1, 'audio': 1.0, 'video': 1.0}, 'uncertainty_reg_weight': 0.1, 'uncertainty_reg_margin': 1e-05, 'uncertainty_before_weight': 0.1, 'post_fusion_dim': 256, 'post_fusion_dropout': 0.3, 'H': 3.0, 'boundary_loss_weight': 0.1, 'cur_time': 3, 'model_save_path': 'results/mosi/emt-dlfr/run_once/models/emt-dlfr-mosi-regression-mr0.4-11111.pth', 'device': device(type='cuda', index=3), 'tasks': 'M'}>",<min/seed>,"(73.76, 111)","(73.83, 111)","(74.24, 111)","(74.39, 111)","(35.42, 11111)","(32.36, 11111)","(101.51, 11111)","(56.14, 111)","(-102.16, 111)","(100.96, 11111)"
2026-02-20_18-58-57,emt-dlfr,"<Storage{'need_task_scheduling': False, 'is_tune': False, 'train_mode': 'regression', 'modelName': 'emt-dlfr', 'datasetName': 'mosi', 'num_workers': 4, 'model_save_dir': 'results/mosi/emt-dlfr/run_once/models', 'res_save_dir': 'results/mosi/emt-dlfr/run_once/results', 'gpu_ids': [7], 'missing_rates': array([0. , 0.1, 0.2, 0.3, 0.4, 0.5, 0.6, 0.7, 0.8, 0.9, 1. ]), 'seed': 11111, 'num_seeds': 3, 'exp_name': 'moe-uncertainty', 'diff_missing': None, 'KeyEval': 'Loss', 'save_model': True, 'unified_missing': False, 'use_normalized_data': False, 'seeds': [111, 1111, 11111], 'missing_rate': (0.4, 0.4, 0.4), 'dataPath': '/mnt/HDD2/teng/Master-23/sjc/work2/EMT-DLFR-master-based/MMSA/Datasets/MOSI/Processed/unaligned_50.pkl', 'seq_lens': (50, 375, 500), 'feature_dims': (768, 5, 20), 'train_samples': 1284, 'num_classes': 3, 'language': 'en', 'missing_seed': (111, 1111, 11111), 'data_missing': True, 'deal_missing': False, 'need_data_aligned': False, 'need_model_aligned': False, 'need_normalized': False, 'use_bert': True, 'use_finetune': True, 'save_labels': False, 'early_stop': 8, 'update_epochs': 4, 'batch_size': 32, 'learning_rate_bert': 5e-05, 'learning_rate_audio': 0.001, 'learning_rate_video': 0.0001, 'learning_rate_other': 0.001, 'weight_decay_bert': 0.001, 'weight_decay_audio': 0.01, 'weight_decay_video': 0.001, 'weight_decay_other': 0.001, 'a_lstm_hidden_size': 32, 'v_lstm_hidden_size': 64, 'a_lstm_layers': 1, 'v_lstm_layers': 1, 'text_out': 768, 'audio_out': 16, 'video_out': 32, 'a_lstm_dropout': 0.0, 'v_lstm_dropout': 0.0, 't_bert_dropout': 0.1, 'd_model': 128, 'fusion_layers': 5, 'heads': 4, 'learnable_pos_emb': False, 'emb_dropout': 0.0, 'attn_dropout': 0.2, 'ff_dropout': 0.1, 'ff_expansion': 4, 'mpu_share': True, 'modality_share': True, 'layer_share': True, 'attn_act_fn': 'tanh', 'gmc_tokens_pred_dim': 128, 'text_pred_dim': 256, 'audio_pred_dim': 8, 'video_pred_dim': 16, 'recon_loss': 'SmoothL1Loss', 'loss_recon_weight': 1, 'loss_attra_weight': 1, 'use_uncertainty_weighted_attra': True, 'use_per_modal_uncertainty_weight': True, 'uncertainty_attra_alpha': 0.2, 'modal_attra_weights': {'gmc': 1.0, 'text': 1.1, 'audio': 1.0, 'video': 1.0}, 'uncertainty_reg_weight': 0.1, 'uncertainty_reg_margin': 1e-05, 'uncertainty_before_weight': 0.1, 'post_fusion_dim': 256, 'post_fusion_dropout': 0.3, 'H': 3.0, 'boundary_loss_weight': 0.1, 'cur_time': 3, 'model_save_path': 'results/mosi/emt-dlfr/run_once/models/emt-dlfr-mosi-regression-mr0.4-11111.pth', 'device': device(type='cuda', index=7), 'tasks': 'M'}>",111,74.2,74.27,74.7,74.84,38.48,33.82,104.37,56.93,-123.35,104.57
2026-02-20_18-58-57,emt-dlfr,"<Storage{'need_task_scheduling': False, 'is_tune': False, 'train_mode': 'regression', 'modelName': 'emt-dlfr', 'datasetName': 'mosi', 'num_workers': 4, 'model_save_dir': 'results/mosi/emt-dlfr/run_once/models', 'res_save_dir': 'results/mosi/emt-dlfr/run_once/results', 'gpu_ids': [7], 'missing_rates': array([0. , 0.1, 0.2, 0.3, 0.4, 0.5, 0.6, 0.7, 0.8, 0.9, 1. ]), 'seed': 11111, 'num_seeds': 3, 'exp_name': 'moe-uncertainty', 'diff_missing': None, 'KeyEval': 'Loss', 'save_model': True, 'unified_missing': False, 'use_normalized_data': False, 'seeds': [111, 1111, 11111], 'missing_rate': (0.4, 0.4, 0.4), 'dataPath': '/mnt/HDD2/teng/Master-23/sjc/work2/EMT-DLFR-master-based/MMSA/Datasets/MOSI/Processed/unaligned_50.pkl', 'seq_lens': (50, 375, 500), 'feature_dims': (768, 5, 20), 'train_samples': 1284, 'num_classes': 3, 'language': 'en', 'missing_seed': (111, 1111, 11111), 'data_missing': True, 'deal_missing': False, 'need_data_aligned': False, 'need_model_aligned': False, 'need_normalized': False, 'use_bert': True, 'use_finetune': True, 'save_labels': False, 'early_stop': 8, 'update_epochs': 4, 'batch_size': 32, 'learning_rate_bert': 5e-05, 'learning_rate_audio': 0.001, 'learning_rate_video': 0.0001, 'learning_rate_other': 0.001, 'weight_decay_bert': 0.001, 'weight_decay_audio': 0.01, 'weight_decay_video': 0.001, 'weight_decay_other': 0.001, 'a_lstm_hidden_size': 32, 'v_lstm_hidden_size': 64, 'a_lstm_layers': 1, 'v_lstm_layers': 1, 'text_out': 768, 'audio_out': 16, 'video_out': 32, 'a_lstm_dropout': 0.0, 'v_lstm_dropout': 0.0, 't_bert_dropout': 0.1, 'd_model': 128, 'fusion_layers': 5, 'heads': 4, 'learnable_pos_emb': False, 'emb_dropout': 0.0, 'attn_dropout': 0.2, 'ff_dropout': 0.1, 'ff_expansion': 4, 'mpu_share': True, 'modality_share': True, 'layer_share': True, 'attn_act_fn': 'tanh', 'gmc_tokens_pred_dim': 128, 'text_pred_dim': 256, 'audio_pred_dim': 8, 'video_pred_dim': 16, 'recon_loss': 'SmoothL1Loss', 'loss_recon_weight': 1, 'loss_attra_weight': 1, 'use_uncertainty_weighted_attra': True, 'use_per_modal_uncertainty_weight': True, 'uncertainty_attra_alpha': 0.2, 'modal_attra_weights': {'gmc': 1.0, 'text': 1.1, 'audio': 1.0, 'video': 1.0}, 'uncertainty_reg_weight': 0.1, 'uncertainty_reg_margin': 1e-05, 'uncertainty_before_weight': 0.1, 'post_fusion_dim': 256, 'post_fusion_dropout': 0.3, 'H': 3.0, 'boundary_loss_weight': 0.1, 'cur_time': 3, 'model_save_path': 'results/mosi/emt-dlfr/run_once/models/emt-dlfr-mosi-regression-mr0.4-11111.pth', 'device': device(type='cuda', index=7), 'tasks': 'M'}>",1111,71.87,71.87,73.17,73.27,37.32,33.24,101.83,56.1,-119.14,101.5
2026-02-20_18-58-57,emt-dlfr,"<Storage{'need_task_scheduling': False, 'is_tune': False, 'train_mode': 'regression', 'modelName': 'emt-dlfr', 'datasetName': 'mosi', 'num_workers': 4, 'model_save_dir': 'results/mosi/emt-dlfr/run_once/models', 'res_save_dir': 'results/mosi/emt-dlfr/run_once/results', 'gpu_ids': [7], 'missing_rates': array([0. , 0.1, 0.2, 0.3, 0.4, 0.5, 0.6, 0.7, 0.8, 0.9, 1. ]), 'seed': 11111, 'num_seeds': 3, 'exp_name': 'moe-uncertainty', 'diff_missing': None, 'KeyEval': 'Loss', 'save_model': True, 'unified_missing': False, 'use_normalized_data': False, 'seeds': [111, 1111, 11111], 'missing_rate': (0.4, 0.4, 0.4), 'dataPath': '/mnt/HDD2/teng/Master-23/sjc/work2/EMT-DLFR-master-based/MMSA/Datasets/MOSI/Processed/unaligned_50.pkl', 'seq_lens': (50, 375, 500), 'feature_dims': (768, 5, 20), 'train_samples': 1284, 'num_classes': 3, 'language': 'en', 'missing_seed': (111, 1111, 11111), 'data_missing': True, 'deal_missing': False, 'need_data_aligned': False, 'need_model_aligned': False, 'need_normalized': False, 'use_bert': True, 'use_finetune': True, 'save_labels': False, 'early_stop': 8, 'update_epochs': 4, 'batch_size': 32, 'learning_rate_bert': 5e-05, 'learning_rate_audio': 0.001, 'learning_rate_video': 0.0001, 'learning_rate_other': 0.001, 'weight_decay_bert': 0.001, 'weight_decay_audio': 0.01, 'weight_decay_video': 0.001, 'weight_decay_other': 0.001, 'a_lstm_hidden_size': 32, 'v_lstm_hidden_size': 64, 'a_lstm_layers': 1, 'v_lstm_layers': 1, 'text_out': 768, 'audio_out': 16, 'video_out': 32, 'a_lstm_dropout': 0.0, 'v_lstm_dropout': 0.0, 't_bert_dropout': 0.1, 'd_model': 128, 'fusion_layers': 5, 'heads': 4, 'learnable_pos_emb': False, 'emb_dropout': 0.0, 'attn_dropout': 0.2, 'ff_dropout': 0.1, 'ff_expansion': 4, 'mpu_share': True, 'modality_share': True, 'layer_share': True, 'attn_act_fn': 'tanh', 'gmc_tokens_pred_dim': 128, 'text_pred_dim': 256, 'audio_pred_dim': 8, 'video_pred_dim': 16, 'recon_loss': 'SmoothL1Loss', 'loss_recon_weight': 1, 'loss_attra_weight': 1, 'use_uncertainty_weighted_attra': True, 'use_per_modal_uncertainty_weight': True, 'uncertainty_attra_alpha': 0.2, 'modal_attra_weights': {'gmc': 1.0, 'text': 1.1, 'audio': 1.0, 'video': 1.0}, 'uncertainty_reg_weight': 0.1, 'uncertainty_reg_margin': 1e-05, 'uncertainty_before_weight': 0.1, 'post_fusion_dim': 256, 'post_fusion_dropout': 0.3, 'H': 3.0, 'boundary_loss_weight': 0.1, 'cur_time': 3, 'model_save_path': 'results/mosi/emt-dlfr/run_once/models/emt-dlfr-mosi-regression-mr0.4-11111.pth', 'device': device(type='cuda', index=7), 'tasks': 'M'}>",11111,73.32,73.4,73.63,73.79,35.57,32.07,104.53,57.3,-112.56,104.12
2026-02-20_18-58-57,emt-dlfr,"<Storage{'need_task_scheduling': False, 'is_tune': False, 'train_mode': 'regression', 'modelName': 'emt-dlfr', 'datasetName': 'mosi', 'num_workers': 4, 'model_save_dir': 'results/mosi/emt-dlfr/run_once/models', 'res_save_dir': 'results/mosi/emt-dlfr/run_once/results', 'gpu_ids': [7], 'missing_rates': array([0. , 0.1, 0.2, 0.3, 0.4, 0.5, 0.6, 0.7, 0.8, 0.9, 1. ]), 'seed': 11111, 'num_seeds': 3, 'exp_name': 'moe-uncertainty', 'diff_missing': None, 'KeyEval': 'Loss', 'save_model': True, 'unified_missing': False, 'use_normalized_data': False, 'seeds': [111, 1111, 11111], 'missing_rate': (0.4, 0.4, 0.4), 'dataPath': '/mnt/HDD2/teng/Master-23/sjc/work2/EMT-DLFR-master-based/MMSA/Datasets/MOSI/Processed/unaligned_50.pkl', 'seq_lens': (50, 375, 500), 'feature_dims': (768, 5, 20), 'train_samples': 1284, 'num_classes': 3, 'language': 'en', 'missing_seed': (111, 1111, 11111), 'data_missing': True, 'deal_missing': False, 'need_data_aligned': False, 'need_model_aligned': False, 'need_normalized': False, 'use_bert': True, 'use_finetune': True, 'save_labels': False, 'early_stop': 8, 'update_epochs': 4, 'batch_size': 32, 'learning_rate_bert': 5e-05, 'learning_rate_audio': 0.001, 'learning_rate_video': 0.0001, 'learning_rate_other': 0.001, 'weight_decay_bert': 0.001, 'weight_decay_audio': 0.01, 'weight_decay_video': 0.001, 'weight_decay_other': 0.001, 'a_lstm_hidden_size': 32, 'v_lstm_hidden_size': 64, 'a_lstm_layers': 1, 'v_lstm_layers': 1, 'text_out': 768, 'audio_out': 16, 'video_out': 32, 'a_lstm_dropout': 0.0, 'v_lstm_dropout': 0.0, 't_bert_dropout': 0.1, 'd_model': 128, 'fusion_layers': 5, 'heads': 4, 'learnable_pos_emb': False, 'emb_dropout': 0.0, 'attn_dropout': 0.2, 'ff_dropout': 0.1, 'ff_expansion': 4, 'mpu_share': True, 'modality_share': True, 'layer_share': True, 'attn_act_fn': 'tanh', 'gmc_tokens_pred_dim': 128, 'text_pred_dim': 256, 'audio_pred_dim': 8, 'video_pred_dim': 16, 'recon_loss': 'SmoothL1Loss', 'loss_recon_weight': 1, 'loss_attra_weight': 1, 'use_uncertainty_weighted_attra': True, 'use_per_modal_uncertainty_weight': True, 'uncertainty_attra_alpha': 0.2, 'modal_attra_weights': {'gmc': 1.0, 'text': 1.1, 'audio': 1.0, 'video': 1.0}, 'uncertainty_reg_weight': 0.1, 'uncertainty_reg_margin': 1e-05, 'uncertainty_before_weight': 0.1, 'post_fusion_dim': 256, 'post_fusion_dropout': 0.3, 'H': 3.0, 'boundary_loss_weight': 0.1, 'cur_time': 3, 'model_save_path': 'results/mosi/emt-dlfr/run_once/models/emt-dlfr-mosi-regression-mr0.4-11111.pth', 'device': device(type='cuda', index=7), 'tasks': 'M'}>",<mean/std>,"(73.13, 0.96)","(73.18, 0.99)","(73.83, 0.64)","(73.97, 0.65)","(37.12, 1.2)","(33.04, 0.73)","(103.58, 1.24)","(56.78, 0.5)","(-118.35, 4.44)","(103.4, 1.35)"
2026-02-20_18-58-57,emt-dlfr,"<Storage{'need_task_scheduling': False, 'is_tune': False, 'train_mode': 'regression', 'modelName': 'emt-dlfr', 'datasetName': 'mosi', 'num_workers': 4, 'model_save_dir': 'results/mosi/emt-dlfr/run_once/models', 'res_save_dir': 'results/mosi/emt-dlfr/run_once/results', 'gpu_ids': [7], 'missing_rates': array([0. , 0.1, 0.2, 0.3, 0.4, 0.5, 0.6, 0.7, 0.8, 0.9, 1. ]), 'seed': 11111, 'num_seeds': 3, 'exp_name': 'moe-uncertainty', 'diff_missing': None, 'KeyEval': 'Loss', 'save_model': True, 'unified_missing': False, 'use_normalized_data': False, 'seeds': [111, 1111, 11111], 'missing_rate': (0.4, 0.4, 0.4), 'dataPath': '/mnt/HDD2/teng/Master-23/sjc/work2/EMT-DLFR-master-based/MMSA/Datasets/MOSI/Processed/unaligned_50.pkl', 'seq_lens': (50, 375, 500), 'feature_dims': (768, 5, 20), 'train_samples': 1284, 'num_classes': 3, 'language': 'en', 'missing_seed': (111, 1111, 11111), 'data_missing': True, 'deal_missing': False, 'need_data_aligned': False, 'need_model_aligned': False, 'need_normalized': False, 'use_bert': True, 'use_finetune': True, 'save_labels': False, 'early_stop': 8, 'update_epochs': 4, 'batch_size': 32, 'learning_rate_bert': 5e-05, 'learning_rate_audio': 0.001, 'learning_rate_video': 0.0001, 'learning_rate_other': 0.001, 'weight_decay_bert': 0.001, 'weight_decay_audio': 0.01, 'weight_decay_video': 0.001, 'weight_decay_other': 0.001, 'a_lstm_hidden_size': 32, 'v_lstm_hidden_size': 64, 'a_lstm_layers': 1, 'v_lstm_layers': 1, 'text_out': 768, 'audio_out': 16, 'video_out': 32, 'a_lstm_dropout': 0.0, 'v_lstm_dropout': 0.0, 't_bert_dropout': 0.1, 'd_model': 128, 'fusion_layers': 5, 'heads': 4, 'learnable_pos_emb': False, 'emb_dropout': 0.0, 'attn_dropout': 0.2, 'ff_dropout': 0.1, 'ff_expansion': 4, 'mpu_share': True, 'modality_share': True, 'layer_share': True, 'attn_act_fn': 'tanh', 'gmc_tokens_pred_dim': 128, 'text_pred_dim': 256, 'audio_pred_dim': 8, 'video_pred_dim': 16, 'recon_loss': 'SmoothL1Loss', 'loss_recon_weight': 1, 'loss_attra_weight': 1, 'use_uncertainty_weighted_attra': True, 'use_per_modal_uncertainty_weight': True, 'uncertainty_attra_alpha': 0.2, 'modal_attra_weights': {'gmc': 1.0, 'text': 1.1, 'audio': 1.0, 'video': 1.0}, 'uncertainty_reg_weight': 0.1, 'uncertainty_reg_margin': 1e-05, 'uncertainty_before_weight': 0.1, 'post_fusion_dim': 256, 'post_fusion_dropout': 0.3, 'H': 3.0, 'boundary_loss_weight': 0.1, 'cur_time': 3, 'model_save_path': 'results/mosi/emt-dlfr/run_once/models/emt-dlfr-mosi-regression-mr0.4-11111.pth', 'device': device(type='cuda', index=7), 'tasks': 'M'}>",<max/seed>,"(74.2, 111)","(74.27, 111)","(74.7, 111)","(74.84, 111)","(38.48, 111)","(33.82, 111)","(104.53, 11111)","(57.3, 11111)","(-112.56, 11111)","(104.57, 111)"
2026-02-20_18-58-57,emt-dlfr,"<Storage{'need_task_scheduling': False, 'is_tune': False, 'train_mode': 'regression', 'modelName': 'emt-dlfr', 'datasetName': 'mosi', 'num_workers': 4, 'model_save_dir': 'results/mosi/emt-dlfr/run_once/models', 'res_save_dir': 'results/mosi/emt-dlfr/run_once/results', 'gpu_ids': [7], 'missing_rates': array([0. , 0.1, 0.2, 0.3, 0.4, 0.5, 0.6, 0.7, 0.8, 0.9, 1. ]), 'seed': 11111, 'num_seeds': 3, 'exp_name': 'moe-uncertainty', 'diff_missing': None, 'KeyEval': 'Loss', 'save_model': True, 'unified_missing': False, 'use_normalized_data': False, 'seeds': [111, 1111, 11111], 'missing_rate': (0.4, 0.4, 0.4), 'dataPath': '/mnt/HDD2/teng/Master-23/sjc/work2/EMT-DLFR-master-based/MMSA/Datasets/MOSI/Processed/unaligned_50.pkl', 'seq_lens': (50, 375, 500), 'feature_dims': (768, 5, 20), 'train_samples': 1284, 'num_classes': 3, 'language': 'en', 'missing_seed': (111, 1111, 11111), 'data_missing': True, 'deal_missing': False, 'need_data_aligned': False, 'need_model_aligned': False, 'need_normalized': False, 'use_bert': True, 'use_finetune': True, 'save_labels': False, 'early_stop': 8, 'update_epochs': 4, 'batch_size': 32, 'learning_rate_bert': 5e-05, 'learning_rate_audio': 0.001, 'learning_rate_video': 0.0001, 'learning_rate_other': 0.001, 'weight_decay_bert': 0.001, 'weight_decay_audio': 0.01, 'weight_decay_video': 0.001, 'weight_decay_other': 0.001, 'a_lstm_hidden_size': 32, 'v_lstm_hidden_size': 64, 'a_lstm_layers': 1, 'v_lstm_layers': 1, 'text_out': 768, 'audio_out': 16, 'video_out': 32, 'a_lstm_dropout': 0.0, 'v_lstm_dropout': 0.0, 't_bert_dropout': 0.1, 'd_model': 128, 'fusion_layers': 5, 'heads': 4, 'learnable_pos_emb': False, 'emb_dropout': 0.0, 'attn_dropout': 0.2, 'ff_dropout': 0.1, 'ff_expansion': 4, 'mpu_share': True, 'modality_share': True, 'layer_share': True, 'attn_act_fn': 'tanh', 'gmc_tokens_pred_dim': 128, 'text_pred_dim': 256, 'audio_pred_dim': 8, 'video_pred_dim': 16, 'recon_loss': 'SmoothL1Loss', 'loss_recon_weight': 1, 'loss_attra_weight': 1, 'use_uncertainty_weighted_attra': True, 'use_per_modal_uncertainty_weight': True, 'uncertainty_attra_alpha': 0.2, 'modal_attra_weights': {'gmc': 1.0, 'text': 1.1, 'audio': 1.0, 'video': 1.0}, 'uncertainty_reg_weight': 0.1, 'uncertainty_reg_margin': 1e-05, 'uncertainty_before_weight': 0.1, 'post_fusion_dim': 256, 'post_fusion_dropout': 0.3, 'H': 3.0, 'boundary_loss_weight': 0.1, 'cur_time': 3, 'model_save_path': 'results/mosi/emt-dlfr/run_once/models/emt-dlfr-mosi-regression-mr0.4-11111.pth', 'device': device(type='cuda', index=7), 'tasks': 'M'}>",<min/seed>,"(71.87, 1111)","(71.87, 1111)","(73.17, 1111)","(73.27, 1111)","(35.57, 11111)","(32.07, 11111)","(101.83, 1111)","(56.1, 1111)","(-123.35, 111)","(101.5, 1111)"
2026-02-21_04-41-51,emt-dlfr,"<Storage{'need_task_scheduling': False, 'is_tune': False, 'train_mode': 'regression', 'modelName': 'emt-dlfr', 'datasetName': 'mosi', 'num_workers': 4, 'model_save_dir': 'results/mosi/emt-dlfr/run_once/models', 'res_save_dir': 'results/mosi/emt-dlfr/run_once/results', 'gpu_ids': [6], 'missing_rates': array([0. , 0.1, 0.2, 0.3, 0.4, 0.5, 0.6, 0.7, 0.8, 0.9, 1. ]), 'seed': 11111, 'num_seeds': 3, 'exp_name': 'moe-uncertainty', 'diff_missing': None, 'KeyEval': 'Loss', 'save_model': True, 'unified_missing': False, 'use_normalized_data': False, 'seeds': [111, 1111, 11111], 'missing_rate': (0.4, 0.4, 0.4), 'dataPath': '/mnt/HDD2/teng/Master-23/sjc/work2/EMT-DLFR-master-based/MMSA/Datasets/MOSI/Processed/unaligned_50.pkl', 'seq_lens': (50, 375, 500), 'feature_dims': (768, 5, 20), 'train_samples': 1284, 'num_classes': 3, 'language': 'en', 'missing_seed': (111, 1111, 11111), 'data_missing': True, 'deal_missing': False, 'need_data_aligned': False, 'need_model_aligned': False, 'need_normalized': False, 'use_bert': True, 'use_finetune': True, 'save_labels': False, 'early_stop': 8, 'update_epochs': 4, 'batch_size': 32, 'learning_rate_bert': 5e-05, 'learning_rate_audio': 0.001, 'learning_rate_video': 0.0001, 'learning_rate_other': 0.001, 'weight_decay_bert': 0.001, 'weight_decay_audio': 0.01, 'weight_decay_video': 0.001, 'weight_decay_other': 0.001, 'a_lstm_hidden_size': 32, 'v_lstm_hidden_size': 64, 'a_lstm_layers': 1, 'v_lstm_layers': 1, 'text_out': 768, 'audio_out': 16, 'video_out': 32, 'a_lstm_dropout': 0.0, 'v_lstm_dropout': 0.0, 't_bert_dropout': 0.1, 'd_model': 128, 'fusion_layers': 5, 'heads': 4, 'learnable_pos_emb': False, 'emb_dropout': 0.0, 'attn_dropout': 0.2, 'ff_dropout': 0.1, 'ff_expansion': 4, 'mpu_share': True, 'modality_share': True, 'layer_share': True, 'attn_act_fn': 'tanh', 'gmc_tokens_pred_dim': 128, 'text_pred_dim': 256, 'audio_pred_dim': 8, 'video_pred_dim': 16, 'recon_loss': 'SmoothL1Loss', 'loss_recon_weight': 1, 'loss_attra_weight': 1, 'use_uncertainty_weighted_attra': True, 'use_per_modal_uncertainty_weight': True, 'uncertainty_attra_alpha': 0.2, 'modal_attra_weights': {'gmc': 1.0, 'text': 1.1, 'audio': 1.0, 'video': 1.0}, 'uncertainty_reg_weight': 0.1, 'uncertainty_reg_margin': 1e-05, 'uncertainty_before_weight': 0.1, 'post_fusion_dim': 256, 'post_fusion_dropout': 0.3, 'H': 3.0, 'boundary_loss_weight': 0.1, 'cur_time': 3, 'model_save_path': 'results/mosi/emt-dlfr/run_once/models/emt-dlfr-mosi-regression-mr0.4-11111.pth', 'device': device(type='cuda', index=6), 'tasks': 'M'}>",111,73.91,73.96,74.24,74.36,36.88,33.09,102.45,57.78,-132.17,103.61
2026-02-21_04-41-51,emt-dlfr,"<Storage{'need_task_scheduling': False, 'is_tune': False, 'train_mode': 'regression', 'modelName': 'emt-dlfr', 'datasetName': 'mosi', 'num_workers': 4, 'model_save_dir': 'results/mosi/emt-dlfr/run_once/models', 'res_save_dir': 'results/mosi/emt-dlfr/run_once/results', 'gpu_ids': [6], 'missing_rates': array([0. , 0.1, 0.2, 0.3, 0.4, 0.5, 0.6, 0.7, 0.8, 0.9, 1. ]), 'seed': 11111, 'num_seeds': 3, 'exp_name': 'moe-uncertainty', 'diff_missing': None, 'KeyEval': 'Loss', 'save_model': True, 'unified_missing': False, 'use_normalized_data': False, 'seeds': [111, 1111, 11111], 'missing_rate': (0.4, 0.4, 0.4), 'dataPath': '/mnt/HDD2/teng/Master-23/sjc/work2/EMT-DLFR-master-based/MMSA/Datasets/MOSI/Processed/unaligned_50.pkl', 'seq_lens': (50, 375, 500), 'feature_dims': (768, 5, 20), 'train_samples': 1284, 'num_classes': 3, 'language': 'en', 'missing_seed': (111, 1111, 11111), 'data_missing': True, 'deal_missing': False, 'need_data_aligned': False, 'need_model_aligned': False, 'need_normalized': False, 'use_bert': True, 'use_finetune': True, 'save_labels': False, 'early_stop': 8, 'update_epochs': 4, 'batch_size': 32, 'learning_rate_bert': 5e-05, 'learning_rate_audio': 0.001, 'learning_rate_video': 0.0001, 'learning_rate_other': 0.001, 'weight_decay_bert': 0.001, 'weight_decay_audio': 0.01, 'weight_decay_video': 0.001, 'weight_decay_other': 0.001, 'a_lstm_hidden_size': 32, 'v_lstm_hidden_size': 64, 'a_lstm_layers': 1, 'v_lstm_layers': 1, 'text_out': 768, 'audio_out': 16, 'video_out': 32, 'a_lstm_dropout': 0.0, 'v_lstm_dropout': 0.0, 't_bert_dropout': 0.1, 'd_model': 128, 'fusion_layers': 5, 'heads': 4, 'learnable_pos_emb': False, 'emb_dropout': 0.0, 'attn_dropout': 0.2, 'ff_dropout': 0.1, 'ff_expansion': 4, 'mpu_share': True, 'modality_share': True, 'layer_share': True, 'attn_act_fn': 'tanh', 'gmc_tokens_pred_dim': 128, 'text_pred_dim': 256, 'audio_pred_dim': 8, 'video_pred_dim': 16, 'recon_loss': 'SmoothL1Loss', 'loss_recon_weight': 1, 'loss_attra_weight': 1, 'use_uncertainty_weighted_attra': True, 'use_per_modal_uncertainty_weight': True, 'uncertainty_attra_alpha': 0.2, 'modal_attra_weights': {'gmc': 1.0, 'text': 1.1, 'audio': 1.0, 'video': 1.0}, 'uncertainty_reg_weight': 0.1, 'uncertainty_reg_margin': 1e-05, 'uncertainty_before_weight': 0.1, 'post_fusion_dim': 256, 'post_fusion_dropout': 0.3, 'H': 3.0, 'boundary_loss_weight': 0.1, 'cur_time': 3, 'model_save_path': 'results/mosi/emt-dlfr/run_once/models/emt-dlfr-mosi-regression-mr0.4-11111.pth', 'device': device(type='cuda', index=6), 'tasks': 'M'}>",1111,73.03,73.0,73.78,73.82,37.03,33.09,102.67,57.32,-122.7,102.35
2026-02-21_04-41-51,emt-dlfr,"<Storage{'need_task_scheduling': False, 'is_tune': False, 'train_mode': 'regression', 'modelName': 'emt-dlfr', 'datasetName': 'mosi', 'num_workers': 4, 'model_save_dir': 'results/mosi/emt-dlfr/run_once/models', 'res_save_dir': 'results/mosi/emt-dlfr/run_once/results', 'gpu_ids': [6], 'missing_rates': array([0. , 0.1, 0.2, 0.3, 0.4, 0.5, 0.6, 0.7, 0.8, 0.9, 1. ]), 'seed': 11111, 'num_seeds': 3, 'exp_name': 'moe-uncertainty', 'diff_missing': None, 'KeyEval': 'Loss', 'save_model': True, 'unified_missing': False, 'use_normalized_data': False, 'seeds': [111, 1111, 11111], 'missing_rate': (0.4, 0.4, 0.4), 'dataPath': '/mnt/HDD2/teng/Master-23/sjc/work2/EMT-DLFR-master-based/MMSA/Datasets/MOSI/Processed/unaligned_50.pkl', 'seq_lens': (50, 375, 500), 'feature_dims': (768, 5, 20), 'train_samples': 1284, 'num_classes': 3, 'language': 'en', 'missing_seed': (111, 1111, 11111), 'data_missing': True, 'deal_missing': False, 'need_data_aligned': False, 'need_model_aligned': False, 'need_normalized': False, 'use_bert': True, 'use_finetune': True, 'save_labels': False, 'early_stop': 8, 'update_epochs': 4, 'batch_size': 32, 'learning_rate_bert': 5e-05, 'learning_rate_audio': 0.001, 'learning_rate_video': 0.0001, 'learning_rate_other': 0.001, 'weight_decay_bert': 0.001, 'weight_decay_audio': 0.01, 'weight_decay_video': 0.001, 'weight_decay_other': 0.001, 'a_lstm_hidden_size': 32, 'v_lstm_hidden_size': 64, 'a_lstm_layers': 1, 'v_lstm_layers': 1, 'text_out': 768, 'audio_out': 16, 'video_out': 32, 'a_lstm_dropout': 0.0, 'v_lstm_dropout': 0.0, 't_bert_dropout': 0.1, 'd_model': 128, 'fusion_layers': 5, 'heads': 4, 'learnable_pos_emb': False, 'emb_dropout': 0.0, 'attn_dropout': 0.2, 'ff_dropout': 0.1, 'ff_expansion': 4, 'mpu_share': True, 'modality_share': True, 'layer_share': True, 'attn_act_fn': 'tanh', 'gmc_tokens_pred_dim': 128, 'text_pred_dim': 256, 'audio_pred_dim': 8, 'video_pred_dim': 16, 'recon_loss': 'SmoothL1Loss', 'loss_recon_weight': 1, 'loss_attra_weight': 1, 'use_uncertainty_weighted_attra': True, 'use_per_modal_uncertainty_weight': True, 'uncertainty_attra_alpha': 0.2, 'modal_attra_weights': {'gmc': 1.0, 'text': 1.1, 'audio': 1.0, 'video': 1.0}, 'uncertainty_reg_weight': 0.1, 'uncertainty_reg_margin': 1e-05, 'uncertainty_before_weight': 0.1, 'post_fusion_dim': 256, 'post_fusion_dropout': 0.3, 'H': 3.0, 'boundary_loss_weight': 0.1, 'cur_time': 3, 'model_save_path': 'results/mosi/emt-dlfr/run_once/models/emt-dlfr-mosi-regression-mr0.4-11111.pth', 'device': device(type='cuda', index=6), 'tasks': 'M'}>",11111,73.03,73.07,73.93,74.05,39.07,35.71,100.86,57.43,-130.35,100.08
2026-02-21_04-41-51,emt-dlfr,"<Storage{'need_task_scheduling': False, 'is_tune': False, 'train_mode': 'regression', 'modelName': 'emt-dlfr', 'datasetName': 'mosi', 'num_workers': 4, 'model_save_dir': 'results/mosi/emt-dlfr/run_once/models', 'res_save_dir': 'results/mosi/emt-dlfr/run_once/results', 'gpu_ids': [6], 'missing_rates': array([0. , 0.1, 0.2, 0.3, 0.4, 0.5, 0.6, 0.7, 0.8, 0.9, 1. ]), 'seed': 11111, 'num_seeds': 3, 'exp_name': 'moe-uncertainty', 'diff_missing': None, 'KeyEval': 'Loss', 'save_model': True, 'unified_missing': False, 'use_normalized_data': False, 'seeds': [111, 1111, 11111], 'missing_rate': (0.4, 0.4, 0.4), 'dataPath': '/mnt/HDD2/teng/Master-23/sjc/work2/EMT-DLFR-master-based/MMSA/Datasets/MOSI/Processed/unaligned_50.pkl', 'seq_lens': (50, 375, 500), 'feature_dims': (768, 5, 20), 'train_samples': 1284, 'num_classes': 3, 'language': 'en', 'missing_seed': (111, 1111, 11111), 'data_missing': True, 'deal_missing': False, 'need_data_aligned': False, 'need_model_aligned': False, 'need_normalized': False, 'use_bert': True, 'use_finetune': True, 'save_labels': False, 'early_stop': 8, 'update_epochs': 4, 'batch_size': 32, 'learning_rate_bert': 5e-05, 'learning_rate_audio': 0.001, 'learning_rate_video': 0.0001, 'learning_rate_other': 0.001, 'weight_decay_bert': 0.001, 'weight_decay_audio': 0.01, 'weight_decay_video': 0.001, 'weight_decay_other': 0.001, 'a_lstm_hidden_size': 32, 'v_lstm_hidden_size': 64, 'a_lstm_layers': 1, 'v_lstm_layers': 1, 'text_out': 768, 'audio_out': 16, 'video_out': 32, 'a_lstm_dropout': 0.0, 'v_lstm_dropout': 0.0, 't_bert_dropout': 0.1, 'd_model': 128, 'fusion_layers': 5, 'heads': 4, 'learnable_pos_emb': False, 'emb_dropout': 0.0, 'attn_dropout': 0.2, 'ff_dropout': 0.1, 'ff_expansion': 4, 'mpu_share': True, 'modality_share': True, 'layer_share': True, 'attn_act_fn': 'tanh', 'gmc_tokens_pred_dim': 128, 'text_pred_dim': 256, 'audio_pred_dim': 8, 'video_pred_dim': 16, 'recon_loss': 'SmoothL1Loss', 'loss_recon_weight': 1, 'loss_attra_weight': 1, 'use_uncertainty_weighted_attra': True, 'use_per_modal_uncertainty_weight': True, 'uncertainty_attra_alpha': 0.2, 'modal_attra_weights': {'gmc': 1.0, 'text': 1.1, 'audio': 1.0, 'video': 1.0}, 'uncertainty_reg_weight': 0.1, 'uncertainty_reg_margin': 1e-05, 'uncertainty_before_weight': 0.1, 'post_fusion_dim': 256, 'post_fusion_dropout': 0.3, 'H': 3.0, 'boundary_loss_weight': 0.1, 'cur_time': 3, 'model_save_path': 'results/mosi/emt-dlfr/run_once/models/emt-dlfr-mosi-regression-mr0.4-11111.pth', 'device': device(type='cuda', index=6), 'tasks': 'M'}>",<mean/std>,"(73.32, 0.41)","(73.34, 0.44)","(73.98, 0.19)","(74.08, 0.22)","(37.66, 1.0)","(33.96, 1.24)","(101.99, 0.81)","(57.51, 0.2)","(-128.41, 4.1)","(102.01, 1.46)"
2026-02-21_04-41-51,emt-dlfr,"<Storage{'need_task_scheduling': False, 'is_tune': False, 'train_mode': 'regression', 'modelName': 'emt-dlfr', 'datasetName': 'mosi', 'num_workers': 4, 'model_save_dir': 'results/mosi/emt-dlfr/run_once/models', 'res_save_dir': 'results/mosi/emt-dlfr/run_once/results', 'gpu_ids': [6], 'missing_rates': array([0. , 0.1, 0.2, 0.3, 0.4, 0.5, 0.6, 0.7, 0.8, 0.9, 1. ]), 'seed': 11111, 'num_seeds': 3, 'exp_name': 'moe-uncertainty', 'diff_missing': None, 'KeyEval': 'Loss', 'save_model': True, 'unified_missing': False, 'use_normalized_data': False, 'seeds': [111, 1111, 11111], 'missing_rate': (0.4, 0.4, 0.4), 'dataPath': '/mnt/HDD2/teng/Master-23/sjc/work2/EMT-DLFR-master-based/MMSA/Datasets/MOSI/Processed/unaligned_50.pkl', 'seq_lens': (50, 375, 500), 'feature_dims': (768, 5, 20), 'train_samples': 1284, 'num_classes': 3, 'language': 'en', 'missing_seed': (111, 1111, 11111), 'data_missing': True, 'deal_missing': False, 'need_data_aligned': False, 'need_model_aligned': False, 'need_normalized': False, 'use_bert': True, 'use_finetune': True, 'save_labels': False, 'early_stop': 8, 'update_epochs': 4, 'batch_size': 32, 'learning_rate_bert': 5e-05, 'learning_rate_audio': 0.001, 'learning_rate_video': 0.0001, 'learning_rate_other': 0.001, 'weight_decay_bert': 0.001, 'weight_decay_audio': 0.01, 'weight_decay_video': 0.001, 'weight_decay_other': 0.001, 'a_lstm_hidden_size': 32, 'v_lstm_hidden_size': 64, 'a_lstm_layers': 1, 'v_lstm_layers': 1, 'text_out': 768, 'audio_out': 16, 'video_out': 32, 'a_lstm_dropout': 0.0, 'v_lstm_dropout': 0.0, 't_bert_dropout': 0.1, 'd_model': 128, 'fusion_layers': 5, 'heads': 4, 'learnable_pos_emb': False, 'emb_dropout': 0.0, 'attn_dropout': 0.2, 'ff_dropout': 0.1, 'ff_expansion': 4, 'mpu_share': True, 'modality_share': True, 'layer_share': True, 'attn_act_fn': 'tanh', 'gmc_tokens_pred_dim': 128, 'text_pred_dim': 256, 'audio_pred_dim': 8, 'video_pred_dim': 16, 'recon_loss': 'SmoothL1Loss', 'loss_recon_weight': 1, 'loss_attra_weight': 1, 'use_uncertainty_weighted_attra': True, 'use_per_modal_uncertainty_weight': True, 'uncertainty_attra_alpha': 0.2, 'modal_attra_weights': {'gmc': 1.0, 'text': 1.1, 'audio': 1.0, 'video': 1.0}, 'uncertainty_reg_weight': 0.1, 'uncertainty_reg_margin': 1e-05, 'uncertainty_before_weight': 0.1, 'post_fusion_dim': 256, 'post_fusion_dropout': 0.3, 'H': 3.0, 'boundary_loss_weight': 0.1, 'cur_time': 3, 'model_save_path': 'results/mosi/emt-dlfr/run_once/models/emt-dlfr-mosi-regression-mr0.4-11111.pth', 'device': device(type='cuda', index=6), 'tasks': 'M'}>",<max/seed>,"(73.91, 111)","(73.96, 111)","(74.24, 111)","(74.36, 111)","(39.07, 11111)","(35.71, 11111)","(102.67, 1111)","(57.78, 111)","(-122.7, 1111)","(103.61, 111)"
2026-02-21_04-41-51,emt-dlfr,"<Storage{'need_task_scheduling': False, 'is_tune': False, 'train_mode': 'regression', 'modelName': 'emt-dlfr', 'datasetName': 'mosi', 'num_workers': 4, 'model_save_dir': 'results/mosi/emt-dlfr/run_once/models', 'res_save_dir': 'results/mosi/emt-dlfr/run_once/results', 'gpu_ids': [6], 'missing_rates': array([0. , 0.1, 0.2, 0.3, 0.4, 0.5, 0.6, 0.7, 0.8, 0.9, 1. ]), 'seed': 11111, 'num_seeds': 3, 'exp_name': 'moe-uncertainty', 'diff_missing': None, 'KeyEval': 'Loss', 'save_model': True, 'unified_missing': False, 'use_normalized_data': False, 'seeds': [111, 1111, 11111], 'missing_rate': (0.4, 0.4, 0.4), 'dataPath': '/mnt/HDD2/teng/Master-23/sjc/work2/EMT-DLFR-master-based/MMSA/Datasets/MOSI/Processed/unaligned_50.pkl', 'seq_lens': (50, 375, 500), 'feature_dims': (768, 5, 20), 'train_samples': 1284, 'num_classes': 3, 'language': 'en', 'missing_seed': (111, 1111, 11111), 'data_missing': True, 'deal_missing': False, 'need_data_aligned': False, 'need_model_aligned': False, 'need_normalized': False, 'use_bert': True, 'use_finetune': True, 'save_labels': False, 'early_stop': 8, 'update_epochs': 4, 'batch_size': 32, 'learning_rate_bert': 5e-05, 'learning_rate_audio': 0.001, 'learning_rate_video': 0.0001, 'learning_rate_other': 0.001, 'weight_decay_bert': 0.001, 'weight_decay_audio': 0.01, 'weight_decay_video': 0.001, 'weight_decay_other': 0.001, 'a_lstm_hidden_size': 32, 'v_lstm_hidden_size': 64, 'a_lstm_layers': 1, 'v_lstm_layers': 1, 'text_out': 768, 'audio_out': 16, 'video_out': 32, 'a_lstm_dropout': 0.0, 'v_lstm_dropout': 0.0, 't_bert_dropout': 0.1, 'd_model': 128, 'fusion_layers': 5, 'heads': 4, 'learnable_pos_emb': False, 'emb_dropout': 0.0, 'attn_dropout': 0.2, 'ff_dropout': 0.1, 'ff_expansion': 4, 'mpu_share': True, 'modality_share': True, 'layer_share': True, 'attn_act_fn': 'tanh', 'gmc_tokens_pred_dim': 128, 'text_pred_dim': 256, 'audio_pred_dim': 8, 'video_pred_dim': 16, 'recon_loss': 'SmoothL1Loss', 'loss_recon_weight': 1, 'loss_attra_weight': 1, 'use_uncertainty_weighted_attra': True, 'use_per_modal_uncertainty_weight': True, 'uncertainty_attra_alpha': 0.2, 'modal_attra_weights': {'gmc': 1.0, 'text': 1.1, 'audio': 1.0, 'video': 1.0}, 'uncertainty_reg_weight': 0.1, 'uncertainty_reg_margin': 1e-05, 'uncertainty_before_weight': 0.1, 'post_fusion_dim': 256, 'post_fusion_dropout': 0.3, 'H': 3.0, 'boundary_loss_weight': 0.1, 'cur_time': 3, 'model_save_path': 'results/mosi/emt-dlfr/run_once/models/emt-dlfr-mosi-regression-mr0.4-11111.pth', 'device': device(type='cuda', index=6), 'tasks': 'M'}>",<min/seed>,"(73.03, 1111)","(73.0, 1111)","(73.78, 1111)","(73.82, 1111)","(36.88, 111)","(33.09, 111)","(100.86, 11111)","(57.32, 1111)","(-132.17, 111)","(100.08, 11111)"
2026-02-26_18-55-05,emt-dlfr,"<Storage{'need_task_scheduling': False, 'is_tune': False, 'train_mode': 'regression', 'modelName': 'emt-dlfr', 'datasetName': 'mosi', 'num_workers': 4, 'model_save_dir': 'results/mosi/emt-dlfr/run_once/models', 'res_save_dir': 'results/mosi/emt-dlfr/run_once/results', 'gpu_ids': [5], 'missing_rates': array([0. , 0.1, 0.2, 0.3, 0.4, 0.5, 0.6, 0.7, 0.8, 0.9, 1. ]), 'seed': 11111, 'num_seeds': 3, 'exp_name': 'moe-uncertainty', 'diff_missing': None, 'KeyEval': 'Loss', 'save_model': True, 'unified_missing': False, 'use_normalized_data': False, 'seeds': [111, 1111, 11111], 'missing_rate': (0.4, 0.4, 0.4), 'dataPath': '/mnt/HDD2/teng/Master-23/sjc/work2/EMT-DLFR-master-based/MMSA/Datasets/MOSI/Processed/unaligned_50.pkl', 'seq_lens': (50, 375, 500), 'feature_dims': (768, 5, 20), 'train_samples': 1284, 'num_classes': 3, 'language': 'en', 'missing_seed': (111, 1111, 11111), 'data_missing': True, 'deal_missing': False, 'need_data_aligned': False, 'need_model_aligned': False, 'need_normalized': False, 'use_bert': True, 'use_finetune': True, 'save_labels': False, 'early_stop': 8, 'update_epochs': 4, 'batch_size': 32, 'learning_rate_bert': 5e-05, 'learning_rate_audio': 0.001, 'learning_rate_video': 0.0001, 'learning_rate_other': 0.001, 'weight_decay_bert': 0.001, 'weight_decay_audio': 0.01, 'weight_decay_video': 0.001, 'weight_decay_other': 0.001, 'a_lstm_hidden_size': 32, 'v_lstm_hidden_size': 64, 'a_lstm_layers': 1, 'v_lstm_layers': 1, 'text_out': 768, 'audio_out': 16, 'video_out': 32, 'a_lstm_dropout': 0.0, 'v_lstm_dropout': 0.0, 't_bert_dropout': 0.1, 'd_model': 128, 'fusion_layers': 5, 'heads': 4, 'learnable_pos_emb': False, 'emb_dropout': 0.0, 'attn_dropout': 0.2, 'ff_dropout': 0.1, 'ff_expansion': 4, 'mpu_share': True, 'modality_share': True, 'layer_share': True, 'attn_act_fn': 'tanh', 'gmc_tokens_pred_dim': 128, 'text_pred_dim': 256, 'audio_pred_dim': 8, 'video_pred_dim': 16, 'recon_loss': 'SmoothL1Loss', 'loss_recon_weight': 1, 'loss_attra_weight': 1, 'use_uncertainty_weighted_attra': True, 'use_per_modal_uncertainty_weight': True, 'uncertainty_attra_alpha': 0.2, 'modal_attra_weights': {'gmc': 1.0, 'text': 1.1, 'audio': 1.0, 'video': 1.0}, 'uncertainty_reg_weight': 0.1, 'uncertainty_reg_margin': 1e-05, 'uncertainty_before_weight': 0.1, 'kl_reg_weight': 0.001, 'post_fusion_dim': 256, 'post_fusion_dropout': 0.3, 'H': 3.0, 'boundary_loss_weight': 0.1, 'cur_time': 3, 'model_save_path': 'results/mosi/emt-dlfr/run_once/models/emt-dlfr-mosi-regression-mr0.4-11111.pth', 'device': device(type='cuda', index=5), 'tasks': 'M'}>",111,73.03,73.05,73.48,73.56,34.84,31.05,103.9,55.19,-129.77,104.16
2026-02-26_18-55-05,emt-dlfr,"<Storage{'need_task_scheduling': False, 'is_tune': False, 'train_mode': 'regression', 'modelName': 'emt-dlfr', 'datasetName': 'mosi', 'num_workers': 4, 'model_save_dir': 'results/mosi/emt-dlfr/run_once/models', 'res_save_dir': 'results/mosi/emt-dlfr/run_once/results', 'gpu_ids': [5], 'missing_rates': array([0. , 0.1, 0.2, 0.3, 0.4, 0.5, 0.6, 0.7, 0.8, 0.9, 1. ]), 'seed': 11111, 'num_seeds': 3, 'exp_name': 'moe-uncertainty', 'diff_missing': None, 'KeyEval': 'Loss', 'save_model': True, 'unified_missing': False, 'use_normalized_data': False, 'seeds': [111, 1111, 11111], 'missing_rate': (0.4, 0.4, 0.4), 'dataPath': '/mnt/HDD2/teng/Master-23/sjc/work2/EMT-DLFR-master-based/MMSA/Datasets/MOSI/Processed/unaligned_50.pkl', 'seq_lens': (50, 375, 500), 'feature_dims': (768, 5, 20), 'train_samples': 1284, 'num_classes': 3, 'language': 'en', 'missing_seed': (111, 1111, 11111), 'data_missing': True, 'deal_missing': False, 'need_data_aligned': False, 'need_model_aligned': False, 'need_normalized': False, 'use_bert': True, 'use_finetune': True, 'save_labels': False, 'early_stop': 8, 'update_epochs': 4, 'batch_size': 32, 'learning_rate_bert': 5e-05, 'learning_rate_audio': 0.001, 'learning_rate_video': 0.0001, 'learning_rate_other': 0.001, 'weight_decay_bert': 0.001, 'weight_decay_audio': 0.01, 'weight_decay_video': 0.001, 'weight_decay_other': 0.001, 'a_lstm_hidden_size': 32, 'v_lstm_hidden_size': 64, 'a_lstm_layers': 1, 'v_lstm_layers': 1, 'text_out': 768, 'audio_out': 16, 'video_out': 32, 'a_lstm_dropout': 0.0, 'v_lstm_dropout': 0.0, 't_bert_dropout': 0.1, 'd_model': 128, 'fusion_layers': 5, 'heads': 4, 'learnable_pos_emb': False, 'emb_dropout': 0.0, 'attn_dropout': 0.2, 'ff_dropout': 0.1, 'ff_expansion': 4, 'mpu_share': True, 'modality_share': True, 'layer_share': True, 'attn_act_fn': 'tanh', 'gmc_tokens_pred_dim': 128, 'text_pred_dim': 256, 'audio_pred_dim': 8, 'video_pred_dim': 16, 'recon_loss': 'SmoothL1Loss', 'loss_recon_weight': 1, 'loss_attra_weight': 1, 'use_uncertainty_weighted_attra': True, 'use_per_modal_uncertainty_weight': True, 'uncertainty_attra_alpha': 0.2, 'modal_attra_weights': {'gmc': 1.0, 'text': 1.1, 'audio': 1.0, 'video': 1.0}, 'uncertainty_reg_weight': 0.1, 'uncertainty_reg_margin': 1e-05, 'uncertainty_before_weight': 0.1, 'kl_reg_weight': 0.001, 'post_fusion_dim': 256, 'post_fusion_dropout': 0.3, 'H': 3.0, 'boundary_loss_weight': 0.1, 'cur_time': 3, 'model_save_path': 'results/mosi/emt-dlfr/run_once/models/emt-dlfr-mosi-regression-mr0.4-11111.pth', 'device': device(type='cuda', index=5), 'tasks': 'M'}>",1111,73.18,73.24,74.09,74.23,36.01,31.63,104.75,55.79,-130.9,104.34
2026-02-26_18-55-05,emt-dlfr,"<Storage{'need_task_scheduling': False, 'is_tune': False, 'train_mode': 'regression', 'modelName': 'emt-dlfr', 'datasetName': 'mosi', 'num_workers': 4, 'model_save_dir': 'results/mosi/emt-dlfr/run_once/models', 'res_save_dir': 'results/mosi/emt-dlfr/run_once/results', 'gpu_ids': [5], 'missing_rates': array([0. , 0.1, 0.2, 0.3, 0.4, 0.5, 0.6, 0.7, 0.8, 0.9, 1. ]), 'seed': 11111, 'num_seeds': 3, 'exp_name': 'moe-uncertainty', 'diff_missing': None, 'KeyEval': 'Loss', 'save_model': True, 'unified_missing': False, 'use_normalized_data': False, 'seeds': [111, 1111, 11111], 'missing_rate': (0.4, 0.4, 0.4), 'dataPath': '/mnt/HDD2/teng/Master-23/sjc/work2/EMT-DLFR-master-based/MMSA/Datasets/MOSI/Processed/unaligned_50.pkl', 'seq_lens': (50, 375, 500), 'feature_dims': (768, 5, 20), 'train_samples': 1284, 'num_classes': 3, 'language': 'en', 'missing_seed': (111, 1111, 11111), 'data_missing': True, 'deal_missing': False, 'need_data_aligned': False, 'need_model_aligned': False, 'need_normalized': False, 'use_bert': True, 'use_finetune': True, 'save_labels': False, 'early_stop': 8, 'update_epochs': 4, 'batch_size': 32, 'learning_rate_bert': 5e-05, 'learning_rate_audio': 0.001, 'learning_rate_video': 0.0001, 'learning_rate_other': 0.001, 'weight_decay_bert': 0.001, 'weight_decay_audio': 0.01, 'weight_decay_video': 0.001, 'weight_decay_other': 0.001, 'a_lstm_hidden_size': 32, 'v_lstm_hidden_size': 64, 'a_lstm_layers': 1, 'v_lstm_layers': 1, 'text_out': 768, 'audio_out': 16, 'video_out': 32, 'a_lstm_dropout': 0.0, 'v_lstm_dropout': 0.0, 't_bert_dropout': 0.1, 'd_model': 128, 'fusion_layers': 5, 'heads': 4, 'learnable_pos_emb': False, 'emb_dropout': 0.0, 'attn_dropout': 0.2, 'ff_dropout': 0.1, 'ff_expansion': 4, 'mpu_share': True, 'modality_share': True, 'layer_share': True, 'attn_act_fn': 'tanh', 'gmc_tokens_pred_dim': 128, 'text_pred_dim': 256, 'audio_pred_dim': 8, 'video_pred_dim': 16, 'recon_loss': 'SmoothL1Loss', 'loss_recon_weight': 1, 'loss_attra_weight': 1, 'use_uncertainty_weighted_attra': True, 'use_per_modal_uncertainty_weight': True, 'uncertainty_attra_alpha': 0.2, 'modal_attra_weights': {'gmc': 1.0, 'text': 1.1, 'audio': 1.0, 'video': 1.0}, 'uncertainty_reg_weight': 0.1, 'uncertainty_reg_margin': 1e-05, 'uncertainty_before_weight': 0.1, 'kl_reg_weight': 0.001, 'post_fusion_dim': 256, 'post_fusion_dropout': 0.3, 'H': 3.0, 'boundary_loss_weight': 0.1, 'cur_time': 3, 'model_save_path': 'results/mosi/emt-dlfr/run_once/models/emt-dlfr-mosi-regression-mr0.4-11111.pth', 'device': device(type='cuda', index=5), 'tasks': 'M'}>",11111,71.43,71.5,71.8,71.97,35.71,32.07,108.3,54.13,-106.94,108.62
2026-02-26_18-55-05,emt-dlfr,"<Storage{'need_task_scheduling': False, 'is_tune': False, 'train_mode': 'regression', 'modelName': 'emt-dlfr', 'datasetName': 'mosi', 'num_workers': 4, 'model_save_dir': 'results/mosi/emt-dlfr/run_once/models', 'res_save_dir': 'results/mosi/emt-dlfr/run_once/results', 'gpu_ids': [5], 'missing_rates': array([0. , 0.1, 0.2, 0.3, 0.4, 0.5, 0.6, 0.7, 0.8, 0.9, 1. ]), 'seed': 11111, 'num_seeds': 3, 'exp_name': 'moe-uncertainty', 'diff_missing': None, 'KeyEval': 'Loss', 'save_model': True, 'unified_missing': False, 'use_normalized_data': False, 'seeds': [111, 1111, 11111], 'missing_rate': (0.4, 0.4, 0.4), 'dataPath': '/mnt/HDD2/teng/Master-23/sjc/work2/EMT-DLFR-master-based/MMSA/Datasets/MOSI/Processed/unaligned_50.pkl', 'seq_lens': (50, 375, 500), 'feature_dims': (768, 5, 20), 'train_samples': 1284, 'num_classes': 3, 'language': 'en', 'missing_seed': (111, 1111, 11111), 'data_missing': True, 'deal_missing': False, 'need_data_aligned': False, 'need_model_aligned': False, 'need_normalized': False, 'use_bert': True, 'use_finetune': True, 'save_labels': False, 'early_stop': 8, 'update_epochs': 4, 'batch_size': 32, 'learning_rate_bert': 5e-05, 'learning_rate_audio': 0.001, 'learning_rate_video': 0.0001, 'learning_rate_other': 0.001, 'weight_decay_bert': 0.001, 'weight_decay_audio': 0.01, 'weight_decay_video': 0.001, 'weight_decay_other': 0.001, 'a_lstm_hidden_size': 32, 'v_lstm_hidden_size': 64, 'a_lstm_layers': 1, 'v_lstm_layers': 1, 'text_out': 768, 'audio_out': 16, 'video_out': 32, 'a_lstm_dropout': 0.0, 'v_lstm_dropout': 0.0, 't_bert_dropout': 0.1, 'd_model': 128, 'fusion_layers': 5, 'heads': 4, 'learnable_pos_emb': False, 'emb_dropout': 0.0, 'attn_dropout': 0.2, 'ff_dropout': 0.1, 'ff_expansion': 4, 'mpu_share': True, 'modality_share': True, 'layer_share': True, 'attn_act_fn': 'tanh', 'gmc_tokens_pred_dim': 128, 'text_pred_dim': 256, 'audio_pred_dim': 8, 'video_pred_dim': 16, 'recon_loss': 'SmoothL1Loss', 'loss_recon_weight': 1, 'loss_attra_weight': 1, 'use_uncertainty_weighted_attra': True, 'use_per_modal_uncertainty_weight': True, 'uncertainty_attra_alpha': 0.2, 'modal_attra_weights': {'gmc': 1.0, 'text': 1.1, 'audio': 1.0, 'video': 1.0}, 'uncertainty_reg_weight': 0.1, 'uncertainty_reg_margin': 1e-05, 'uncertainty_before_weight': 0.1, 'kl_reg_weight': 0.001, 'post_fusion_dim': 256, 'post_fusion_dropout': 0.3, 'H': 3.0, 'boundary_loss_weight': 0.1, 'cur_time': 3, 'model_save_path': 'results/mosi/emt-dlfr/run_once/models/emt-dlfr-mosi-regression-mr0.4-11111.pth', 'device': device(type='cuda', index=5), 'tasks': 'M'}>",<mean/std>,"(72.55, 0.79)","(72.6, 0.78)","(73.12, 0.97)","(73.25, 0.95)","(35.52, 0.5)","(31.58, 0.42)","(105.65, 1.91)","(55.04, 0.69)","(-122.54, 11.04)","(105.71, 2.06)"
2026-02-26_18-55-05,emt-dlfr,"<Storage{'need_task_scheduling': False, 'is_tune': False, 'train_mode': 'regression', 'modelName': 'emt-dlfr', 'datasetName': 'mosi', 'num_workers': 4, 'model_save_dir': 'results/mosi/emt-dlfr/run_once/models', 'res_save_dir': 'results/mosi/emt-dlfr/run_once/results', 'gpu_ids': [5], 'missing_rates': array([0. , 0.1, 0.2, 0.3, 0.4, 0.5, 0.6, 0.7, 0.8, 0.9, 1. ]), 'seed': 11111, 'num_seeds': 3, 'exp_name': 'moe-uncertainty', 'diff_missing': None, 'KeyEval': 'Loss', 'save_model': True, 'unified_missing': False, 'use_normalized_data': False, 'seeds': [111, 1111, 11111], 'missing_rate': (0.4, 0.4, 0.4), 'dataPath': '/mnt/HDD2/teng/Master-23/sjc/work2/EMT-DLFR-master-based/MMSA/Datasets/MOSI/Processed/unaligned_50.pkl', 'seq_lens': (50, 375, 500), 'feature_dims': (768, 5, 20), 'train_samples': 1284, 'num_classes': 3, 'language': 'en', 'missing_seed': (111, 1111, 11111), 'data_missing': True, 'deal_missing': False, 'need_data_aligned': False, 'need_model_aligned': False, 'need_normalized': False, 'use_bert': True, 'use_finetune': True, 'save_labels': False, 'early_stop': 8, 'update_epochs': 4, 'batch_size': 32, 'learning_rate_bert': 5e-05, 'learning_rate_audio': 0.001, 'learning_rate_video': 0.0001, 'learning_rate_other': 0.001, 'weight_decay_bert': 0.001, 'weight_decay_audio': 0.01, 'weight_decay_video': 0.001, 'weight_decay_other': 0.001, 'a_lstm_hidden_size': 32, 'v_lstm_hidden_size': 64, 'a_lstm_layers': 1, 'v_lstm_layers': 1, 'text_out': 768, 'audio_out': 16, 'video_out': 32, 'a_lstm_dropout': 0.0, 'v_lstm_dropout': 0.0, 't_bert_dropout': 0.1, 'd_model': 128, 'fusion_layers': 5, 'heads': 4, 'learnable_pos_emb': False, 'emb_dropout': 0.0, 'attn_dropout': 0.2, 'ff_dropout': 0.1, 'ff_expansion': 4, 'mpu_share': True, 'modality_share': True, 'layer_share': True, 'attn_act_fn': 'tanh', 'gmc_tokens_pred_dim': 128, 'text_pred_dim': 256, 'audio_pred_dim': 8, 'video_pred_dim': 16, 'recon_loss': 'SmoothL1Loss', 'loss_recon_weight': 1, 'loss_attra_weight': 1, 'use_uncertainty_weighted_attra': True, 'use_per_modal_uncertainty_weight': True, 'uncertainty_attra_alpha': 0.2, 'modal_attra_weights': {'gmc': 1.0, 'text': 1.1, 'audio': 1.0, 'video': 1.0}, 'uncertainty_reg_weight': 0.1, 'uncertainty_reg_margin': 1e-05, 'uncertainty_before_weight': 0.1, 'kl_reg_weight': 0.001, 'post_fusion_dim': 256, 'post_fusion_dropout': 0.3, 'H': 3.0, 'boundary_loss_weight': 0.1, 'cur_time': 3, 'model_save_path': 'results/mosi/emt-dlfr/run_once/models/emt-dlfr-mosi-regression-mr0.4-11111.pth', 'device': device(type='cuda', index=5), 'tasks': 'M'}>",<max/seed>,"(73.18, 1111)","(73.24, 1111)","(74.09, 1111)","(74.23, 1111)","(36.01, 1111)","(32.07, 11111)","(108.3, 11111)","(55.79, 1111)","(-106.94, 11111)","(108.62, 11111)"
2026-02-26_18-55-05,emt-dlfr,"<Storage{'need_task_scheduling': False, 'is_tune': False, 'train_mode': 'regression', 'modelName': 'emt-dlfr', 'datasetName': 'mosi', 'num_workers': 4, 'model_save_dir': 'results/mosi/emt-dlfr/run_once/models', 'res_save_dir': 'results/mosi/emt-dlfr/run_once/results', 'gpu_ids': [5], 'missing_rates': array([0. , 0.1, 0.2, 0.3, 0.4, 0.5, 0.6, 0.7, 0.8, 0.9, 1. ]), 'seed': 11111, 'num_seeds': 3, 'exp_name': 'moe-uncertainty', 'diff_missing': None, 'KeyEval': 'Loss', 'save_model': True, 'unified_missing': False, 'use_normalized_data': False, 'seeds': [111, 1111, 11111], 'missing_rate': (0.4, 0.4, 0.4), 'dataPath': '/mnt/HDD2/teng/Master-23/sjc/work2/EMT-DLFR-master-based/MMSA/Datasets/MOSI/Processed/unaligned_50.pkl', 'seq_lens': (50, 375, 500), 'feature_dims': (768, 5, 20), 'train_samples': 1284, 'num_classes': 3, 'language': 'en', 'missing_seed': (111, 1111, 11111), 'data_missing': True, 'deal_missing': False, 'need_data_aligned': False, 'need_model_aligned': False, 'need_normalized': False, 'use_bert': True, 'use_finetune': True, 'save_labels': False, 'early_stop': 8, 'update_epochs': 4, 'batch_size': 32, 'learning_rate_bert': 5e-05, 'learning_rate_audio': 0.001, 'learning_rate_video': 0.0001, 'learning_rate_other': 0.001, 'weight_decay_bert': 0.001, 'weight_decay_audio': 0.01, 'weight_decay_video': 0.001, 'weight_decay_other': 0.001, 'a_lstm_hidden_size': 32, 'v_lstm_hidden_size': 64, 'a_lstm_layers': 1, 'v_lstm_layers': 1, 'text_out': 768, 'audio_out': 16, 'video_out': 32, 'a_lstm_dropout': 0.0, 'v_lstm_dropout': 0.0, 't_bert_dropout': 0.1, 'd_model': 128, 'fusion_layers': 5, 'heads': 4, 'learnable_pos_emb': False, 'emb_dropout': 0.0, 'attn_dropout': 0.2, 'ff_dropout': 0.1, 'ff_expansion': 4, 'mpu_share': True, 'modality_share': True, 'layer_share': True, 'attn_act_fn': 'tanh', 'gmc_tokens_pred_dim': 128, 'text_pred_dim': 256, 'audio_pred_dim': 8, 'video_pred_dim': 16, 'recon_loss': 'SmoothL1Loss', 'loss_recon_weight': 1, 'loss_attra_weight': 1, 'use_uncertainty_weighted_attra': True, 'use_per_modal_uncertainty_weight': True, 'uncertainty_attra_alpha': 0.2, 'modal_attra_weights': {'gmc': 1.0, 'text': 1.1, 'audio': 1.0, 'video': 1.0}, 'uncertainty_reg_weight': 0.1, 'uncertainty_reg_margin': 1e-05, 'uncertainty_before_weight': 0.1, 'kl_reg_weight': 0.001, 'post_fusion_dim': 256, 'post_fusion_dropout': 0.3, 'H': 3.0, 'boundary_loss_weight': 0.1, 'cur_time': 3, 'model_save_path': 'results/mosi/emt-dlfr/run_once/models/emt-dlfr-mosi-regression-mr0.4-11111.pth', 'device': device(type='cuda', index=5), 'tasks': 'M'}>",<min/seed>,"(71.43, 11111)","(71.5, 11111)","(71.8, 11111)","(71.97, 11111)","(34.84, 111)","(31.05, 111)","(103.9, 111)","(54.13, 11111)","(-130.9, 1111)","(104.16, 111)"
2026-02-27_05-26-26,emt-dlfr,"<Storage{'need_task_scheduling': False, 'is_tune': False, 'train_mode': 'regression', 'modelName': 'emt-dlfr', 'datasetName': 'mosi', 'num_workers': 4, 'model_save_dir': 'results/mosi/emt-dlfr/run_once/models', 'res_save_dir': 'results/mosi/emt-dlfr/run_once/results', 'gpu_ids': [5], 'missing_rates': array([0. , 0.1, 0.2, 0.3, 0.4, 0.5, 0.6, 0.7, 0.8, 0.9, 1. ]), 'seed': 11111, 'num_seeds': 3, 'exp_name': 'moe-uncertainty', 'diff_missing': None, 'KeyEval': 'Loss', 'save_model': True, 'unified_missing': False, 'use_normalized_data': False, 'seeds': [111, 1111, 11111], 'missing_rate': (0.4, 0.4, 0.4), 'dataPath': '/mnt/HDD2/teng/Master-23/sjc/work2/EMT-DLFR-master-based/MMSA/Datasets/MOSI/Processed/unaligned_50.pkl', 'seq_lens': (50, 375, 500), 'feature_dims': (768, 5, 20), 'train_samples': 1284, 'num_classes': 3, 'language': 'en', 'missing_seed': (111, 1111, 11111), 'data_missing': True, 'deal_missing': False, 'need_data_aligned': False, 'need_model_aligned': False, 'need_normalized': False, 'use_bert': True, 'use_finetune': True, 'save_labels': False, 'early_stop': 8, 'update_epochs': 4, 'batch_size': 32, 'learning_rate_bert': 5e-05, 'learning_rate_audio': 0.001, 'learning_rate_video': 0.0001, 'learning_rate_other': 0.001, 'weight_decay_bert': 0.001, 'weight_decay_audio': 0.01, 'weight_decay_video': 0.001, 'weight_decay_other': 0.001, 'a_lstm_hidden_size': 32, 'v_lstm_hidden_size': 64, 'a_lstm_layers': 1, 'v_lstm_layers': 1, 'text_out': 768, 'audio_out': 16, 'video_out': 32, 'a_lstm_dropout': 0.0, 'v_lstm_dropout': 0.0, 't_bert_dropout': 0.1, 'd_model': 128, 'fusion_layers': 5, 'heads': 4, 'learnable_pos_emb': False, 'emb_dropout': 0.0, 'attn_dropout': 0.2, 'ff_dropout': 0.1, 'ff_expansion': 4, 'mpu_share': True, 'modality_share': True, 'layer_share': True, 'attn_act_fn': 'tanh', 'gmc_tokens_pred_dim': 128, 'text_pred_dim': 256, 'audio_pred_dim': 8, 'video_pred_dim': 16, 'recon_loss': 'SmoothL1Loss', 'loss_recon_weight': 1, 'loss_attra_weight': 1, 'use_uncertainty_weighted_attra': True, 'use_per_modal_uncertainty_weight': True, 'uncertainty_attra_alpha': 0.2, 'modal_attra_weights': {'gmc': 1.0, 'text': 1.1, 'audio': 1.0, 'video': 1.0}, 'uncertainty_reg_weight': 0.01, 'uncertainty_reg_margin': 1e-05, 'uncertainty_before_weight': 0.1, 'kl_reg_weight': 0.001, 'post_fusion_dim': 256, 'post_fusion_dropout': 0.3, 'H': 3.0, 'boundary_loss_weight': 0.1, 'cur_time': 3, 'model_save_path': 'results/mosi/emt-dlfr/run_once/models/emt-dlfr-mosi-regression-mr0.4-11111.pth', 'device': device(type='cuda', index=5), 'tasks': 'M'}>",111,72.01,72.03,71.8,71.93,35.13,31.49,109.28,55.14,-93.88,109.48
2026-02-27_05-26-26,emt-dlfr,"<Storage{'need_task_scheduling': False, 'is_tune': False, 'train_mode': 'regression', 'modelName': 'emt-dlfr', 'datasetName': 'mosi', 'num_workers': 4, 'model_save_dir': 'results/mosi/emt-dlfr/run_once/models', 'res_save_dir': 'results/mosi/emt-dlfr/run_once/results', 'gpu_ids': [5], 'missing_rates': array([0. , 0.1, 0.2, 0.3, 0.4, 0.5, 0.6, 0.7, 0.8, 0.9, 1. ]), 'seed': 11111, 'num_seeds': 3, 'exp_name': 'moe-uncertainty', 'diff_missing': None, 'KeyEval': 'Loss', 'save_model': True, 'unified_missing': False, 'use_normalized_data': False, 'seeds': [111, 1111, 11111], 'missing_rate': (0.4, 0.4, 0.4), 'dataPath': '/mnt/HDD2/teng/Master-23/sjc/work2/EMT-DLFR-master-based/MMSA/Datasets/MOSI/Processed/unaligned_50.pkl', 'seq_lens': (50, 375, 500), 'feature_dims': (768, 5, 20), 'train_samples': 1284, 'num_classes': 3, 'language': 'en', 'missing_seed': (111, 1111, 11111), 'data_missing': True, 'deal_missing': False, 'need_data_aligned': False, 'need_model_aligned': False, 'need_normalized': False, 'use_bert': True, 'use_finetune': True, 'save_labels': False, 'early_stop': 8, 'update_epochs': 4, 'batch_size': 32, 'learning_rate_bert': 5e-05, 'learning_rate_audio': 0.001, 'learning_rate_video': 0.0001, 'learning_rate_other': 0.001, 'weight_decay_bert': 0.001, 'weight_decay_audio': 0.01, 'weight_decay_video': 0.001, 'weight_decay_other': 0.001, 'a_lstm_hidden_size': 32, 'v_lstm_hidden_size': 64, 'a_lstm_layers': 1, 'v_lstm_layers': 1, 'text_out': 768, 'audio_out': 16, 'video_out': 32, 'a_lstm_dropout': 0.0, 'v_lstm_dropout': 0.0, 't_bert_dropout': 0.1, 'd_model': 128, 'fusion_layers': 5, 'heads': 4, 'learnable_pos_emb': False, 'emb_dropout': 0.0, 'attn_dropout': 0.2, 'ff_dropout': 0.1, 'ff_expansion': 4, 'mpu_share': True, 'modality_share': True, 'layer_share': True, 'attn_act_fn': 'tanh', 'gmc_tokens_pred_dim': 128, 'text_pred_dim': 256, 'audio_pred_dim': 8, 'video_pred_dim': 16, 'recon_loss': 'SmoothL1Loss', 'loss_recon_weight': 1, 'loss_attra_weight': 1, 'use_uncertainty_weighted_attra': True, 'use_per_modal_uncertainty_weight': True, 'uncertainty_attra_alpha': 0.2, 'modal_attra_weights': {'gmc': 1.0, 'text': 1.1, 'audio': 1.0, 'video': 1.0}, 'uncertainty_reg_weight': 0.01, 'uncertainty_reg_margin': 1e-05, 'uncertainty_before_weight': 0.1, 'kl_reg_weight': 0.001, 'post_fusion_dim': 256, 'post_fusion_dropout': 0.3, 'H': 3.0, 'boundary_loss_weight': 0.1, 'cur_time': 3, 'model_save_path': 'results/mosi/emt-dlfr/run_once/models/emt-dlfr-mosi-regression-mr0.4-11111.pth', 'device': device(type='cuda', index=5), 'tasks': 'M'}>",1111,73.47,73.54,74.09,74.24,38.92,34.69,105.45,55.61,-126.54,105.01
2026-02-27_05-26-26,emt-dlfr,"<Storage{'need_task_scheduling': False, 'is_tune': False, 'train_mode': 'regression', 'modelName': 'emt-dlfr', 'datasetName': 'mosi', 'num_workers': 4, 'model_save_dir': 'results/mosi/emt-dlfr/run_once/models', 'res_save_dir': 'results/mosi/emt-dlfr/run_once/results', 'gpu_ids': [5], 'missing_rates': array([0. , 0.1, 0.2, 0.3, 0.4, 0.5, 0.6, 0.7, 0.8, 0.9, 1. ]), 'seed': 11111, 'num_seeds': 3, 'exp_name': 'moe-uncertainty', 'diff_missing': None, 'KeyEval': 'Loss', 'save_model': True, 'unified_missing': False, 'use_normalized_data': False, 'seeds': [111, 1111, 11111], 'missing_rate': (0.4, 0.4, 0.4), 'dataPath': '/mnt/HDD2/teng/Master-23/sjc/work2/EMT-DLFR-master-based/MMSA/Datasets/MOSI/Processed/unaligned_50.pkl', 'seq_lens': (50, 375, 500), 'feature_dims': (768, 5, 20), 'train_samples': 1284, 'num_classes': 3, 'language': 'en', 'missing_seed': (111, 1111, 11111), 'data_missing': True, 'deal_missing': False, 'need_data_aligned': False, 'need_model_aligned': False, 'need_normalized': False, 'use_bert': True, 'use_finetune': True, 'save_labels': False, 'early_stop': 8, 'update_epochs': 4, 'batch_size': 32, 'learning_rate_bert': 5e-05, 'learning_rate_audio': 0.001, 'learning_rate_video': 0.0001, 'learning_rate_other': 0.001, 'weight_decay_bert': 0.001, 'weight_decay_audio': 0.01, 'weight_decay_video': 0.001, 'weight_decay_other': 0.001, 'a_lstm_hidden_size': 32, 'v_lstm_hidden_size': 64, 'a_lstm_layers': 1, 'v_lstm_layers': 1, 'text_out': 768, 'audio_out': 16, 'video_out': 32, 'a_lstm_dropout': 0.0, 'v_lstm_dropout': 0.0, 't_bert_dropout': 0.1, 'd_model': 128, 'fusion_layers': 5, 'heads': 4, 'learnable_pos_emb': False, 'emb_dropout': 0.0, 'attn_dropout': 0.2, 'ff_dropout': 0.1, 'ff_expansion': 4, 'mpu_share': True, 'modality_share': True, 'layer_share': True, 'attn_act_fn': 'tanh', 'gmc_tokens_pred_dim': 128, 'text_pred_dim': 256, 'audio_pred_dim': 8, 'video_pred_dim': 16, 'recon_loss': 'SmoothL1Loss', 'loss_recon_weight': 1, 'loss_attra_weight': 1, 'use_uncertainty_weighted_attra': True, 'use_per_modal_uncertainty_weight': True, 'uncertainty_attra_alpha': 0.2, 'modal_attra_weights': {'gmc': 1.0, 'text': 1.1, 'audio': 1.0, 'video': 1.0}, 'uncertainty_reg_weight': 0.01, 'uncertainty_reg_margin': 1e-05, 'uncertainty_before_weight': 0.1, 'kl_reg_weight': 0.001, 'post_fusion_dim': 256, 'post_fusion_dropout': 0.3, 'H': 3.0, 'boundary_loss_weight': 0.1, 'cur_time': 3, 'model_save_path': 'results/mosi/emt-dlfr/run_once/models/emt-dlfr-mosi-regression-mr0.4-11111.pth', 'device': device(type='cuda', index=5), 'tasks': 'M'}>",11111,71.57,71.65,72.26,72.42,37.03,32.8,108.43,54.59,-111.09,108.53
2026-02-27_05-26-26,emt-dlfr,"<Storage{'need_task_scheduling': False, 'is_tune': False, 'train_mode': 'regression', 'modelName': 'emt-dlfr', 'datasetName': 'mosi', 'num_workers': 4, 'model_save_dir': 'results/mosi/emt-dlfr/run_once/models', 'res_save_dir': 'results/mosi/emt-dlfr/run_once/results', 'gpu_ids': [5], 'missing_rates': array([0. , 0.1, 0.2, 0.3, 0.4, 0.5, 0.6, 0.7, 0.8, 0.9, 1. ]), 'seed': 11111, 'num_seeds': 3, 'exp_name': 'moe-uncertainty', 'diff_missing': None, 'KeyEval': 'Loss', 'save_model': True, 'unified_missing': False, 'use_normalized_data': False, 'seeds': [111, 1111, 11111], 'missing_rate': (0.4, 0.4, 0.4), 'dataPath': '/mnt/HDD2/teng/Master-23/sjc/work2/EMT-DLFR-master-based/MMSA/Datasets/MOSI/Processed/unaligned_50.pkl', 'seq_lens': (50, 375, 500), 'feature_dims': (768, 5, 20), 'train_samples': 1284, 'num_classes': 3, 'language': 'en', 'missing_seed': (111, 1111, 11111), 'data_missing': True, 'deal_missing': False, 'need_data_aligned': False, 'need_model_aligned': False, 'need_normalized': False, 'use_bert': True, 'use_finetune': True, 'save_labels': False, 'early_stop': 8, 'update_epochs': 4, 'batch_size': 32, 'learning_rate_bert': 5e-05, 'learning_rate_audio': 0.001, 'learning_rate_video': 0.0001, 'learning_rate_other': 0.001, 'weight_decay_bert': 0.001, 'weight_decay_audio': 0.01, 'weight_decay_video': 0.001, 'weight_decay_other': 0.001, 'a_lstm_hidden_size': 32, 'v_lstm_hidden_size': 64, 'a_lstm_layers': 1, 'v_lstm_layers': 1, 'text_out': 768, 'audio_out': 16, 'video_out': 32, 'a_lstm_dropout': 0.0, 'v_lstm_dropout': 0.0, 't_bert_dropout': 0.1, 'd_model': 128, 'fusion_layers': 5, 'heads': 4, 'learnable_pos_emb': False, 'emb_dropout': 0.0, 'attn_dropout': 0.2, 'ff_dropout': 0.1, 'ff_expansion': 4, 'mpu_share': True, 'modality_share': True, 'layer_share': True, 'attn_act_fn': 'tanh', 'gmc_tokens_pred_dim': 128, 'text_pred_dim': 256, 'audio_pred_dim': 8, 'video_pred_dim': 16, 'recon_loss': 'SmoothL1Loss', 'loss_recon_weight': 1, 'loss_attra_weight': 1, 'use_uncertainty_weighted_attra': True, 'use_per_modal_uncertainty_weight': True, 'uncertainty_attra_alpha': 0.2, 'modal_attra_weights': {'gmc': 1.0, 'text': 1.1, 'audio': 1.0, 'video': 1.0}, 'uncertainty_reg_weight': 0.01, 'uncertainty_reg_margin': 1e-05, 'uncertainty_before_weight': 0.1, 'kl_reg_weight': 0.001, 'post_fusion_dim': 256, 'post_fusion_dropout': 0.3, 'H': 3.0, 'boundary_loss_weight': 0.1, 'cur_time': 3, 'model_save_path': 'results/mosi/emt-dlfr/run_once/models/emt-dlfr-mosi-regression-mr0.4-11111.pth', 'device': device(type='cuda', index=5), 'tasks': 'M'}>",<mean/std>,"(72.35, 0.81)","(72.41, 0.82)","(72.72, 0.99)","(72.86, 0.99)","(37.03, 1.55)","(32.99, 1.31)","(107.72, 1.64)","(55.11, 0.42)","(-110.5, 13.34)","(107.68, 1.92)"
2026-02-27_05-26-26,emt-dlfr,"<Storage{'need_task_scheduling': False, 'is_tune': False, 'train_mode': 'regression', 'modelName': 'emt-dlfr', 'datasetName': 'mosi', 'num_workers': 4, 'model_save_dir': 'results/mosi/emt-dlfr/run_once/models', 'res_save_dir': 'results/mosi/emt-dlfr/run_once/results', 'gpu_ids': [5], 'missing_rates': array([0. , 0.1, 0.2, 0.3, 0.4, 0.5, 0.6, 0.7, 0.8, 0.9, 1. ]), 'seed': 11111, 'num_seeds': 3, 'exp_name': 'moe-uncertainty', 'diff_missing': None, 'KeyEval': 'Loss', 'save_model': True, 'unified_missing': False, 'use_normalized_data': False, 'seeds': [111, 1111, 11111], 'missing_rate': (0.4, 0.4, 0.4), 'dataPath': '/mnt/HDD2/teng/Master-23/sjc/work2/EMT-DLFR-master-based/MMSA/Datasets/MOSI/Processed/unaligned_50.pkl', 'seq_lens': (50, 375, 500), 'feature_dims': (768, 5, 20), 'train_samples': 1284, 'num_classes': 3, 'language': 'en', 'missing_seed': (111, 1111, 11111), 'data_missing': True, 'deal_missing': False, 'need_data_aligned': False, 'need_model_aligned': False, 'need_normalized': False, 'use_bert': True, 'use_finetune': True, 'save_labels': False, 'early_stop': 8, 'update_epochs': 4, 'batch_size': 32, 'learning_rate_bert': 5e-05, 'learning_rate_audio': 0.001, 'learning_rate_video': 0.0001, 'learning_rate_other': 0.001, 'weight_decay_bert': 0.001, 'weight_decay_audio': 0.01, 'weight_decay_video': 0.001, 'weight_decay_other': 0.001, 'a_lstm_hidden_size': 32, 'v_lstm_hidden_size': 64, 'a_lstm_layers': 1, 'v_lstm_layers': 1, 'text_out': 768, 'audio_out': 16, 'video_out': 32, 'a_lstm_dropout': 0.0, 'v_lstm_dropout': 0.0, 't_bert_dropout': 0.1, 'd_model': 128, 'fusion_layers': 5, 'heads': 4, 'learnable_pos_emb': False, 'emb_dropout': 0.0, 'attn_dropout': 0.2, 'ff_dropout': 0.1, 'ff_expansion': 4, 'mpu_share': True, 'modality_share': True, 'layer_share': True, 'attn_act_fn': 'tanh', 'gmc_tokens_pred_dim': 128, 'text_pred_dim': 256, 'audio_pred_dim': 8, 'video_pred_dim': 16, 'recon_loss': 'SmoothL1Loss', 'loss_recon_weight': 1, 'loss_attra_weight': 1, 'use_uncertainty_weighted_attra': True, 'use_per_modal_uncertainty_weight': True, 'uncertainty_attra_alpha': 0.2, 'modal_attra_weights': {'gmc': 1.0, 'text': 1.1, 'audio': 1.0, 'video': 1.0}, 'uncertainty_reg_weight': 0.01, 'uncertainty_reg_margin': 1e-05, 'uncertainty_before_weight': 0.1, 'kl_reg_weight': 0.001, 'post_fusion_dim': 256, 'post_fusion_dropout': 0.3, 'H': 3.0, 'boundary_loss_weight': 0.1, 'cur_time': 3, 'model_save_path': 'results/mosi/emt-dlfr/run_once/models/emt-dlfr-mosi-regression-mr0.4-11111.pth', 'device': device(type='cuda', index=5), 'tasks': 'M'}>",<max/seed>,"(73.47, 1111)","(73.54, 1111)","(74.09, 1111)","(74.24, 1111)","(38.92, 1111)","(34.69, 1111)","(109.28, 111)","(55.61, 1111)","(-93.88, 111)","(109.48, 111)"
2026-02-27_05-26-26,emt-dlfr,"<Storage{'need_task_scheduling': False, 'is_tune': False, 'train_mode': 'regression', 'modelName': 'emt-dlfr', 'datasetName': 'mosi', 'num_workers': 4, 'model_save_dir': 'results/mosi/emt-dlfr/run_once/models', 'res_save_dir': 'results/mosi/emt-dlfr/run_once/results', 'gpu_ids': [5], 'missing_rates': array([0. , 0.1, 0.2, 0.3, 0.4, 0.5, 0.6, 0.7, 0.8, 0.9, 1. ]), 'seed': 11111, 'num_seeds': 3, 'exp_name': 'moe-uncertainty', 'diff_missing': None, 'KeyEval': 'Loss', 'save_model': True, 'unified_missing': False, 'use_normalized_data': False, 'seeds': [111, 1111, 11111], 'missing_rate': (0.4, 0.4, 0.4), 'dataPath': '/mnt/HDD2/teng/Master-23/sjc/work2/EMT-DLFR-master-based/MMSA/Datasets/MOSI/Processed/unaligned_50.pkl', 'seq_lens': (50, 375, 500), 'feature_dims': (768, 5, 20), 'train_samples': 1284, 'num_classes': 3, 'language': 'en', 'missing_seed': (111, 1111, 11111), 'data_missing': True, 'deal_missing': False, 'need_data_aligned': False, 'need_model_aligned': False, 'need_normalized': False, 'use_bert': True, 'use_finetune': True, 'save_labels': False, 'early_stop': 8, 'update_epochs': 4, 'batch_size': 32, 'learning_rate_bert': 5e-05, 'learning_rate_audio': 0.001, 'learning_rate_video': 0.0001, 'learning_rate_other': 0.001, 'weight_decay_bert': 0.001, 'weight_decay_audio': 0.01, 'weight_decay_video': 0.001, 'weight_decay_other': 0.001, 'a_lstm_hidden_size': 32, 'v_lstm_hidden_size': 64, 'a_lstm_layers': 1, 'v_lstm_layers': 1, 'text_out': 768, 'audio_out': 16, 'video_out': 32, 'a_lstm_dropout': 0.0, 'v_lstm_dropout': 0.0, 't_bert_dropout': 0.1, 'd_model': 128, 'fusion_layers': 5, 'heads': 4, 'learnable_pos_emb': False, 'emb_dropout': 0.0, 'attn_dropout': 0.2, 'ff_dropout': 0.1, 'ff_expansion': 4, 'mpu_share': True, 'modality_share': True, 'layer_share': True, 'attn_act_fn': 'tanh', 'gmc_tokens_pred_dim': 128, 'text_pred_dim': 256, 'audio_pred_dim': 8, 'video_pred_dim': 16, 'recon_loss': 'SmoothL1Loss', 'loss_recon_weight': 1, 'loss_attra_weight': 1, 'use_uncertainty_weighted_attra': True, 'use_per_modal_uncertainty_weight': True, 'uncertainty_attra_alpha': 0.2, 'modal_attra_weights': {'gmc': 1.0, 'text': 1.1, 'audio': 1.0, 'video': 1.0}, 'uncertainty_reg_weight': 0.01, 'uncertainty_reg_margin': 1e-05, 'uncertainty_before_weight': 0.1, 'kl_reg_weight': 0.001, 'post_fusion_dim': 256, 'post_fusion_dropout': 0.3, 'H': 3.0, 'boundary_loss_weight': 0.1, 'cur_time': 3, 'model_save_path': 'results/mosi/emt-dlfr/run_once/models/emt-dlfr-mosi-regression-mr0.4-11111.pth', 'device': device(type='cuda', index=5), 'tasks': 'M'}>",<min/seed>,"(71.57, 11111)","(71.65, 11111)","(71.8, 111)","(71.93, 111)","(35.13, 111)","(31.49, 111)","(105.45, 1111)","(54.59, 11111)","(-126.54, 1111)","(105.01, 1111)"
2026-02-27_19-21-41,emt-dlfr,"<Storage{'need_task_scheduling': False, 'is_tune': False, 'train_mode': 'regression', 'modelName': 'emt-dlfr', 'datasetName': 'mosi', 'num_workers': 4, 'model_save_dir': 'results/mosi/emt-dlfr/run_once/models', 'res_save_dir': 'results/mosi/emt-dlfr/run_once/results', 'gpu_ids': [5], 'missing_rates': array([0. , 0.1, 0.2, 0.3, 0.4, 0.5, 0.6, 0.7, 0.8, 0.9, 1. ]), 'seed': 11111, 'num_seeds': 3, 'exp_name': 'moe-uncertainty', 'diff_missing': None, 'KeyEval': 'Loss', 'save_model': True, 'unified_missing': False, 'use_normalized_data': False, 'seeds': [111, 1111, 11111], 'missing_rate': (0.4, 0.4, 0.4), 'dataPath': '/mnt/HDD2/teng/Master-23/sjc/work2/EMT-DLFR-master-based/MMSA/Datasets/MOSI/Processed/unaligned_50.pkl', 'seq_lens': (50, 375, 500), 'feature_dims': (768, 5, 20), 'train_samples': 1284, 'num_classes': 3, 'language': 'en', 'missing_seed': (111, 1111, 11111), 'data_missing': True, 'deal_missing': False, 'need_data_aligned': False, 'need_model_aligned': False, 'need_normalized': False, 'use_bert': True, 'use_finetune': True, 'save_labels': False, 'early_stop': 8, 'update_epochs': 4, 'batch_size': 32, 'learning_rate_bert': 5e-05, 'learning_rate_audio': 0.001, 'learning_rate_video': 0.0001, 'learning_rate_other': 0.001, 'weight_decay_bert': 0.001, 'weight_decay_audio': 0.01, 'weight_decay_video': 0.001, 'weight_decay_other': 0.001, 'a_lstm_hidden_size': 32, 'v_lstm_hidden_size': 64, 'a_lstm_layers': 1, 'v_lstm_layers': 1, 'text_out': 768, 'audio_out': 16, 'video_out': 32, 'a_lstm_dropout': 0.0, 'v_lstm_dropout': 0.0, 't_bert_dropout': 0.1, 'd_model': 128, 'fusion_layers': 4, 'heads': 4, 'learnable_pos_emb': False, 'emb_dropout': 0.0, 'attn_dropout': 0.2, 'ff_dropout': 0.1, 'ff_expansion': 4, 'mpu_share': True, 'modality_share': True, 'layer_share': True, 'attn_act_fn': 'tanh', 'gmc_tokens_pred_dim': 128, 'text_pred_dim': 256, 'audio_pred_dim': 8, 'video_pred_dim': 16, 'recon_loss': 'SmoothL1Loss', 'loss_recon_weight': 1, 'loss_attra_weight': 1, 'use_uncertainty_weighted_attra': True, 'use_per_modal_uncertainty_weight': True, 'uncertainty_attra_alpha': 0.2, 'modal_attra_weights': {'gmc': 1.0, 'text': 1.1, 'audio': 1.0, 'video': 1.0}, 'uncertainty_reg_weight': 0.1, 'uncertainty_reg_margin': 1e-05, 'uncertainty_before_weight': 0.1, 'kl_reg_weight': 0.001, 'post_fusion_dim': 256, 'post_fusion_dropout': 0.3, 'H': 3.0, 'boundary_loss_weight': 0.1, 'cur_time': 3, 'model_save_path': 'results/mosi/emt-dlfr/run_once/models/emt-dlfr-mosi-regression-mr0.4-11111.pth', 'device': device(type='cuda', index=5), 'tasks': 'M'}>",111,73.32,73.38,74.24,74.37,38.05,34.26,102.98,56.32,-117.83,102.3
2026-02-27_19-21-41,emt-dlfr,"<Storage{'need_task_scheduling': False, 'is_tune': False, 'train_mode': 'regression', 'modelName': 'emt-dlfr', 'datasetName': 'mosi', 'num_workers': 4, 'model_save_dir': 'results/mosi/emt-dlfr/run_once/models', 'res_save_dir': 'results/mosi/emt-dlfr/run_once/results', 'gpu_ids': [5], 'missing_rates': array([0. , 0.1, 0.2, 0.3, 0.4, 0.5, 0.6, 0.7, 0.8, 0.9, 1. ]), 'seed': 11111, 'num_seeds': 3, 'exp_name': 'moe-uncertainty', 'diff_missing': None, 'KeyEval': 'Loss', 'save_model': True, 'unified_missing': False, 'use_normalized_data': False, 'seeds': [111, 1111, 11111], 'missing_rate': (0.4, 0.4, 0.4), 'dataPath': '/mnt/HDD2/teng/Master-23/sjc/work2/EMT-DLFR-master-based/MMSA/Datasets/MOSI/Processed/unaligned_50.pkl', 'seq_lens': (50, 375, 500), 'feature_dims': (768, 5, 20), 'train_samples': 1284, 'num_classes': 3, 'language': 'en', 'missing_seed': (111, 1111, 11111), 'data_missing': True, 'deal_missing': False, 'need_data_aligned': False, 'need_model_aligned': False, 'need_normalized': False, 'use_bert': True, 'use_finetune': True, 'save_labels': False, 'early_stop': 8, 'update_epochs': 4, 'batch_size': 32, 'learning_rate_bert': 5e-05, 'learning_rate_audio': 0.001, 'learning_rate_video': 0.0001, 'learning_rate_other': 0.001, 'weight_decay_bert': 0.001, 'weight_decay_audio': 0.01, 'weight_decay_video': 0.001, 'weight_decay_other': 0.001, 'a_lstm_hidden_size': 32, 'v_lstm_hidden_size': 64, 'a_lstm_layers': 1, 'v_lstm_layers': 1, 'text_out': 768, 'audio_out': 16, 'video_out': 32, 'a_lstm_dropout': 0.0, 'v_lstm_dropout': 0.0, 't_bert_dropout': 0.1, 'd_model': 128, 'fusion_layers': 4, 'heads': 4, 'learnable_pos_emb': False, 'emb_dropout': 0.0, 'attn_dropout': 0.2, 'ff_dropout': 0.1, 'ff_expansion': 4, 'mpu_share': True, 'modality_share': True, 'layer_share': True, 'attn_act_fn': 'tanh', 'gmc_tokens_pred_dim': 128, 'text_pred_dim': 256, 'audio_pred_dim': 8, 'video_pred_dim': 16, 'recon_loss': 'SmoothL1Loss', 'loss_recon_weight': 1, 'loss_attra_weight': 1, 'use_uncertainty_weighted_attra': True, 'use_per_modal_uncertainty_weight': True, 'uncertainty_attra_alpha': 0.2, 'modal_attra_weights': {'gmc': 1.0, 'text': 1.1, 'audio': 1.0, 'video': 1.0}, 'uncertainty_reg_weight': 0.1, 'uncertainty_reg_margin': 1e-05, 'uncertainty_before_weight': 0.1, 'kl_reg_weight': 0.001, 'post_fusion_dim': 256, 'post_fusion_dropout': 0.3, 'H': 3.0, 'boundary_loss_weight': 0.1, 'cur_time': 3, 'model_save_path': 'results/mosi/emt-dlfr/run_once/models/emt-dlfr-mosi-regression-mr0.4-11111.pth', 'device': device(type='cuda', index=5), 'tasks': 'M'}>",1111,72.16,72.22,72.87,73.01,37.9,33.97,105.17,56.49,-122.0,104.71
2026-02-27_19-21-41,emt-dlfr,"<Storage{'need_task_scheduling': False, 'is_tune': False, 'train_mode': 'regression', 'modelName': 'emt-dlfr', 'datasetName': 'mosi', 'num_workers': 4, 'model_save_dir': 'results/mosi/emt-dlfr/run_once/models', 'res_save_dir': 'results/mosi/emt-dlfr/run_once/results', 'gpu_ids': [5], 'missing_rates': array([0. , 0.1, 0.2, 0.3, 0.4, 0.5, 0.6, 0.7, 0.8, 0.9, 1. ]), 'seed': 11111, 'num_seeds': 3, 'exp_name': 'moe-uncertainty', 'diff_missing': None, 'KeyEval': 'Loss', 'save_model': True, 'unified_missing': False, 'use_normalized_data': False, 'seeds': [111, 1111, 11111], 'missing_rate': (0.4, 0.4, 0.4), 'dataPath': '/mnt/HDD2/teng/Master-23/sjc/work2/EMT-DLFR-master-based/MMSA/Datasets/MOSI/Processed/unaligned_50.pkl', 'seq_lens': (50, 375, 500), 'feature_dims': (768, 5, 20), 'train_samples': 1284, 'num_classes': 3, 'language': 'en', 'missing_seed': (111, 1111, 11111), 'data_missing': True, 'deal_missing': False, 'need_data_aligned': False, 'need_model_aligned': False, 'need_normalized': False, 'use_bert': True, 'use_finetune': True, 'save_labels': False, 'early_stop': 8, 'update_epochs': 4, 'batch_size': 32, 'learning_rate_bert': 5e-05, 'learning_rate_audio': 0.001, 'learning_rate_video': 0.0001, 'learning_rate_other': 0.001, 'weight_decay_bert': 0.001, 'weight_decay_audio': 0.01, 'weight_decay_video': 0.001, 'weight_decay_other': 0.001, 'a_lstm_hidden_size': 32, 'v_lstm_hidden_size': 64, 'a_lstm_layers': 1, 'v_lstm_layers': 1, 'text_out': 768, 'audio_out': 16, 'video_out': 32, 'a_lstm_dropout': 0.0, 'v_lstm_dropout': 0.0, 't_bert_dropout': 0.1, 'd_model': 128, 'fusion_layers': 4, 'heads': 4, 'learnable_pos_emb': False, 'emb_dropout': 0.0, 'attn_dropout': 0.2, 'ff_dropout': 0.1, 'ff_expansion': 4, 'mpu_share': True, 'modality_share': True, 'layer_share': True, 'attn_act_fn': 'tanh', 'gmc_tokens_pred_dim': 128, 'text_pred_dim': 256, 'audio_pred_dim': 8, 'video_pred_dim': 16, 'recon_loss': 'SmoothL1Loss', 'loss_recon_weight': 1, 'loss_attra_weight': 1, 'use_uncertainty_weighted_attra': True, 'use_per_modal_uncertainty_weight': True, 'uncertainty_attra_alpha': 0.2, 'modal_attra_weights': {'gmc': 1.0, 'text': 1.1, 'audio': 1.0, 'video': 1.0}, 'uncertainty_reg_weight': 0.1, 'uncertainty_reg_margin': 1e-05, 'uncertainty_before_weight': 0.1, 'kl_reg_weight': 0.001, 'post_fusion_dim': 256, 'post_fusion_dropout': 0.3, 'H': 3.0, 'boundary_loss_weight': 0.1, 'cur_time': 3, 'model_save_path': 'results/mosi/emt-dlfr/run_once/models/emt-dlfr-mosi-regression-mr0.4-11111.pth', 'device': device(type='cuda', index=5), 'tasks': 'M'}>",11111,72.59,72.59,73.48,73.55,39.65,35.57,104.42,55.25,-113.08,104.52
2026-02-27_19-21-41,emt-dlfr,"<Storage{'need_task_scheduling': False, 'is_tune': False, 'train_mode': 'regression', 'modelName': 'emt-dlfr', 'datasetName': 'mosi', 'num_workers': 4, 'model_save_dir': 'results/mosi/emt-dlfr/run_once/models', 'res_save_dir': 'results/mosi/emt-dlfr/run_once/results', 'gpu_ids': [5], 'missing_rates': array([0. , 0.1, 0.2, 0.3, 0.4, 0.5, 0.6, 0.7, 0.8, 0.9, 1. ]), 'seed': 11111, 'num_seeds': 3, 'exp_name': 'moe-uncertainty', 'diff_missing': None, 'KeyEval': 'Loss', 'save_model': True, 'unified_missing': False, 'use_normalized_data': False, 'seeds': [111, 1111, 11111], 'missing_rate': (0.4, 0.4, 0.4), 'dataPath': '/mnt/HDD2/teng/Master-23/sjc/work2/EMT-DLFR-master-based/MMSA/Datasets/MOSI/Processed/unaligned_50.pkl', 'seq_lens': (50, 375, 500), 'feature_dims': (768, 5, 20), 'train_samples': 1284, 'num_classes': 3, 'language': 'en', 'missing_seed': (111, 1111, 11111), 'data_missing': True, 'deal_missing': False, 'need_data_aligned': False, 'need_model_aligned': False, 'need_normalized': False, 'use_bert': True, 'use_finetune': True, 'save_labels': False, 'early_stop': 8, 'update_epochs': 4, 'batch_size': 32, 'learning_rate_bert': 5e-05, 'learning_rate_audio': 0.001, 'learning_rate_video': 0.0001, 'learning_rate_other': 0.001, 'weight_decay_bert': 0.001, 'weight_decay_audio': 0.01, 'weight_decay_video': 0.001, 'weight_decay_other': 0.001, 'a_lstm_hidden_size': 32, 'v_lstm_hidden_size': 64, 'a_lstm_layers': 1, 'v_lstm_layers': 1, 'text_out': 768, 'audio_out': 16, 'video_out': 32, 'a_lstm_dropout': 0.0, 'v_lstm_dropout': 0.0, 't_bert_dropout': 0.1, 'd_model': 128, 'fusion_layers': 4, 'heads': 4, 'learnable_pos_emb': False, 'emb_dropout': 0.0, 'attn_dropout': 0.2, 'ff_dropout': 0.1, 'ff_expansion': 4, 'mpu_share': True, 'modality_share': True, 'layer_share': True, 'attn_act_fn': 'tanh', 'gmc_tokens_pred_dim': 128, 'text_pred_dim': 256, 'audio_pred_dim': 8, 'video_pred_dim': 16, 'recon_loss': 'SmoothL1Loss', 'loss_recon_weight': 1, 'loss_attra_weight': 1, 'use_uncertainty_weighted_attra': True, 'use_per_modal_uncertainty_weight': True, 'uncertainty_attra_alpha': 0.2, 'modal_attra_weights': {'gmc': 1.0, 'text': 1.1, 'audio': 1.0, 'video': 1.0}, 'uncertainty_reg_weight': 0.1, 'uncertainty_reg_margin': 1e-05, 'uncertainty_before_weight': 0.1, 'kl_reg_weight': 0.001, 'post_fusion_dim': 256, 'post_fusion_dropout': 0.3, 'H': 3.0, 'boundary_loss_weight': 0.1, 'cur_time': 3, 'model_save_path': 'results/mosi/emt-dlfr/run_once/models/emt-dlfr-mosi-regression-mr0.4-11111.pth', 'device': device(type='cuda', index=5), 'tasks': 'M'}>",<mean/std>,"(72.69, 0.48)","(72.73, 0.48)","(73.53, 0.56)","(73.64, 0.56)","(38.53, 0.79)","(34.6, 0.7)","(104.19, 0.91)","(56.02, 0.55)","(-117.64, 3.64)","(103.85, 1.1)"
2026-02-27_19-21-41,emt-dlfr,"<Storage{'need_task_scheduling': False, 'is_tune': False, 'train_mode': 'regression', 'modelName': 'emt-dlfr', 'datasetName': 'mosi', 'num_workers': 4, 'model_save_dir': 'results/mosi/emt-dlfr/run_once/models', 'res_save_dir': 'results/mosi/emt-dlfr/run_once/results', 'gpu_ids': [5], 'missing_rates': array([0. , 0.1, 0.2, 0.3, 0.4, 0.5, 0.6, 0.7, 0.8, 0.9, 1. ]), 'seed': 11111, 'num_seeds': 3, 'exp_name': 'moe-uncertainty', 'diff_missing': None, 'KeyEval': 'Loss', 'save_model': True, 'unified_missing': False, 'use_normalized_data': False, 'seeds': [111, 1111, 11111], 'missing_rate': (0.4, 0.4, 0.4), 'dataPath': '/mnt/HDD2/teng/Master-23/sjc/work2/EMT-DLFR-master-based/MMSA/Datasets/MOSI/Processed/unaligned_50.pkl', 'seq_lens': (50, 375, 500), 'feature_dims': (768, 5, 20), 'train_samples': 1284, 'num_classes': 3, 'language': 'en', 'missing_seed': (111, 1111, 11111), 'data_missing': True, 'deal_missing': False, 'need_data_aligned': False, 'need_model_aligned': False, 'need_normalized': False, 'use_bert': True, 'use_finetune': True, 'save_labels': False, 'early_stop': 8, 'update_epochs': 4, 'batch_size': 32, 'learning_rate_bert': 5e-05, 'learning_rate_audio': 0.001, 'learning_rate_video': 0.0001, 'learning_rate_other': 0.001, 'weight_decay_bert': 0.001, 'weight_decay_audio': 0.01, 'weight_decay_video': 0.001, 'weight_decay_other': 0.001, 'a_lstm_hidden_size': 32, 'v_lstm_hidden_size': 64, 'a_lstm_layers': 1, 'v_lstm_layers': 1, 'text_out': 768, 'audio_out': 16, 'video_out': 32, 'a_lstm_dropout': 0.0, 'v_lstm_dropout': 0.0, 't_bert_dropout': 0.1, 'd_model': 128, 'fusion_layers': 4, 'heads': 4, 'learnable_pos_emb': False, 'emb_dropout': 0.0, 'attn_dropout': 0.2, 'ff_dropout': 0.1, 'ff_expansion': 4, 'mpu_share': True, 'modality_share': True, 'layer_share': True, 'attn_act_fn': 'tanh', 'gmc_tokens_pred_dim': 128, 'text_pred_dim': 256, 'audio_pred_dim': 8, 'video_pred_dim': 16, 'recon_loss': 'SmoothL1Loss', 'loss_recon_weight': 1, 'loss_attra_weight': 1, 'use_uncertainty_weighted_attra': True, 'use_per_modal_uncertainty_weight': True, 'uncertainty_attra_alpha': 0.2, 'modal_attra_weights': {'gmc': 1.0, 'text': 1.1, 'audio': 1.0, 'video': 1.0}, 'uncertainty_reg_weight': 0.1, 'uncertainty_reg_margin': 1e-05, 'uncertainty_before_weight': 0.1, 'kl_reg_weight': 0.001, 'post_fusion_dim': 256, 'post_fusion_dropout': 0.3, 'H': 3.0, 'boundary_loss_weight': 0.1, 'cur_time': 3, 'model_save_path': 'results/mosi/emt-dlfr/run_once/models/emt-dlfr-mosi-regression-mr0.4-11111.pth', 'device': device(type='cuda', index=5), 'tasks': 'M'}>",<max/seed>,"(73.32, 111)","(73.38, 111)","(74.24, 111)","(74.37, 111)","(39.65, 11111)","(35.57, 11111)","(105.17, 1111)","(56.49, 1111)","(-113.08, 11111)","(104.71, 1111)"
2026-02-27_19-21-41,emt-dlfr,"<Storage{'need_task_scheduling': False, 'is_tune': False, 'train_mode': 'regression', 'modelName': 'emt-dlfr', 'datasetName': 'mosi', 'num_workers': 4, 'model_save_dir': 'results/mosi/emt-dlfr/run_once/models', 'res_save_dir': 'results/mosi/emt-dlfr/run_once/results', 'gpu_ids': [5], 'missing_rates': array([0. , 0.1, 0.2, 0.3, 0.4, 0.5, 0.6, 0.7, 0.8, 0.9, 1. ]), 'seed': 11111, 'num_seeds': 3, 'exp_name': 'moe-uncertainty', 'diff_missing': None, 'KeyEval': 'Loss', 'save_model': True, 'unified_missing': False, 'use_normalized_data': False, 'seeds': [111, 1111, 11111], 'missing_rate': (0.4, 0.4, 0.4), 'dataPath': '/mnt/HDD2/teng/Master-23/sjc/work2/EMT-DLFR-master-based/MMSA/Datasets/MOSI/Processed/unaligned_50.pkl', 'seq_lens': (50, 375, 500), 'feature_dims': (768, 5, 20), 'train_samples': 1284, 'num_classes': 3, 'language': 'en', 'missing_seed': (111, 1111, 11111), 'data_missing': True, 'deal_missing': False, 'need_data_aligned': False, 'need_model_aligned': False, 'need_normalized': False, 'use_bert': True, 'use_finetune': True, 'save_labels': False, 'early_stop': 8, 'update_epochs': 4, 'batch_size': 32, 'learning_rate_bert': 5e-05, 'learning_rate_audio': 0.001, 'learning_rate_video': 0.0001, 'learning_rate_other': 0.001, 'weight_decay_bert': 0.001, 'weight_decay_audio': 0.01, 'weight_decay_video': 0.001, 'weight_decay_other': 0.001, 'a_lstm_hidden_size': 32, 'v_lstm_hidden_size': 64, 'a_lstm_layers': 1, 'v_lstm_layers': 1, 'text_out': 768, 'audio_out': 16, 'video_out': 32, 'a_lstm_dropout': 0.0, 'v_lstm_dropout': 0.0, 't_bert_dropout': 0.1, 'd_model': 128, 'fusion_layers': 4, 'heads': 4, 'learnable_pos_emb': False, 'emb_dropout': 0.0, 'attn_dropout': 0.2, 'ff_dropout': 0.1, 'ff_expansion': 4, 'mpu_share': True, 'modality_share': True, 'layer_share': True, 'attn_act_fn': 'tanh', 'gmc_tokens_pred_dim': 128, 'text_pred_dim': 256, 'audio_pred_dim': 8, 'video_pred_dim': 16, 'recon_loss': 'SmoothL1Loss', 'loss_recon_weight': 1, 'loss_attra_weight': 1, 'use_uncertainty_weighted_attra': True, 'use_per_modal_uncertainty_weight': True, 'uncertainty_attra_alpha': 0.2, 'modal_attra_weights': {'gmc': 1.0, 'text': 1.1, 'audio': 1.0, 'video': 1.0}, 'uncertainty_reg_weight': 0.1, 'uncertainty_reg_margin': 1e-05, 'uncertainty_before_weight': 0.1, 'kl_reg_weight': 0.001, 'post_fusion_dim': 256, 'post_fusion_dropout': 0.3, 'H': 3.0, 'boundary_loss_weight': 0.1, 'cur_time': 3, 'model_save_path': 'results/mosi/emt-dlfr/run_once/models/emt-dlfr-mosi-regression-mr0.4-11111.pth', 'device': device(type='cuda', index=5), 'tasks': 'M'}>",<min/seed>,"(72.16, 1111)","(72.22, 1111)","(72.87, 1111)","(73.01, 1111)","(37.9, 1111)","(33.97, 1111)","(102.98, 111)","(55.25, 11111)","(-122.0, 1111)","(102.3, 111)"
2026-02-28_06-45-58,emt-dlfr,"<Storage{'need_task_scheduling': False, 'is_tune': False, 'train_mode': 'regression', 'modelName': 'emt-dlfr', 'datasetName': 'mosi', 'num_workers': 4, 'model_save_dir': 'results/mosi/emt-dlfr/run_once/models', 'res_save_dir': 'results/mosi/emt-dlfr/run_once/results', 'gpu_ids': [5], 'missing_rates': array([0. , 0.1, 0.2, 0.3, 0.4, 0.5, 0.6, 0.7, 0.8, 0.9, 1. ]), 'seed': 11111, 'num_seeds': 3, 'exp_name': 'moe-uncertainty', 'diff_missing': None, 'KeyEval': 'Loss', 'save_model': True, 'unified_missing': False, 'use_normalized_data': False, 'seeds': [111, 1111, 11111], 'missing_rate': (0.4, 0.4, 0.4), 'dataPath': '/mnt/HDD2/teng/Master-23/sjc/work2/EMT-DLFR-master-based/MMSA/Datasets/MOSI/Processed/unaligned_50.pkl', 'seq_lens': (50, 375, 500), 'feature_dims': (768, 5, 20), 'train_samples': 1284, 'num_classes': 3, 'language': 'en', 'missing_seed': (111, 1111, 11111), 'data_missing': True, 'deal_missing': False, 'need_data_aligned': False, 'need_model_aligned': False, 'need_normalized': False, 'use_bert': True, 'use_finetune': True, 'save_labels': False, 'early_stop': 8, 'update_epochs': 4, 'batch_size': 32, 'learning_rate_bert': 5e-05, 'learning_rate_audio': 0.001, 'learning_rate_video': 0.0001, 'learning_rate_other': 0.001, 'weight_decay_bert': 0.001, 'weight_decay_audio': 0.01, 'weight_decay_video': 0.001, 'weight_decay_other': 0.001, 'a_lstm_hidden_size': 32, 'v_lstm_hidden_size': 64, 'a_lstm_layers': 1, 'v_lstm_layers': 1, 'text_out': 768, 'audio_out': 16, 'video_out': 32, 'a_lstm_dropout': 0.0, 'v_lstm_dropout': 0.0, 't_bert_dropout': 0.1, 'd_model': 128, 'fusion_layers': 4, 'heads': 4, 'learnable_pos_emb': False, 'emb_dropout': 0.0, 'attn_dropout': 0.2, 'ff_dropout': 0.1, 'ff_expansion': 4, 'mpu_share': True, 'modality_share': True, 'layer_share': True, 'attn_act_fn': 'tanh', 'gmc_tokens_pred_dim': 128, 'text_pred_dim': 256, 'audio_pred_dim': 8, 'video_pred_dim': 16, 'recon_loss': 'SmoothL1Loss', 'loss_recon_weight': 1, 'loss_attra_weight': 1, 'use_uncertainty_weighted_attra': True, 'use_per_modal_uncertainty_weight': True, 'uncertainty_attra_alpha': 1, 'modal_attra_weights': {'gmc': 1.0, 'text': 1.1, 'audio': 1.0, 'video': 1.0}, 'uncertainty_reg_weight': 0.1, 'uncertainty_reg_margin': 1e-05, 'uncertainty_before_weight': 0.1, 'kl_reg_weight': 0.001, 'post_fusion_dim': 256, 'post_fusion_dropout': 0.3, 'H': 3.0, 'boundary_loss_weight': 0.1, 'cur_time': 3, 'model_save_path': 'results/mosi/emt-dlfr/run_once/models/emt-dlfr-mosi-regression-mr0.4-11111.pth', 'device': device(type='cuda', index=5), 'tasks': 'M'}>",111,72.16,72.18,73.02,73.13,37.61,34.11,102.58,56.65,-127.15,102.03
2026-02-28_06-45-58,emt-dlfr,"<Storage{'need_task_scheduling': False, 'is_tune': False, 'train_mode': 'regression', 'modelName': 'emt-dlfr', 'datasetName': 'mosi', 'num_workers': 4, 'model_save_dir': 'results/mosi/emt-dlfr/run_once/models', 'res_save_dir': 'results/mosi/emt-dlfr/run_once/results', 'gpu_ids': [5], 'missing_rates': array([0. , 0.1, 0.2, 0.3, 0.4, 0.5, 0.6, 0.7, 0.8, 0.9, 1. ]), 'seed': 11111, 'num_seeds': 3, 'exp_name': 'moe-uncertainty', 'diff_missing': None, 'KeyEval': 'Loss', 'save_model': True, 'unified_missing': False, 'use_normalized_data': False, 'seeds': [111, 1111, 11111], 'missing_rate': (0.4, 0.4, 0.4), 'dataPath': '/mnt/HDD2/teng/Master-23/sjc/work2/EMT-DLFR-master-based/MMSA/Datasets/MOSI/Processed/unaligned_50.pkl', 'seq_lens': (50, 375, 500), 'feature_dims': (768, 5, 20), 'train_samples': 1284, 'num_classes': 3, 'language': 'en', 'missing_seed': (111, 1111, 11111), 'data_missing': True, 'deal_missing': False, 'need_data_aligned': False, 'need_model_aligned': False, 'need_normalized': False, 'use_bert': True, 'use_finetune': True, 'save_labels': False, 'early_stop': 8, 'update_epochs': 4, 'batch_size': 32, 'learning_rate_bert': 5e-05, 'learning_rate_audio': 0.001, 'learning_rate_video': 0.0001, 'learning_rate_other': 0.001, 'weight_decay_bert': 0.001, 'weight_decay_audio': 0.01, 'weight_decay_video': 0.001, 'weight_decay_other': 0.001, 'a_lstm_hidden_size': 32, 'v_lstm_hidden_size': 64, 'a_lstm_layers': 1, 'v_lstm_layers': 1, 'text_out': 768, 'audio_out': 16, 'video_out': 32, 'a_lstm_dropout': 0.0, 'v_lstm_dropout': 0.0, 't_bert_dropout': 0.1, 'd_model': 128, 'fusion_layers': 4, 'heads': 4, 'learnable_pos_emb': False, 'emb_dropout': 0.0, 'attn_dropout': 0.2, 'ff_dropout': 0.1, 'ff_expansion': 4, 'mpu_share': True, 'modality_share': True, 'layer_share': True, 'attn_act_fn': 'tanh', 'gmc_tokens_pred_dim': 128, 'text_pred_dim': 256, 'audio_pred_dim': 8, 'video_pred_dim': 16, 'recon_loss': 'SmoothL1Loss', 'loss_recon_weight': 1, 'loss_attra_weight': 1, 'use_uncertainty_weighted_attra': True, 'use_per_modal_uncertainty_weight': True, 'uncertainty_attra_alpha': 1, 'modal_attra_weights': {'gmc': 1.0, 'text': 1.1, 'audio': 1.0, 'video': 1.0}, 'uncertainty_reg_weight': 0.1, 'uncertainty_reg_margin': 1e-05, 'uncertainty_before_weight': 0.1, 'kl_reg_weight': 0.001, 'post_fusion_dim': 256, 'post_fusion_dropout': 0.3, 'H': 3.0, 'boundary_loss_weight': 0.1, 'cur_time': 3, 'model_save_path': 'results/mosi/emt-dlfr/run_once/models/emt-dlfr-mosi-regression-mr0.4-11111.pth', 'device': device(type='cuda', index=5), 'tasks': 'M'}>",1111,72.16,72.18,72.56,72.66,38.05,33.67,105.24,56.19,-117.42,104.85
2026-02-28_06-45-58,emt-dlfr,"<Storage{'need_task_scheduling': False, 'is_tune': False, 'train_mode': 'regression', 'modelName': 'emt-dlfr', 'datasetName': 'mosi', 'num_workers': 4, 'model_save_dir': 'results/mosi/emt-dlfr/run_once/models', 'res_save_dir': 'results/mosi/emt-dlfr/run_once/results', 'gpu_ids': [5], 'missing_rates': array([0. , 0.1, 0.2, 0.3, 0.4, 0.5, 0.6, 0.7, 0.8, 0.9, 1. ]), 'seed': 11111, 'num_seeds': 3, 'exp_name': 'moe-uncertainty', 'diff_missing': None, 'KeyEval': 'Loss', 'save_model': True, 'unified_missing': False, 'use_normalized_data': False, 'seeds': [111, 1111, 11111], 'missing_rate': (0.4, 0.4, 0.4), 'dataPath': '/mnt/HDD2/teng/Master-23/sjc/work2/EMT-DLFR-master-based/MMSA/Datasets/MOSI/Processed/unaligned_50.pkl', 'seq_lens': (50, 375, 500), 'feature_dims': (768, 5, 20), 'train_samples': 1284, 'num_classes': 3, 'language': 'en', 'missing_seed': (111, 1111, 11111), 'data_missing': True, 'deal_missing': False, 'need_data_aligned': False, 'need_model_aligned': False, 'need_normalized': False, 'use_bert': True, 'use_finetune': True, 'save_labels': False, 'early_stop': 8, 'update_epochs': 4, 'batch_size': 32, 'learning_rate_bert': 5e-05, 'learning_rate_audio': 0.001, 'learning_rate_video': 0.0001, 'learning_rate_other': 0.001, 'weight_decay_bert': 0.001, 'weight_decay_audio': 0.01, 'weight_decay_video': 0.001, 'weight_decay_other': 0.001, 'a_lstm_hidden_size': 32, 'v_lstm_hidden_size': 64, 'a_lstm_layers': 1, 'v_lstm_layers': 1, 'text_out': 768, 'audio_out': 16, 'video_out': 32, 'a_lstm_dropout': 0.0, 'v_lstm_dropout': 0.0, 't_bert_dropout': 0.1, 'd_model': 128, 'fusion_layers': 4, 'heads': 4, 'learnable_pos_emb': False, 'emb_dropout': 0.0, 'attn_dropout': 0.2, 'ff_dropout': 0.1, 'ff_expansion': 4, 'mpu_share': True, 'modality_share': True, 'layer_share': True, 'attn_act_fn': 'tanh', 'gmc_tokens_pred_dim': 128, 'text_pred_dim': 256, 'audio_pred_dim': 8, 'video_pred_dim': 16, 'recon_loss': 'SmoothL1Loss', 'loss_recon_weight': 1, 'loss_attra_weight': 1, 'use_uncertainty_weighted_attra': True, 'use_per_modal_uncertainty_weight': True, 'uncertainty_attra_alpha': 1, 'modal_attra_weights': {'gmc': 1.0, 'text': 1.1, 'audio': 1.0, 'video': 1.0}, 'uncertainty_reg_weight': 0.1, 'uncertainty_reg_margin': 1e-05, 'uncertainty_before_weight': 0.1, 'kl_reg_weight': 0.001, 'post_fusion_dim': 256, 'post_fusion_dropout': 0.3, 'H': 3.0, 'boundary_loss_weight': 0.1, 'cur_time': 3, 'model_save_path': 'results/mosi/emt-dlfr/run_once/models/emt-dlfr-mosi-regression-mr0.4-11111.pth', 'device': device(type='cuda', index=5), 'tasks': 'M'}>",11111,73.03,72.86,74.39,74.31,39.8,35.57,100.54,56.83,-132.48,99.94
2026-02-28_06-45-58,emt-dlfr,"<Storage{'need_task_scheduling': False, 'is_tune': False, 'train_mode': 'regression', 'modelName': 'emt-dlfr', 'datasetName': 'mosi', 'num_workers': 4, 'model_save_dir': 'results/mosi/emt-dlfr/run_once/models', 'res_save_dir': 'results/mosi/emt-dlfr/run_once/results', 'gpu_ids': [5], 'missing_rates': array([0. , 0.1, 0.2, 0.3, 0.4, 0.5, 0.6, 0.7, 0.8, 0.9, 1. ]), 'seed': 11111, 'num_seeds': 3, 'exp_name': 'moe-uncertainty', 'diff_missing': None, 'KeyEval': 'Loss', 'save_model': True, 'unified_missing': False, 'use_normalized_data': False, 'seeds': [111, 1111, 11111], 'missing_rate': (0.4, 0.4, 0.4), 'dataPath': '/mnt/HDD2/teng/Master-23/sjc/work2/EMT-DLFR-master-based/MMSA/Datasets/MOSI/Processed/unaligned_50.pkl', 'seq_lens': (50, 375, 500), 'feature_dims': (768, 5, 20), 'train_samples': 1284, 'num_classes': 3, 'language': 'en', 'missing_seed': (111, 1111, 11111), 'data_missing': True, 'deal_missing': False, 'need_data_aligned': False, 'need_model_aligned': False, 'need_normalized': False, 'use_bert': True, 'use_finetune': True, 'save_labels': False, 'early_stop': 8, 'update_epochs': 4, 'batch_size': 32, 'learning_rate_bert': 5e-05, 'learning_rate_audio': 0.001, 'learning_rate_video': 0.0001, 'learning_rate_other': 0.001, 'weight_decay_bert': 0.001, 'weight_decay_audio': 0.01, 'weight_decay_video': 0.001, 'weight_decay_other': 0.001, 'a_lstm_hidden_size': 32, 'v_lstm_hidden_size': 64, 'a_lstm_layers': 1, 'v_lstm_layers': 1, 'text_out': 768, 'audio_out': 16, 'video_out': 32, 'a_lstm_dropout': 0.0, 'v_lstm_dropout': 0.0, 't_bert_dropout': 0.1, 'd_model': 128, 'fusion_layers': 4, 'heads': 4, 'learnable_pos_emb': False, 'emb_dropout': 0.0, 'attn_dropout': 0.2, 'ff_dropout': 0.1, 'ff_expansion': 4, 'mpu_share': True, 'modality_share': True, 'layer_share': True, 'attn_act_fn': 'tanh', 'gmc_tokens_pred_dim': 128, 'text_pred_dim': 256, 'audio_pred_dim': 8, 'video_pred_dim': 16, 'recon_loss': 'SmoothL1Loss', 'loss_recon_weight': 1, 'loss_attra_weight': 1, 'use_uncertainty_weighted_attra': True, 'use_per_modal_uncertainty_weight': True, 'uncertainty_attra_alpha': 1, 'modal_attra_weights': {'gmc': 1.0, 'text': 1.1, 'audio': 1.0, 'video': 1.0}, 'uncertainty_reg_weight': 0.1, 'uncertainty_reg_margin': 1e-05, 'uncertainty_before_weight': 0.1, 'kl_reg_weight': 0.001, 'post_fusion_dim': 256, 'post_fusion_dropout': 0.3, 'H': 3.0, 'boundary_loss_weight': 0.1, 'cur_time': 3, 'model_save_path': 'results/mosi/emt-dlfr/run_once/models/emt-dlfr-mosi-regression-mr0.4-11111.pth', 'device': device(type='cuda', index=5), 'tasks': 'M'}>",<mean/std>,"(72.45, 0.41)","(72.41, 0.32)","(73.32, 0.78)","(73.37, 0.69)","(38.49, 0.95)","(34.45, 0.81)","(102.79, 1.92)","(56.56, 0.27)","(-125.69, 6.23)","(102.27, 2.01)"
2026-02-28_06-45-58,emt-dlfr,"<Storage{'need_task_scheduling': False, 'is_tune': False, 'train_mode': 'regression', 'modelName': 'emt-dlfr', 'datasetName': 'mosi', 'num_workers': 4, 'model_save_dir': 'results/mosi/emt-dlfr/run_once/models', 'res_save_dir': 'results/mosi/emt-dlfr/run_once/results', 'gpu_ids': [5], 'missing_rates': array([0. , 0.1, 0.2, 0.3, 0.4, 0.5, 0.6, 0.7, 0.8, 0.9, 1. ]), 'seed': 11111, 'num_seeds': 3, 'exp_name': 'moe-uncertainty', 'diff_missing': None, 'KeyEval': 'Loss', 'save_model': True, 'unified_missing': False, 'use_normalized_data': False, 'seeds': [111, 1111, 11111], 'missing_rate': (0.4, 0.4, 0.4), 'dataPath': '/mnt/HDD2/teng/Master-23/sjc/work2/EMT-DLFR-master-based/MMSA/Datasets/MOSI/Processed/unaligned_50.pkl', 'seq_lens': (50, 375, 500), 'feature_dims': (768, 5, 20), 'train_samples': 1284, 'num_classes': 3, 'language': 'en', 'missing_seed': (111, 1111, 11111), 'data_missing': True, 'deal_missing': False, 'need_data_aligned': False, 'need_model_aligned': False, 'need_normalized': False, 'use_bert': True, 'use_finetune': True, 'save_labels': False, 'early_stop': 8, 'update_epochs': 4, 'batch_size': 32, 'learning_rate_bert': 5e-05, 'learning_rate_audio': 0.001, 'learning_rate_video': 0.0001, 'learning_rate_other': 0.001, 'weight_decay_bert': 0.001, 'weight_decay_audio': 0.01, 'weight_decay_video': 0.001, 'weight_decay_other': 0.001, 'a_lstm_hidden_size': 32, 'v_lstm_hidden_size': 64, 'a_lstm_layers': 1, 'v_lstm_layers': 1, 'text_out': 768, 'audio_out': 16, 'video_out': 32, 'a_lstm_dropout': 0.0, 'v_lstm_dropout': 0.0, 't_bert_dropout': 0.1, 'd_model': 128, 'fusion_layers': 4, 'heads': 4, 'learnable_pos_emb': False, 'emb_dropout': 0.0, 'attn_dropout': 0.2, 'ff_dropout': 0.1, 'ff_expansion': 4, 'mpu_share': True, 'modality_share': True, 'layer_share': True, 'attn_act_fn': 'tanh', 'gmc_tokens_pred_dim': 128, 'text_pred_dim': 256, 'audio_pred_dim': 8, 'video_pred_dim': 16, 'recon_loss': 'SmoothL1Loss', 'loss_recon_weight': 1, 'loss_attra_weight': 1, 'use_uncertainty_weighted_attra': True, 'use_per_modal_uncertainty_weight': True, 'uncertainty_attra_alpha': 1, 'modal_attra_weights': {'gmc': 1.0, 'text': 1.1, 'audio': 1.0, 'video': 1.0}, 'uncertainty_reg_weight': 0.1, 'uncertainty_reg_margin': 1e-05, 'uncertainty_before_weight': 0.1, 'kl_reg_weight': 0.001, 'post_fusion_dim': 256, 'post_fusion_dropout': 0.3, 'H': 3.0, 'boundary_loss_weight': 0.1, 'cur_time': 3, 'model_save_path': 'results/mosi/emt-dlfr/run_once/models/emt-dlfr-mosi-regression-mr0.4-11111.pth', 'device': device(type='cuda', index=5), 'tasks': 'M'}>",<max/seed>,"(73.03, 11111)","(72.86, 11111)","(74.39, 11111)","(74.31, 11111)","(39.8, 11111)","(35.57, 11111)","(105.24, 1111)","(56.83, 11111)","(-117.42, 1111)","(104.85, 1111)"
2026-02-28_06-45-58,emt-dlfr,"<Storage{'need_task_scheduling': False, 'is_tune': False, 'train_mode': 'regression', 'modelName': 'emt-dlfr', 'datasetName': 'mosi', 'num_workers': 4, 'model_save_dir': 'results/mosi/emt-dlfr/run_once/models', 'res_save_dir': 'results/mosi/emt-dlfr/run_once/results', 'gpu_ids': [5], 'missing_rates': array([0. , 0.1, 0.2, 0.3, 0.4, 0.5, 0.6, 0.7, 0.8, 0.9, 1. ]), 'seed': 11111, 'num_seeds': 3, 'exp_name': 'moe-uncertainty', 'diff_missing': None, 'KeyEval': 'Loss', 'save_model': True, 'unified_missing': False, 'use_normalized_data': False, 'seeds': [111, 1111, 11111], 'missing_rate': (0.4, 0.4, 0.4), 'dataPath': '/mnt/HDD2/teng/Master-23/sjc/work2/EMT-DLFR-master-based/MMSA/Datasets/MOSI/Processed/unaligned_50.pkl', 'seq_lens': (50, 375, 500), 'feature_dims': (768, 5, 20), 'train_samples': 1284, 'num_classes': 3, 'language': 'en', 'missing_seed': (111, 1111, 11111), 'data_missing': True, 'deal_missing': False, 'need_data_aligned': False, 'need_model_aligned': False, 'need_normalized': False, 'use_bert': True, 'use_finetune': True, 'save_labels': False, 'early_stop': 8, 'update_epochs': 4, 'batch_size': 32, 'learning_rate_bert': 5e-05, 'learning_rate_audio': 0.001, 'learning_rate_video': 0.0001, 'learning_rate_other': 0.001, 'weight_decay_bert': 0.001, 'weight_decay_audio': 0.01, 'weight_decay_video': 0.001, 'weight_decay_other': 0.001, 'a_lstm_hidden_size': 32, 'v_lstm_hidden_size': 64, 'a_lstm_layers': 1, 'v_lstm_layers': 1, 'text_out': 768, 'audio_out': 16, 'video_out': 32, 'a_lstm_dropout': 0.0, 'v_lstm_dropout': 0.0, 't_bert_dropout': 0.1, 'd_model': 128, 'fusion_layers': 4, 'heads': 4, 'learnable_pos_emb': False, 'emb_dropout': 0.0, 'attn_dropout': 0.2, 'ff_dropout': 0.1, 'ff_expansion': 4, 'mpu_share': True, 'modality_share': True, 'layer_share': True, 'attn_act_fn': 'tanh', 'gmc_tokens_pred_dim': 128, 'text_pred_dim': 256, 'audio_pred_dim': 8, 'video_pred_dim': 16, 'recon_loss': 'SmoothL1Loss', 'loss_recon_weight': 1, 'loss_attra_weight': 1, 'use_uncertainty_weighted_attra': True, 'use_per_modal_uncertainty_weight': True, 'uncertainty_attra_alpha': 1, 'modal_attra_weights': {'gmc': 1.0, 'text': 1.1, 'audio': 1.0, 'video': 1.0}, 'uncertainty_reg_weight': 0.1, 'uncertainty_reg_margin': 1e-05, 'uncertainty_before_weight': 0.1, 'kl_reg_weight': 0.001, 'post_fusion_dim': 256, 'post_fusion_dropout': 0.3, 'H': 3.0, 'boundary_loss_weight': 0.1, 'cur_time': 3, 'model_save_path': 'results/mosi/emt-dlfr/run_once/models/emt-dlfr-mosi-regression-mr0.4-11111.pth', 'device': device(type='cuda', index=5), 'tasks': 'M'}>",<min/seed>,"(72.16, 111)","(72.18, 111)","(72.56, 1111)","(72.66, 1111)","(37.61, 111)","(33.67, 1111)","(100.54, 11111)","(56.19, 1111)","(-132.48, 11111)","(99.94, 11111)"
2026-02-28_13-47-23,emt-dlfr,"<Storage{'need_task_scheduling': False, 'is_tune': False, 'train_mode': 'regression', 'modelName': 'emt-dlfr', 'datasetName': 'mosi', 'num_workers': 4, 'model_save_dir': 'results/mosi/emt-dlfr/run_once/models', 'res_save_dir': 'results/mosi/emt-dlfr/run_once/results', 'gpu_ids': [5], 'missing_rates': array([0. , 0.1, 0.2, 0.3, 0.4, 0.5, 0.6, 0.7, 0.8, 0.9, 1. ]), 'seed': 11111, 'num_seeds': 3, 'exp_name': 'moe-uncertainty', 'diff_missing': None, 'KeyEval': 'Loss', 'save_model': True, 'unified_missing': False, 'use_normalized_data': False, 'seeds': [111, 1111, 11111], 'missing_rate': (0.4, 0.4, 0.4), 'dataPath': '/mnt/HDD2/teng/Master-23/sjc/work2/EMT-DLFR-master-based/MMSA/Datasets/MOSI/Processed/unaligned_50.pkl', 'seq_lens': (50, 375, 500), 'feature_dims': (768, 5, 20), 'train_samples': 1284, 'num_classes': 3, 'language': 'en', 'missing_seed': (111, 1111, 11111), 'data_missing': True, 'deal_missing': False, 'need_data_aligned': False, 'need_model_aligned': False, 'need_normalized': False, 'use_bert': True, 'use_finetune': True, 'save_labels': False, 'early_stop': 8, 'update_epochs': 4, 'batch_size': 32, 'learning_rate_bert': 5e-05, 'learning_rate_audio': 0.001, 'learning_rate_video': 0.0001, 'learning_rate_other': 0.001, 'weight_decay_bert': 0.001, 'weight_decay_audio': 0.01, 'weight_decay_video': 0.001, 'weight_decay_other': 0.001, 'a_lstm_hidden_size': 32, 'v_lstm_hidden_size': 64, 'a_lstm_layers': 1, 'v_lstm_layers': 1, 'text_out': 768, 'audio_out': 16, 'video_out': 32, 'a_lstm_dropout': 0.0, 'v_lstm_dropout': 0.0, 't_bert_dropout': 0.1, 'd_model': 128, 'fusion_layers': 4, 'heads': 4, 'learnable_pos_emb': False, 'emb_dropout': 0.0, 'attn_dropout': 0.2, 'ff_dropout': 0.1, 'ff_expansion': 4, 'mpu_share': True, 'modality_share': True, 'layer_share': True, 'attn_act_fn': 'tanh', 'gmc_tokens_pred_dim': 128, 'text_pred_dim': 256, 'audio_pred_dim': 8, 'video_pred_dim': 16, 'recon_loss': 'SmoothL1Loss', 'loss_recon_weight': 1, 'loss_attra_weight': 1, 'use_uncertainty_weighted_attra': True, 'use_per_modal_uncertainty_weight': True, 'uncertainty_attra_alpha': 2, 'modal_attra_weights': {'gmc': 1.0, 'text': 1.1, 'audio': 1.0, 'video': 1.0}, 'uncertainty_reg_weight': 0.1, 'uncertainty_reg_margin': 1e-05, 'uncertainty_before_weight': 0.1, 'kl_reg_weight': 0.001, 'post_fusion_dim': 256, 'post_fusion_dropout': 0.3, 'H': 3.0, 'boundary_loss_weight': 0.1, 'cur_time': 3, 'model_save_path': 'results/mosi/emt-dlfr/run_once/models/emt-dlfr-mosi-regression-mr0.4-11111.pth', 'device': device(type='cuda', index=5), 'tasks': 'M'}>",111,70.7,70.66,71.49,71.54,38.19,34.26,101.64,56.59,-129.61,101.18
2026-02-28_13-47-23,emt-dlfr,"<Storage{'need_task_scheduling': False, 'is_tune': False, 'train_mode': 'regression', 'modelName': 'emt-dlfr', 'datasetName': 'mosi', 'num_workers': 4, 'model_save_dir': 'results/mosi/emt-dlfr/run_once/models', 'res_save_dir': 'results/mosi/emt-dlfr/run_once/results', 'gpu_ids': [5], 'missing_rates': array([0. , 0.1, 0.2, 0.3, 0.4, 0.5, 0.6, 0.7, 0.8, 0.9, 1. ]), 'seed': 11111, 'num_seeds': 3, 'exp_name': 'moe-uncertainty', 'diff_missing': None, 'KeyEval': 'Loss', 'save_model': True, 'unified_missing': False, 'use_normalized_data': False, 'seeds': [111, 1111, 11111], 'missing_rate': (0.4, 0.4, 0.4), 'dataPath': '/mnt/HDD2/teng/Master-23/sjc/work2/EMT-DLFR-master-based/MMSA/Datasets/MOSI/Processed/unaligned_50.pkl', 'seq_lens': (50, 375, 500), 'feature_dims': (768, 5, 20), 'train_samples': 1284, 'num_classes': 3, 'language': 'en', 'missing_seed': (111, 1111, 11111), 'data_missing': True, 'deal_missing': False, 'need_data_aligned': False, 'need_model_aligned': False, 'need_normalized': False, 'use_bert': True, 'use_finetune': True, 'save_labels': False, 'early_stop': 8, 'update_epochs': 4, 'batch_size': 32, 'learning_rate_bert': 5e-05, 'learning_rate_audio': 0.001, 'learning_rate_video': 0.0001, 'learning_rate_other': 0.001, 'weight_decay_bert': 0.001, 'weight_decay_audio': 0.01, 'weight_decay_video': 0.001, 'weight_decay_other': 0.001, 'a_lstm_hidden_size': 32, 'v_lstm_hidden_size': 64, 'a_lstm_layers': 1, 'v_lstm_layers': 1, 'text_out': 768, 'audio_out': 16, 'video_out': 32, 'a_lstm_dropout': 0.0, 'v_lstm_dropout': 0.0, 't_bert_dropout': 0.1, 'd_model': 128, 'fusion_layers': 4, 'heads': 4, 'learnable_pos_emb': False, 'emb_dropout': 0.0, 'attn_dropout': 0.2, 'ff_dropout': 0.1, 'ff_expansion': 4, 'mpu_share': True, 'modality_share': True, 'layer_share': True, 'attn_act_fn': 'tanh', 'gmc_tokens_pred_dim': 128, 'text_pred_dim': 256, 'audio_pred_dim': 8, 'video_pred_dim': 16, 'recon_loss': 'SmoothL1Loss', 'loss_recon_weight': 1, 'loss_attra_weight': 1, 'use_uncertainty_weighted_attra': True, 'use_per_modal_uncertainty_weight': True, 'uncertainty_attra_alpha': 2, 'modal_attra_weights': {'gmc': 1.0, 'text': 1.1, 'audio': 1.0, 'video': 1.0}, 'uncertainty_reg_weight': 0.1, 'uncertainty_reg_margin': 1e-05, 'uncertainty_before_weight': 0.1, 'kl_reg_weight': 0.001, 'post_fusion_dim': 256, 'post_fusion_dropout': 0.3, 'H': 3.0, 'boundary_loss_weight': 0.1, 'cur_time': 3, 'model_save_path': 'results/mosi/emt-dlfr/run_once/models/emt-dlfr-mosi-regression-mr0.4-11111.pth', 'device': device(type='cuda', index=5), 'tasks': 'M'}>",1111,72.59,72.58,73.32,73.38,38.34,34.84,103.1,57.0,-125.31,102.85
2026-02-28_13-47-23,emt-dlfr,"<Storage{'need_task_scheduling': False, 'is_tune': False, 'train_mode': 'regression', 'modelName': 'emt-dlfr', 'datasetName': 'mosi', 'num_workers': 4, 'model_save_dir': 'results/mosi/emt-dlfr/run_once/models', 'res_save_dir': 'results/mosi/emt-dlfr/run_once/results', 'gpu_ids': [5], 'missing_rates': array([0. , 0.1, 0.2, 0.3, 0.4, 0.5, 0.6, 0.7, 0.8, 0.9, 1. ]), 'seed': 11111, 'num_seeds': 3, 'exp_name': 'moe-uncertainty', 'diff_missing': None, 'KeyEval': 'Loss', 'save_model': True, 'unified_missing': False, 'use_normalized_data': False, 'seeds': [111, 1111, 11111], 'missing_rate': (0.4, 0.4, 0.4), 'dataPath': '/mnt/HDD2/teng/Master-23/sjc/work2/EMT-DLFR-master-based/MMSA/Datasets/MOSI/Processed/unaligned_50.pkl', 'seq_lens': (50, 375, 500), 'feature_dims': (768, 5, 20), 'train_samples': 1284, 'num_classes': 3, 'language': 'en', 'missing_seed': (111, 1111, 11111), 'data_missing': True, 'deal_missing': False, 'need_data_aligned': False, 'need_model_aligned': False, 'need_normalized': False, 'use_bert': True, 'use_finetune': True, 'save_labels': False, 'early_stop': 8, 'update_epochs': 4, 'batch_size': 32, 'learning_rate_bert': 5e-05, 'learning_rate_audio': 0.001, 'learning_rate_video': 0.0001, 'learning_rate_other': 0.001, 'weight_decay_bert': 0.001, 'weight_decay_audio': 0.01, 'weight_decay_video': 0.001, 'weight_decay_other': 0.001, 'a_lstm_hidden_size': 32, 'v_lstm_hidden_size': 64, 'a_lstm_layers': 1, 'v_lstm_layers': 1, 'text_out': 768, 'audio_out': 16, 'video_out': 32, 'a_lstm_dropout': 0.0, 'v_lstm_dropout': 0.0, 't_bert_dropout': 0.1, 'd_model': 128, 'fusion_layers': 4, 'heads': 4, 'learnable_pos_emb': False, 'emb_dropout': 0.0, 'attn_dropout': 0.2, 'ff_dropout': 0.1, 'ff_expansion': 4, 'mpu_share': True, 'modality_share': True, 'layer_share': True, 'attn_act_fn': 'tanh', 'gmc_tokens_pred_dim': 128, 'text_pred_dim': 256, 'audio_pred_dim': 8, 'video_pred_dim': 16, 'recon_loss': 'SmoothL1Loss', 'loss_recon_weight': 1, 'loss_attra_weight': 1, 'use_uncertainty_weighted_attra': True, 'use_per_modal_uncertainty_weight': True, 'uncertainty_attra_alpha': 2, 'modal_attra_weights': {'gmc': 1.0, 'text': 1.1, 'audio': 1.0, 'video': 1.0}, 'uncertainty_reg_weight': 0.1, 'uncertainty_reg_margin': 1e-05, 'uncertainty_before_weight': 0.1, 'kl_reg_weight': 0.001, 'post_fusion_dim': 256, 'post_fusion_dropout': 0.3, 'H': 3.0, 'boundary_loss_weight': 0.1, 'cur_time': 3, 'model_save_path': 'results/mosi/emt-dlfr/run_once/models/emt-dlfr-mosi-regression-mr0.4-11111.pth', 'device': device(type='cuda', index=5), 'tasks': 'M'}>",11111,72.3,72.25,73.78,73.83,39.36,35.28,102.25,56.64,-109.8,102.52
2026-02-28_13-47-23,emt-dlfr,"<Storage{'need_task_scheduling': False, 'is_tune': False, 'train_mode': 'regression', 'modelName': 'emt-dlfr', 'datasetName': 'mosi', 'num_workers': 4, 'model_save_dir': 'results/mosi/emt-dlfr/run_once/models', 'res_save_dir': 'results/mosi/emt-dlfr/run_once/results', 'gpu_ids': [5], 'missing_rates': array([0. , 0.1, 0.2, 0.3, 0.4, 0.5, 0.6, 0.7, 0.8, 0.9, 1. ]), 'seed': 11111, 'num_seeds': 3, 'exp_name': 'moe-uncertainty', 'diff_missing': None, 'KeyEval': 'Loss', 'save_model': True, 'unified_missing': False, 'use_normalized_data': False, 'seeds': [111, 1111, 11111], 'missing_rate': (0.4, 0.4, 0.4), 'dataPath': '/mnt/HDD2/teng/Master-23/sjc/work2/EMT-DLFR-master-based/MMSA/Datasets/MOSI/Processed/unaligned_50.pkl', 'seq_lens': (50, 375, 500), 'feature_dims': (768, 5, 20), 'train_samples': 1284, 'num_classes': 3, 'language': 'en', 'missing_seed': (111, 1111, 11111), 'data_missing': True, 'deal_missing': False, 'need_data_aligned': False, 'need_model_aligned': False, 'need_normalized': False, 'use_bert': True, 'use_finetune': True, 'save_labels': False, 'early_stop': 8, 'update_epochs': 4, 'batch_size': 32, 'learning_rate_bert': 5e-05, 'learning_rate_audio': 0.001, 'learning_rate_video': 0.0001, 'learning_rate_other': 0.001, 'weight_decay_bert': 0.001, 'weight_decay_audio': 0.01, 'weight_decay_video': 0.001, 'weight_decay_other': 0.001, 'a_lstm_hidden_size': 32, 'v_lstm_hidden_size': 64, 'a_lstm_layers': 1, 'v_lstm_layers': 1, 'text_out': 768, 'audio_out': 16, 'video_out': 32, 'a_lstm_dropout': 0.0, 'v_lstm_dropout': 0.0, 't_bert_dropout': 0.1, 'd_model': 128, 'fusion_layers': 4, 'heads': 4, 'learnable_pos_emb': False, 'emb_dropout': 0.0, 'attn_dropout': 0.2, 'ff_dropout': 0.1, 'ff_expansion': 4, 'mpu_share': True, 'modality_share': True, 'layer_share': True, 'attn_act_fn': 'tanh', 'gmc_tokens_pred_dim': 128, 'text_pred_dim': 256, 'audio_pred_dim': 8, 'video_pred_dim': 16, 'recon_loss': 'SmoothL1Loss', 'loss_recon_weight': 1, 'loss_attra_weight': 1, 'use_uncertainty_weighted_attra': True, 'use_per_modal_uncertainty_weight': True, 'uncertainty_attra_alpha': 2, 'modal_attra_weights': {'gmc': 1.0, 'text': 1.1, 'audio': 1.0, 'video': 1.0}, 'uncertainty_reg_weight': 0.1, 'uncertainty_reg_margin': 1e-05, 'uncertainty_before_weight': 0.1, 'kl_reg_weight': 0.001, 'post_fusion_dim': 256, 'post_fusion_dropout': 0.3, 'H': 3.0, 'boundary_loss_weight': 0.1, 'cur_time': 3, 'model_save_path': 'results/mosi/emt-dlfr/run_once/models/emt-dlfr-mosi-regression-mr0.4-11111.pth', 'device': device(type='cuda', index=5), 'tasks': 'M'}>",<mean/std>,"(71.86, 0.83)","(71.83, 0.84)","(72.86, 0.99)","(72.92, 0.99)","(38.63, 0.52)","(34.79, 0.42)","(102.33, 0.6)","(56.74, 0.18)","(-121.57, 8.51)","(102.19, 0.72)"
2026-02-28_13-47-23,emt-dlfr,"<Storage{'need_task_scheduling': False, 'is_tune': False, 'train_mode': 'regression', 'modelName': 'emt-dlfr', 'datasetName': 'mosi', 'num_workers': 4, 'model_save_dir': 'results/mosi/emt-dlfr/run_once/models', 'res_save_dir': 'results/mosi/emt-dlfr/run_once/results', 'gpu_ids': [5], 'missing_rates': array([0. , 0.1, 0.2, 0.3, 0.4, 0.5, 0.6, 0.7, 0.8, 0.9, 1. ]), 'seed': 11111, 'num_seeds': 3, 'exp_name': 'moe-uncertainty', 'diff_missing': None, 'KeyEval': 'Loss', 'save_model': True, 'unified_missing': False, 'use_normalized_data': False, 'seeds': [111, 1111, 11111], 'missing_rate': (0.4, 0.4, 0.4), 'dataPath': '/mnt/HDD2/teng/Master-23/sjc/work2/EMT-DLFR-master-based/MMSA/Datasets/MOSI/Processed/unaligned_50.pkl', 'seq_lens': (50, 375, 500), 'feature_dims': (768, 5, 20), 'train_samples': 1284, 'num_classes': 3, 'language': 'en', 'missing_seed': (111, 1111, 11111), 'data_missing': True, 'deal_missing': False, 'need_data_aligned': False, 'need_model_aligned': False, 'need_normalized': False, 'use_bert': True, 'use_finetune': True, 'save_labels': False, 'early_stop': 8, 'update_epochs': 4, 'batch_size': 32, 'learning_rate_bert': 5e-05, 'learning_rate_audio': 0.001, 'learning_rate_video': 0.0001, 'learning_rate_other': 0.001, 'weight_decay_bert': 0.001, 'weight_decay_audio': 0.01, 'weight_decay_video': 0.001, 'weight_decay_other': 0.001, 'a_lstm_hidden_size': 32, 'v_lstm_hidden_size': 64, 'a_lstm_layers': 1, 'v_lstm_layers': 1, 'text_out': 768, 'audio_out': 16, 'video_out': 32, 'a_lstm_dropout': 0.0, 'v_lstm_dropout': 0.0, 't_bert_dropout': 0.1, 'd_model': 128, 'fusion_layers': 4, 'heads': 4, 'learnable_pos_emb': False, 'emb_dropout': 0.0, 'attn_dropout': 0.2, 'ff_dropout': 0.1, 'ff_expansion': 4, 'mpu_share': True, 'modality_share': True, 'layer_share': True, 'attn_act_fn': 'tanh', 'gmc_tokens_pred_dim': 128, 'text_pred_dim': 256, 'audio_pred_dim': 8, 'video_pred_dim': 16, 'recon_loss': 'SmoothL1Loss', 'loss_recon_weight': 1, 'loss_attra_weight': 1, 'use_uncertainty_weighted_attra': True, 'use_per_modal_uncertainty_weight': True, 'uncertainty_attra_alpha': 2, 'modal_attra_weights': {'gmc': 1.0, 'text': 1.1, 'audio': 1.0, 'video': 1.0}, 'uncertainty_reg_weight': 0.1, 'uncertainty_reg_margin': 1e-05, 'uncertainty_before_weight': 0.1, 'kl_reg_weight': 0.001, 'post_fusion_dim': 256, 'post_fusion_dropout': 0.3, 'H': 3.0, 'boundary_loss_weight': 0.1, 'cur_time': 3, 'model_save_path': 'results/mosi/emt-dlfr/run_once/models/emt-dlfr-mosi-regression-mr0.4-11111.pth', 'device': device(type='cuda', index=5), 'tasks': 'M'}>",<max/seed>,"(72.59, 1111)","(72.58, 1111)","(73.78, 11111)","(73.83, 11111)","(39.36, 11111)","(35.28, 11111)","(103.1, 1111)","(57.0, 1111)","(-109.8, 11111)","(102.85, 1111)"
2026-02-28_13-47-23,emt-dlfr,"<Storage{'need_task_scheduling': False, 'is_tune': False, 'train_mode': 'regression', 'modelName': 'emt-dlfr', 'datasetName': 'mosi', 'num_workers': 4, 'model_save_dir': 'results/mosi/emt-dlfr/run_once/models', 'res_save_dir': 'results/mosi/emt-dlfr/run_once/results', 'gpu_ids': [5], 'missing_rates': array([0. , 0.1, 0.2, 0.3, 0.4, 0.5, 0.6, 0.7, 0.8, 0.9, 1. ]), 'seed': 11111, 'num_seeds': 3, 'exp_name': 'moe-uncertainty', 'diff_missing': None, 'KeyEval': 'Loss', 'save_model': True, 'unified_missing': False, 'use_normalized_data': False, 'seeds': [111, 1111, 11111], 'missing_rate': (0.4, 0.4, 0.4), 'dataPath': '/mnt/HDD2/teng/Master-23/sjc/work2/EMT-DLFR-master-based/MMSA/Datasets/MOSI/Processed/unaligned_50.pkl', 'seq_lens': (50, 375, 500), 'feature_dims': (768, 5, 20), 'train_samples': 1284, 'num_classes': 3, 'language': 'en', 'missing_seed': (111, 1111, 11111), 'data_missing': True, 'deal_missing': False, 'need_data_aligned': False, 'need_model_aligned': False, 'need_normalized': False, 'use_bert': True, 'use_finetune': True, 'save_labels': False, 'early_stop': 8, 'update_epochs': 4, 'batch_size': 32, 'learning_rate_bert': 5e-05, 'learning_rate_audio': 0.001, 'learning_rate_video': 0.0001, 'learning_rate_other': 0.001, 'weight_decay_bert': 0.001, 'weight_decay_audio': 0.01, 'weight_decay_video': 0.001, 'weight_decay_other': 0.001, 'a_lstm_hidden_size': 32, 'v_lstm_hidden_size': 64, 'a_lstm_layers': 1, 'v_lstm_layers': 1, 'text_out': 768, 'audio_out': 16, 'video_out': 32, 'a_lstm_dropout': 0.0, 'v_lstm_dropout': 0.0, 't_bert_dropout': 0.1, 'd_model': 128, 'fusion_layers': 4, 'heads': 4, 'learnable_pos_emb': False, 'emb_dropout': 0.0, 'attn_dropout': 0.2, 'ff_dropout': 0.1, 'ff_expansion': 4, 'mpu_share': True, 'modality_share': True, 'layer_share': True, 'attn_act_fn': 'tanh', 'gmc_tokens_pred_dim': 128, 'text_pred_dim': 256, 'audio_pred_dim': 8, 'video_pred_dim': 16, 'recon_loss': 'SmoothL1Loss', 'loss_recon_weight': 1, 'loss_attra_weight': 1, 'use_uncertainty_weighted_attra': True, 'use_per_modal_uncertainty_weight': True, 'uncertainty_attra_alpha': 2, 'modal_attra_weights': {'gmc': 1.0, 'text': 1.1, 'audio': 1.0, 'video': 1.0}, 'uncertainty_reg_weight': 0.1, 'uncertainty_reg_margin': 1e-05, 'uncertainty_before_weight': 0.1, 'kl_reg_weight': 0.001, 'post_fusion_dim': 256, 'post_fusion_dropout': 0.3, 'H': 3.0, 'boundary_loss_weight': 0.1, 'cur_time': 3, 'model_save_path': 'results/mosi/emt-dlfr/run_once/models/emt-dlfr-mosi-regression-mr0.4-11111.pth', 'device': device(type='cuda', index=5), 'tasks': 'M'}>",<min/seed>,"(70.7, 111)","(70.66, 111)","(71.49, 111)","(71.54, 111)","(38.19, 111)","(34.26, 111)","(101.64, 111)","(56.59, 111)","(-129.61, 111)","(101.18, 111)"
2026-02-28_20-15-55,emt-dlfr,"<Storage{'need_task_scheduling': False, 'is_tune': False, 'train_mode': 'regression', 'modelName': 'emt-dlfr', 'datasetName': 'mosi', 'num_workers': 4, 'model_save_dir': 'results/mosi/emt-dlfr/run_once/models', 'res_save_dir': 'results/mosi/emt-dlfr/run_once/results', 'gpu_ids': [5], 'missing_rates': array([0. , 0.1, 0.2, 0.3, 0.4, 0.5, 0.6, 0.7, 0.8, 0.9, 1. ]), 'seed': 11111, 'num_seeds': 3, 'exp_name': 'moe-uncertainty', 'diff_missing': None, 'KeyEval': 'Loss', 'save_model': True, 'unified_missing': False, 'use_normalized_data': False, 'seeds': [111, 1111, 11111], 'missing_rate': (0.4, 0.4, 0.4), 'dataPath': '/mnt/HDD2/teng/Master-23/sjc/work2/EMT-DLFR-master-based/MMSA/Datasets/MOSI/Processed/unaligned_50.pkl', 'seq_lens': (50, 375, 500), 'feature_dims': (768, 5, 20), 'train_samples': 1284, 'num_classes': 3, 'language': 'en', 'missing_seed': (111, 1111, 11111), 'data_missing': True, 'deal_missing': False, 'need_data_aligned': False, 'need_model_aligned': False, 'need_normalized': False, 'use_bert': True, 'use_finetune': True, 'save_labels': False, 'early_stop': 8, 'update_epochs': 4, 'batch_size': 32, 'learning_rate_bert': 5e-05, 'learning_rate_audio': 0.001, 'learning_rate_video': 0.0001, 'learning_rate_other': 0.001, 'weight_decay_bert': 0.001, 'weight_decay_audio': 0.01, 'weight_decay_video': 0.001, 'weight_decay_other': 0.001, 'a_lstm_hidden_size': 32, 'v_lstm_hidden_size': 64, 'a_lstm_layers': 1, 'v_lstm_layers': 1, 'text_out': 768, 'audio_out': 16, 'video_out': 32, 'a_lstm_dropout': 0.0, 'v_lstm_dropout': 0.0, 't_bert_dropout': 0.1, 'd_model': 128, 'fusion_layers': 4, 'heads': 4, 'learnable_pos_emb': False, 'emb_dropout': 0.0, 'attn_dropout': 0.2, 'ff_dropout': 0.1, 'ff_expansion': 4, 'mpu_share': True, 'modality_share': True, 'layer_share': True, 'attn_act_fn': 'tanh', 'gmc_tokens_pred_dim': 128, 'text_pred_dim': 256, 'audio_pred_dim': 8, 'video_pred_dim': 16, 'recon_loss': 'SmoothL1Loss', 'loss_recon_weight': 1, 'loss_attra_weight': 1, 'use_uncertainty_weighted_attra': True, 'use_per_modal_uncertainty_weight': True, 'uncertainty_attra_alpha': 2, 'modal_attra_weights': {'gmc': 1.0, 'text': 1.1, 'audio': 1.0, 'video': 1.0}, 'uncertainty_reg_weight': 0.1, 'uncertainty_reg_margin': 1e-05, 'uncertainty_before_weight': 0.1, 'kl_reg_weight': 0.001, 'post_fusion_dim': 256, 'post_fusion_dropout': 0.3, 'H': 3.0, 'boundary_loss_weight': 0.15, 'cur_time': 3, 'model_save_path': 'results/mosi/emt-dlfr/run_once/models/emt-dlfr-mosi-regression-mr0.4-11111.pth', 'device': device(type='cuda', index=5), 'tasks': 'M'}>",111,72.01,72.05,72.26,72.4,35.71,31.78,106.85,56.84,-115.92,107.07
2026-02-28_20-15-55,emt-dlfr,"<Storage{'need_task_scheduling': False, 'is_tune': False, 'train_mode': 'regression', 'modelName': 'emt-dlfr', 'datasetName': 'mosi', 'num_workers': 4, 'model_save_dir': 'results/mosi/emt-dlfr/run_once/models', 'res_save_dir': 'results/mosi/emt-dlfr/run_once/results', 'gpu_ids': [5], 'missing_rates': array([0. , 0.1, 0.2, 0.3, 0.4, 0.5, 0.6, 0.7, 0.8, 0.9, 1. ]), 'seed': 11111, 'num_seeds': 3, 'exp_name': 'moe-uncertainty', 'diff_missing': None, 'KeyEval': 'Loss', 'save_model': True, 'unified_missing': False, 'use_normalized_data': False, 'seeds': [111, 1111, 11111], 'missing_rate': (0.4, 0.4, 0.4), 'dataPath': '/mnt/HDD2/teng/Master-23/sjc/work2/EMT-DLFR-master-based/MMSA/Datasets/MOSI/Processed/unaligned_50.pkl', 'seq_lens': (50, 375, 500), 'feature_dims': (768, 5, 20), 'train_samples': 1284, 'num_classes': 3, 'language': 'en', 'missing_seed': (111, 1111, 11111), 'data_missing': True, 'deal_missing': False, 'need_data_aligned': False, 'need_model_aligned': False, 'need_normalized': False, 'use_bert': True, 'use_finetune': True, 'save_labels': False, 'early_stop': 8, 'update_epochs': 4, 'batch_size': 32, 'learning_rate_bert': 5e-05, 'learning_rate_audio': 0.001, 'learning_rate_video': 0.0001, 'learning_rate_other': 0.001, 'weight_decay_bert': 0.001, 'weight_decay_audio': 0.01, 'weight_decay_video': 0.001, 'weight_decay_other': 0.001, 'a_lstm_hidden_size': 32, 'v_lstm_hidden_size': 64, 'a_lstm_layers': 1, 'v_lstm_layers': 1, 'text_out': 768, 'audio_out': 16, 'video_out': 32, 'a_lstm_dropout': 0.0, 'v_lstm_dropout': 0.0, 't_bert_dropout': 0.1, 'd_model': 128, 'fusion_layers': 4, 'heads': 4, 'learnable_pos_emb': False, 'emb_dropout': 0.0, 'attn_dropout': 0.2, 'ff_dropout': 0.1, 'ff_expansion': 4, 'mpu_share': True, 'modality_share': True, 'layer_share': True, 'attn_act_fn': 'tanh', 'gmc_tokens_pred_dim': 128, 'text_pred_dim': 256, 'audio_pred_dim': 8, 'video_pred_dim': 16, 'recon_loss': 'SmoothL1Loss', 'loss_recon_weight': 1, 'loss_attra_weight': 1, 'use_uncertainty_weighted_attra': True, 'use_per_modal_uncertainty_weight': True, 'uncertainty_attra_alpha': 2, 'modal_attra_weights': {'gmc': 1.0, 'text': 1.1, 'audio': 1.0, 'video': 1.0}, 'uncertainty_reg_weight': 0.1, 'uncertainty_reg_margin': 1e-05, 'uncertainty_before_weight': 0.1, 'kl_reg_weight': 0.001, 'post_fusion_dim': 256, 'post_fusion_dropout': 0.3, 'H': 3.0, 'boundary_loss_weight': 0.15, 'cur_time': 3, 'model_save_path': 'results/mosi/emt-dlfr/run_once/models/emt-dlfr-mosi-regression-mr0.4-11111.pth', 'device': device(type='cuda', index=5), 'tasks': 'M'}>",1111,72.45,72.41,73.32,73.35,38.63,34.69,103.11,56.32,-110.22,104.12
2026-02-28_20-15-55,emt-dlfr,"<Storage{'need_task_scheduling': False, 'is_tune': False, 'train_mode': 'regression', 'modelName': 'emt-dlfr', 'datasetName': 'mosi', 'num_workers': 4, 'model_save_dir': 'results/mosi/emt-dlfr/run_once/models', 'res_save_dir': 'results/mosi/emt-dlfr/run_once/results', 'gpu_ids': [5], 'missing_rates': array([0. , 0.1, 0.2, 0.3, 0.4, 0.5, 0.6, 0.7, 0.8, 0.9, 1. ]), 'seed': 11111, 'num_seeds': 3, 'exp_name': 'moe-uncertainty', 'diff_missing': None, 'KeyEval': 'Loss', 'save_model': True, 'unified_missing': False, 'use_normalized_data': False, 'seeds': [111, 1111, 11111], 'missing_rate': (0.4, 0.4, 0.4), 'dataPath': '/mnt/HDD2/teng/Master-23/sjc/work2/EMT-DLFR-master-based/MMSA/Datasets/MOSI/Processed/unaligned_50.pkl', 'seq_lens': (50, 375, 500), 'feature_dims': (768, 5, 20), 'train_samples': 1284, 'num_classes': 3, 'language': 'en', 'missing_seed': (111, 1111, 11111), 'data_missing': True, 'deal_missing': False, 'need_data_aligned': False, 'need_model_aligned': False, 'need_normalized': False, 'use_bert': True, 'use_finetune': True, 'save_labels': False, 'early_stop': 8, 'update_epochs': 4, 'batch_size': 32, 'learning_rate_bert': 5e-05, 'learning_rate_audio': 0.001, 'learning_rate_video': 0.0001, 'learning_rate_other': 0.001, 'weight_decay_bert': 0.001, 'weight_decay_audio': 0.01, 'weight_decay_video': 0.001, 'weight_decay_other': 0.001, 'a_lstm_hidden_size': 32, 'v_lstm_hidden_size': 64, 'a_lstm_layers': 1, 'v_lstm_layers': 1, 'text_out': 768, 'audio_out': 16, 'video_out': 32, 'a_lstm_dropout': 0.0, 'v_lstm_dropout': 0.0, 't_bert_dropout': 0.1, 'd_model': 128, 'fusion_layers': 4, 'heads': 4, 'learnable_pos_emb': False, 'emb_dropout': 0.0, 'attn_dropout': 0.2, 'ff_dropout': 0.1, 'ff_expansion': 4, 'mpu_share': True, 'modality_share': True, 'layer_share': True, 'attn_act_fn': 'tanh', 'gmc_tokens_pred_dim': 128, 'text_pred_dim': 256, 'audio_pred_dim': 8, 'video_pred_dim': 16, 'recon_loss': 'SmoothL1Loss', 'loss_recon_weight': 1, 'loss_attra_weight': 1, 'use_uncertainty_weighted_attra': True, 'use_per_modal_uncertainty_weight': True, 'uncertainty_attra_alpha': 2, 'modal_attra_weights': {'gmc': 1.0, 'text': 1.1, 'audio': 1.0, 'video': 1.0}, 'uncertainty_reg_weight': 0.1, 'uncertainty_reg_margin': 1e-05, 'uncertainty_before_weight': 0.1, 'kl_reg_weight': 0.001, 'post_fusion_dim': 256, 'post_fusion_dropout': 0.3, 'H': 3.0, 'boundary_loss_weight': 0.15, 'cur_time': 3, 'model_save_path': 'results/mosi/emt-dlfr/run_once/models/emt-dlfr-mosi-regression-mr0.4-11111.pth', 'device': device(type='cuda', index=5), 'tasks': 'M'}>",11111,72.89,72.96,73.78,73.94,39.65,35.42,101.0,58.28,-132.54,100.44
2026-02-28_20-15-55,emt-dlfr,"<Storage{'need_task_scheduling': False, 'is_tune': False, 'train_mode': 'regression', 'modelName': 'emt-dlfr', 'datasetName': 'mosi', 'num_workers': 4, 'model_save_dir': 'results/mosi/emt-dlfr/run_once/models', 'res_save_dir': 'results/mosi/emt-dlfr/run_once/results', 'gpu_ids': [5], 'missing_rates': array([0. , 0.1, 0.2, 0.3, 0.4, 0.5, 0.6, 0.7, 0.8, 0.9, 1. ]), 'seed': 11111, 'num_seeds': 3, 'exp_name': 'moe-uncertainty', 'diff_missing': None, 'KeyEval': 'Loss', 'save_model': True, 'unified_missing': False, 'use_normalized_data': False, 'seeds': [111, 1111, 11111], 'missing_rate': (0.4, 0.4, 0.4), 'dataPath': '/mnt/HDD2/teng/Master-23/sjc/work2/EMT-DLFR-master-based/MMSA/Datasets/MOSI/Processed/unaligned_50.pkl', 'seq_lens': (50, 375, 500), 'feature_dims': (768, 5, 20), 'train_samples': 1284, 'num_classes': 3, 'language': 'en', 'missing_seed': (111, 1111, 11111), 'data_missing': True, 'deal_missing': False, 'need_data_aligned': False, 'need_model_aligned': False, 'need_normalized': False, 'use_bert': True, 'use_finetune': True, 'save_labels': False, 'early_stop': 8, 'update_epochs': 4, 'batch_size': 32, 'learning_rate_bert': 5e-05, 'learning_rate_audio': 0.001, 'learning_rate_video': 0.0001, 'learning_rate_other': 0.001, 'weight_decay_bert': 0.001, 'weight_decay_audio': 0.01, 'weight_decay_video': 0.001, 'weight_decay_other': 0.001, 'a_lstm_hidden_size': 32, 'v_lstm_hidden_size': 64, 'a_lstm_layers': 1, 'v_lstm_layers': 1, 'text_out': 768, 'audio_out': 16, 'video_out': 32, 'a_lstm_dropout': 0.0, 'v_lstm_dropout': 0.0, 't_bert_dropout': 0.1, 'd_model': 128, 'fusion_layers': 4, 'heads': 4, 'learnable_pos_emb': False, 'emb_dropout': 0.0, 'attn_dropout': 0.2, 'ff_dropout': 0.1, 'ff_expansion': 4, 'mpu_share': True, 'modality_share': True, 'layer_share': True, 'attn_act_fn': 'tanh', 'gmc_tokens_pred_dim': 128, 'text_pred_dim': 256, 'audio_pred_dim': 8, 'video_pred_dim': 16, 'recon_loss': 'SmoothL1Loss', 'loss_recon_weight': 1, 'loss_attra_weight': 1, 'use_uncertainty_weighted_attra': True, 'use_per_modal_uncertainty_weight': True, 'uncertainty_attra_alpha': 2, 'modal_attra_weights': {'gmc': 1.0, 'text': 1.1, 'audio': 1.0, 'video': 1.0}, 'uncertainty_reg_weight': 0.1, 'uncertainty_reg_margin': 1e-05, 'uncertainty_before_weight': 0.1, 'kl_reg_weight': 0.001, 'post_fusion_dim': 256, 'post_fusion_dropout': 0.3, 'H': 3.0, 'boundary_loss_weight': 0.15, 'cur_time': 3, 'model_save_path': 'results/mosi/emt-dlfr/run_once/models/emt-dlfr-mosi-regression-mr0.4-11111.pth', 'device': device(type='cuda', index=5), 'tasks': 'M'}>",<mean/std>,"(72.45, 0.36)","(72.47, 0.37)","(73.12, 0.64)","(73.23, 0.63)","(38.0, 1.67)","(33.96, 1.57)","(103.65, 2.42)","(57.15, 0.83)","(-119.56, 9.47)","(103.87, 2.71)"
2026-02-28_20-15-55,emt-dlfr,"<Storage{'need_task_scheduling': False, 'is_tune': False, 'train_mode': 'regression', 'modelName': 'emt-dlfr', 'datasetName': 'mosi', 'num_workers': 4, 'model_save_dir': 'results/mosi/emt-dlfr/run_once/models', 'res_save_dir': 'results/mosi/emt-dlfr/run_once/results', 'gpu_ids': [5], 'missing_rates': array([0. , 0.1, 0.2, 0.3, 0.4, 0.5, 0.6, 0.7, 0.8, 0.9, 1. ]), 'seed': 11111, 'num_seeds': 3, 'exp_name': 'moe-uncertainty', 'diff_missing': None, 'KeyEval': 'Loss', 'save_model': True, 'unified_missing': False, 'use_normalized_data': False, 'seeds': [111, 1111, 11111], 'missing_rate': (0.4, 0.4, 0.4), 'dataPath': '/mnt/HDD2/teng/Master-23/sjc/work2/EMT-DLFR-master-based/MMSA/Datasets/MOSI/Processed/unaligned_50.pkl', 'seq_lens': (50, 375, 500), 'feature_dims': (768, 5, 20), 'train_samples': 1284, 'num_classes': 3, 'language': 'en', 'missing_seed': (111, 1111, 11111), 'data_missing': True, 'deal_missing': False, 'need_data_aligned': False, 'need_model_aligned': False, 'need_normalized': False, 'use_bert': True, 'use_finetune': True, 'save_labels': False, 'early_stop': 8, 'update_epochs': 4, 'batch_size': 32, 'learning_rate_bert': 5e-05, 'learning_rate_audio': 0.001, 'learning_rate_video': 0.0001, 'learning_rate_other': 0.001, 'weight_decay_bert': 0.001, 'weight_decay_audio': 0.01, 'weight_decay_video': 0.001, 'weight_decay_other': 0.001, 'a_lstm_hidden_size': 32, 'v_lstm_hidden_size': 64, 'a_lstm_layers': 1, 'v_lstm_layers': 1, 'text_out': 768, 'audio_out': 16, 'video_out': 32, 'a_lstm_dropout': 0.0, 'v_lstm_dropout': 0.0, 't_bert_dropout': 0.1, 'd_model': 128, 'fusion_layers': 4, 'heads': 4, 'learnable_pos_emb': False, 'emb_dropout': 0.0, 'attn_dropout': 0.2, 'ff_dropout': 0.1, 'ff_expansion': 4, 'mpu_share': True, 'modality_share': True, 'layer_share': True, 'attn_act_fn': 'tanh', 'gmc_tokens_pred_dim': 128, 'text_pred_dim': 256, 'audio_pred_dim': 8, 'video_pred_dim': 16, 'recon_loss': 'SmoothL1Loss', 'loss_recon_weight': 1, 'loss_attra_weight': 1, 'use_uncertainty_weighted_attra': True, 'use_per_modal_uncertainty_weight': True, 'uncertainty_attra_alpha': 2, 'modal_attra_weights': {'gmc': 1.0, 'text': 1.1, 'audio': 1.0, 'video': 1.0}, 'uncertainty_reg_weight': 0.1, 'uncertainty_reg_margin': 1e-05, 'uncertainty_before_weight': 0.1, 'kl_reg_weight': 0.001, 'post_fusion_dim': 256, 'post_fusion_dropout': 0.3, 'H': 3.0, 'boundary_loss_weight': 0.15, 'cur_time': 3, 'model_save_path': 'results/mosi/emt-dlfr/run_once/models/emt-dlfr-mosi-regression-mr0.4-11111.pth', 'device': device(type='cuda', index=5), 'tasks': 'M'}>",<max/seed>,"(72.89, 11111)","(72.96, 11111)","(73.78, 11111)","(73.94, 11111)","(39.65, 11111)","(35.42, 11111)","(106.85, 111)","(58.28, 11111)","(-110.22, 1111)","(107.07, 111)"
2026-02-28_20-15-55,emt-dlfr,"<Storage{'need_task_scheduling': False, 'is_tune': False, 'train_mode': 'regression', 'modelName': 'emt-dlfr', 'datasetName': 'mosi', 'num_workers': 4, 'model_save_dir': 'results/mosi/emt-dlfr/run_once/models', 'res_save_dir': 'results/mosi/emt-dlfr/run_once/results', 'gpu_ids': [5], 'missing_rates': array([0. , 0.1, 0.2, 0.3, 0.4, 0.5, 0.6, 0.7, 0.8, 0.9, 1. ]), 'seed': 11111, 'num_seeds': 3, 'exp_name': 'moe-uncertainty', 'diff_missing': None, 'KeyEval': 'Loss', 'save_model': True, 'unified_missing': False, 'use_normalized_data': False, 'seeds': [111, 1111, 11111], 'missing_rate': (0.4, 0.4, 0.4), 'dataPath': '/mnt/HDD2/teng/Master-23/sjc/work2/EMT-DLFR-master-based/MMSA/Datasets/MOSI/Processed/unaligned_50.pkl', 'seq_lens': (50, 375, 500), 'feature_dims': (768, 5, 20), 'train_samples': 1284, 'num_classes': 3, 'language': 'en', 'missing_seed': (111, 1111, 11111), 'data_missing': True, 'deal_missing': False, 'need_data_aligned': False, 'need_model_aligned': False, 'need_normalized': False, 'use_bert': True, 'use_finetune': True, 'save_labels': False, 'early_stop': 8, 'update_epochs': 4, 'batch_size': 32, 'learning_rate_bert': 5e-05, 'learning_rate_audio': 0.001, 'learning_rate_video': 0.0001, 'learning_rate_other': 0.001, 'weight_decay_bert': 0.001, 'weight_decay_audio': 0.01, 'weight_decay_video': 0.001, 'weight_decay_other': 0.001, 'a_lstm_hidden_size': 32, 'v_lstm_hidden_size': 64, 'a_lstm_layers': 1, 'v_lstm_layers': 1, 'text_out': 768, 'audio_out': 16, 'video_out': 32, 'a_lstm_dropout': 0.0, 'v_lstm_dropout': 0.0, 't_bert_dropout': 0.1, 'd_model': 128, 'fusion_layers': 4, 'heads': 4, 'learnable_pos_emb': False, 'emb_dropout': 0.0, 'attn_dropout': 0.2, 'ff_dropout': 0.1, 'ff_expansion': 4, 'mpu_share': True, 'modality_share': True, 'layer_share': True, 'attn_act_fn': 'tanh', 'gmc_tokens_pred_dim': 128, 'text_pred_dim': 256, 'audio_pred_dim': 8, 'video_pred_dim': 16, 'recon_loss': 'SmoothL1Loss', 'loss_recon_weight': 1, 'loss_attra_weight': 1, 'use_uncertainty_weighted_attra': True, 'use_per_modal_uncertainty_weight': True, 'uncertainty_attra_alpha': 2, 'modal_attra_weights': {'gmc': 1.0, 'text': 1.1, 'audio': 1.0, 'video': 1.0}, 'uncertainty_reg_weight': 0.1, 'uncertainty_reg_margin': 1e-05, 'uncertainty_before_weight': 0.1, 'kl_reg_weight': 0.001, 'post_fusion_dim': 256, 'post_fusion_dropout': 0.3, 'H': 3.0, 'boundary_loss_weight': 0.15, 'cur_time': 3, 'model_save_path': 'results/mosi/emt-dlfr/run_once/models/emt-dlfr-mosi-regression-mr0.4-11111.pth', 'device': device(type='cuda', index=5), 'tasks': 'M'}>",<min/seed>,"(72.01, 111)","(72.05, 111)","(72.26, 111)","(72.4, 111)","(35.71, 111)","(31.78, 111)","(101.0, 11111)","(56.32, 1111)","(-132.54, 11111)","(100.44, 11111)"
2026-03-01_05-08-57,emt-dlfr,"<Storage{'need_task_scheduling': False, 'is_tune': False, 'train_mode': 'regression', 'modelName': 'emt-dlfr', 'datasetName': 'mosi', 'num_workers': 4, 'model_save_dir': 'results/mosi/emt-dlfr/run_once/models', 'res_save_dir': 'results/mosi/emt-dlfr/run_once/results', 'gpu_ids': [5], 'missing_rates': array([0. , 0.1, 0.2, 0.3, 0.4, 0.5, 0.6, 0.7, 0.8, 0.9, 1. ]), 'seed': 11111, 'num_seeds': 3, 'exp_name': 'moe-uncertainty', 'diff_missing': None, 'KeyEval': 'Loss', 'save_model': True, 'unified_missing': False, 'use_normalized_data': False, 'seeds': [111, 1111, 11111], 'missing_rate': (0.4, 0.4, 0.4), 'dataPath': '/mnt/HDD2/teng/Master-23/sjc/work2/EMT-DLFR-master-based/MMSA/Datasets/MOSI/Processed/unaligned_50.pkl', 'seq_lens': (50, 375, 500), 'feature_dims': (768, 5, 20), 'train_samples': 1284, 'num_classes': 3, 'language': 'en', 'missing_seed': (111, 1111, 11111), 'data_missing': True, 'deal_missing': False, 'need_data_aligned': False, 'need_model_aligned': False, 'need_normalized': False, 'use_bert': True, 'use_finetune': True, 'save_labels': False, 'early_stop': 8, 'update_epochs': 4, 'batch_size': 32, 'learning_rate_bert': 5e-05, 'learning_rate_audio': 0.001, 'learning_rate_video': 0.0001, 'learning_rate_other': 0.001, 'weight_decay_bert': 0.001, 'weight_decay_audio': 0.01, 'weight_decay_video': 0.001, 'weight_decay_other': 0.001, 'a_lstm_hidden_size': 32, 'v_lstm_hidden_size': 64, 'a_lstm_layers': 1, 'v_lstm_layers': 1, 'text_out': 768, 'audio_out': 16, 'video_out': 32, 'a_lstm_dropout': 0.0, 'v_lstm_dropout': 0.0, 't_bert_dropout': 0.1, 'd_model': 128, 'fusion_layers': 4, 'heads': 4, 'learnable_pos_emb': False, 'emb_dropout': 0.0, 'attn_dropout': 0.2, 'ff_dropout': 0.1, 'ff_expansion': 4, 'mpu_share': True, 'modality_share': True, 'layer_share': True, 'attn_act_fn': 'tanh', 'gmc_tokens_pred_dim': 128, 'text_pred_dim': 256, 'audio_pred_dim': 8, 'video_pred_dim': 16, 'recon_loss': 'SmoothL1Loss', 'loss_recon_weight': 1, 'loss_attra_weight': 1, 'use_uncertainty_weighted_attra': True, 'use_per_modal_uncertainty_weight': True, 'uncertainty_attra_alpha': 2, 'modal_attra_weights': {'gmc': 1.0, 'text': 1.1, 'audio': 1.0, 'video': 1.0}, 'uncertainty_reg_weight': 0.1, 'uncertainty_reg_margin': 1e-05, 'uncertainty_before_weight': 0.1, 'kl_reg_weight': 0.001, 'post_fusion_dim': 256, 'post_fusion_dropout': 0.2, 'H': 3.0, 'boundary_loss_weight': 0.15, 'cur_time': 3, 'model_save_path': 'results/mosi/emt-dlfr/run_once/models/emt-dlfr-mosi-regression-mr0.4-11111.pth', 'device': device(type='cuda', index=5), 'tasks': 'M'}>",111,73.18,73.25,73.78,73.94,35.42,31.49,102.1,57.59,-130.48,101.5
2026-03-01_05-08-57,emt-dlfr,"<Storage{'need_task_scheduling': False, 'is_tune': False, 'train_mode': 'regression', 'modelName': 'emt-dlfr', 'datasetName': 'mosi', 'num_workers': 4, 'model_save_dir': 'results/mosi/emt-dlfr/run_once/models', 'res_save_dir': 'results/mosi/emt-dlfr/run_once/results', 'gpu_ids': [5], 'missing_rates': array([0. , 0.1, 0.2, 0.3, 0.4, 0.5, 0.6, 0.7, 0.8, 0.9, 1. ]), 'seed': 11111, 'num_seeds': 3, 'exp_name': 'moe-uncertainty', 'diff_missing': None, 'KeyEval': 'Loss', 'save_model': True, 'unified_missing': False, 'use_normalized_data': False, 'seeds': [111, 1111, 11111], 'missing_rate': (0.4, 0.4, 0.4), 'dataPath': '/mnt/HDD2/teng/Master-23/sjc/work2/EMT-DLFR-master-based/MMSA/Datasets/MOSI/Processed/unaligned_50.pkl', 'seq_lens': (50, 375, 500), 'feature_dims': (768, 5, 20), 'train_samples': 1284, 'num_classes': 3, 'language': 'en', 'missing_seed': (111, 1111, 11111), 'data_missing': True, 'deal_missing': False, 'need_data_aligned': False, 'need_model_aligned': False, 'need_normalized': False, 'use_bert': True, 'use_finetune': True, 'save_labels': False, 'early_stop': 8, 'update_epochs': 4, 'batch_size': 32, 'learning_rate_bert': 5e-05, 'learning_rate_audio': 0.001, 'learning_rate_video': 0.0001, 'learning_rate_other': 0.001, 'weight_decay_bert': 0.001, 'weight_decay_audio': 0.01, 'weight_decay_video': 0.001, 'weight_decay_other': 0.001, 'a_lstm_hidden_size': 32, 'v_lstm_hidden_size': 64, 'a_lstm_layers': 1, 'v_lstm_layers': 1, 'text_out': 768, 'audio_out': 16, 'video_out': 32, 'a_lstm_dropout': 0.0, 'v_lstm_dropout': 0.0, 't_bert_dropout': 0.1, 'd_model': 128, 'fusion_layers': 4, 'heads': 4, 'learnable_pos_emb': False, 'emb_dropout': 0.0, 'attn_dropout': 0.2, 'ff_dropout': 0.1, 'ff_expansion': 4, 'mpu_share': True, 'modality_share': True, 'layer_share': True, 'attn_act_fn': 'tanh', 'gmc_tokens_pred_dim': 128, 'text_pred_dim': 256, 'audio_pred_dim': 8, 'video_pred_dim': 16, 'recon_loss': 'SmoothL1Loss', 'loss_recon_weight': 1, 'loss_attra_weight': 1, 'use_uncertainty_weighted_attra': True, 'use_per_modal_uncertainty_weight': True, 'uncertainty_attra_alpha': 2, 'modal_attra_weights': {'gmc': 1.0, 'text': 1.1, 'audio': 1.0, 'video': 1.0}, 'uncertainty_reg_weight': 0.1, 'uncertainty_reg_margin': 1e-05, 'uncertainty_before_weight': 0.1, 'kl_reg_weight': 0.001, 'post_fusion_dim': 256, 'post_fusion_dropout': 0.2, 'H': 3.0, 'boundary_loss_weight': 0.15, 'cur_time': 3, 'model_save_path': 'results/mosi/emt-dlfr/run_once/models/emt-dlfr-mosi-regression-mr0.4-11111.pth', 'device': device(type='cuda', index=5), 'tasks': 'M'}>",1111,72.74,72.79,73.32,73.44,39.36,35.42,103.47,56.83,-126.33,103.16
2026-03-01_05-08-57,emt-dlfr,"<Storage{'need_task_scheduling': False, 'is_tune': False, 'train_mode': 'regression', 'modelName': 'emt-dlfr', 'datasetName': 'mosi', 'num_workers': 4, 'model_save_dir': 'results/mosi/emt-dlfr/run_once/models', 'res_save_dir': 'results/mosi/emt-dlfr/run_once/results', 'gpu_ids': [5], 'missing_rates': array([0. , 0.1, 0.2, 0.3, 0.4, 0.5, 0.6, 0.7, 0.8, 0.9, 1. ]), 'seed': 11111, 'num_seeds': 3, 'exp_name': 'moe-uncertainty', 'diff_missing': None, 'KeyEval': 'Loss', 'save_model': True, 'unified_missing': False, 'use_normalized_data': False, 'seeds': [111, 1111, 11111], 'missing_rate': (0.4, 0.4, 0.4), 'dataPath': '/mnt/HDD2/teng/Master-23/sjc/work2/EMT-DLFR-master-based/MMSA/Datasets/MOSI/Processed/unaligned_50.pkl', 'seq_lens': (50, 375, 500), 'feature_dims': (768, 5, 20), 'train_samples': 1284, 'num_classes': 3, 'language': 'en', 'missing_seed': (111, 1111, 11111), 'data_missing': True, 'deal_missing': False, 'need_data_aligned': False, 'need_model_aligned': False, 'need_normalized': False, 'use_bert': True, 'use_finetune': True, 'save_labels': False, 'early_stop': 8, 'update_epochs': 4, 'batch_size': 32, 'learning_rate_bert': 5e-05, 'learning_rate_audio': 0.001, 'learning_rate_video': 0.0001, 'learning_rate_other': 0.001, 'weight_decay_bert': 0.001, 'weight_decay_audio': 0.01, 'weight_decay_video': 0.001, 'weight_decay_other': 0.001, 'a_lstm_hidden_size': 32, 'v_lstm_hidden_size': 64, 'a_lstm_layers': 1, 'v_lstm_layers': 1, 'text_out': 768, 'audio_out': 16, 'video_out': 32, 'a_lstm_dropout': 0.0, 'v_lstm_dropout': 0.0, 't_bert_dropout': 0.1, 'd_model': 128, 'fusion_layers': 4, 'heads': 4, 'learnable_pos_emb': False, 'emb_dropout': 0.0, 'attn_dropout': 0.2, 'ff_dropout': 0.1, 'ff_expansion': 4, 'mpu_share': True, 'modality_share': True, 'layer_share': True, 'attn_act_fn': 'tanh', 'gmc_tokens_pred_dim': 128, 'text_pred_dim': 256, 'audio_pred_dim': 8, 'video_pred_dim': 16, 'recon_loss': 'SmoothL1Loss', 'loss_recon_weight': 1, 'loss_attra_weight': 1, 'use_uncertainty_weighted_attra': True, 'use_per_modal_uncertainty_weight': True, 'uncertainty_attra_alpha': 2, 'modal_attra_weights': {'gmc': 1.0, 'text': 1.1, 'audio': 1.0, 'video': 1.0}, 'uncertainty_reg_weight': 0.1, 'uncertainty_reg_margin': 1e-05, 'uncertainty_before_weight': 0.1, 'kl_reg_weight': 0.001, 'post_fusion_dim': 256, 'post_fusion_dropout': 0.2, 'H': 3.0, 'boundary_loss_weight': 0.15, 'cur_time': 3, 'model_save_path': 'results/mosi/emt-dlfr/run_once/models/emt-dlfr-mosi-regression-mr0.4-11111.pth', 'device': device(type='cuda', index=5), 'tasks': 'M'}>",11111,71.87,71.8,72.87,72.88,40.09,36.01,102.44,56.56,-110.62,102.5
2026-03-01_05-08-57,emt-dlfr,"<Storage{'need_task_scheduling': False, 'is_tune': False, 'train_mode': 'regression', 'modelName': 'emt-dlfr', 'datasetName': 'mosi', 'num_workers': 4, 'model_save_dir': 'results/mosi/emt-dlfr/run_once/models', 'res_save_dir': 'results/mosi/emt-dlfr/run_once/results', 'gpu_ids': [5], 'missing_rates': array([0. , 0.1, 0.2, 0.3, 0.4, 0.5, 0.6, 0.7, 0.8, 0.9, 1. ]), 'seed': 11111, 'num_seeds': 3, 'exp_name': 'moe-uncertainty', 'diff_missing': None, 'KeyEval': 'Loss', 'save_model': True, 'unified_missing': False, 'use_normalized_data': False, 'seeds': [111, 1111, 11111], 'missing_rate': (0.4, 0.4, 0.4), 'dataPath': '/mnt/HDD2/teng/Master-23/sjc/work2/EMT-DLFR-master-based/MMSA/Datasets/MOSI/Processed/unaligned_50.pkl', 'seq_lens': (50, 375, 500), 'feature_dims': (768, 5, 20), 'train_samples': 1284, 'num_classes': 3, 'language': 'en', 'missing_seed': (111, 1111, 11111), 'data_missing': True, 'deal_missing': False, 'need_data_aligned': False, 'need_model_aligned': False, 'need_normalized': False, 'use_bert': True, 'use_finetune': True, 'save_labels': False, 'early_stop': 8, 'update_epochs': 4, 'batch_size': 32, 'learning_rate_bert': 5e-05, 'learning_rate_audio': 0.001, 'learning_rate_video': 0.0001, 'learning_rate_other': 0.001, 'weight_decay_bert': 0.001, 'weight_decay_audio': 0.01, 'weight_decay_video': 0.001, 'weight_decay_other': 0.001, 'a_lstm_hidden_size': 32, 'v_lstm_hidden_size': 64, 'a_lstm_layers': 1, 'v_lstm_layers': 1, 'text_out': 768, 'audio_out': 16, 'video_out': 32, 'a_lstm_dropout': 0.0, 'v_lstm_dropout': 0.0, 't_bert_dropout': 0.1, 'd_model': 128, 'fusion_layers': 4, 'heads': 4, 'learnable_pos_emb': False, 'emb_dropout': 0.0, 'attn_dropout': 0.2, 'ff_dropout': 0.1, 'ff_expansion': 4, 'mpu_share': True, 'modality_share': True, 'layer_share': True, 'attn_act_fn': 'tanh', 'gmc_tokens_pred_dim': 128, 'text_pred_dim': 256, 'audio_pred_dim': 8, 'video_pred_dim': 16, 'recon_loss': 'SmoothL1Loss', 'loss_recon_weight': 1, 'loss_attra_weight': 1, 'use_uncertainty_weighted_attra': True, 'use_per_modal_uncertainty_weight': True, 'uncertainty_attra_alpha': 2, 'modal_attra_weights': {'gmc': 1.0, 'text': 1.1, 'audio': 1.0, 'video': 1.0}, 'uncertainty_reg_weight': 0.1, 'uncertainty_reg_margin': 1e-05, 'uncertainty_before_weight': 0.1, 'kl_reg_weight': 0.001, 'post_fusion_dim': 256, 'post_fusion_dropout': 0.2, 'H': 3.0, 'boundary_loss_weight': 0.15, 'cur_time': 3, 'model_save_path': 'results/mosi/emt-dlfr/run_once/models/emt-dlfr-mosi-regression-mr0.4-11111.pth', 'device': device(type='cuda', index=5), 'tasks': 'M'}>",<mean/std>,"(72.6, 0.54)","(72.61, 0.6)","(73.32, 0.37)","(73.42, 0.43)","(38.29, 2.05)","(34.31, 2.01)","(102.67, 0.58)","(56.99, 0.44)","(-122.48, 8.55)","(102.39, 0.68)"
2026-03-01_05-08-57,emt-dlfr,"<Storage{'need_task_scheduling': False, 'is_tune': False, 'train_mode': 'regression', 'modelName': 'emt-dlfr', 'datasetName': 'mosi', 'num_workers': 4, 'model_save_dir': 'results/mosi/emt-dlfr/run_once/models', 'res_save_dir': 'results/mosi/emt-dlfr/run_once/results', 'gpu_ids': [5], 'missing_rates': array([0. , 0.1, 0.2, 0.3, 0.4, 0.5, 0.6, 0.7, 0.8, 0.9, 1. ]), 'seed': 11111, 'num_seeds': 3, 'exp_name': 'moe-uncertainty', 'diff_missing': None, 'KeyEval': 'Loss', 'save_model': True, 'unified_missing': False, 'use_normalized_data': False, 'seeds': [111, 1111, 11111], 'missing_rate': (0.4, 0.4, 0.4), 'dataPath': '/mnt/HDD2/teng/Master-23/sjc/work2/EMT-DLFR-master-based/MMSA/Datasets/MOSI/Processed/unaligned_50.pkl', 'seq_lens': (50, 375, 500), 'feature_dims': (768, 5, 20), 'train_samples': 1284, 'num_classes': 3, 'language': 'en', 'missing_seed': (111, 1111, 11111), 'data_missing': True, 'deal_missing': False, 'need_data_aligned': False, 'need_model_aligned': False, 'need_normalized': False, 'use_bert': True, 'use_finetune': True, 'save_labels': False, 'early_stop': 8, 'update_epochs': 4, 'batch_size': 32, 'learning_rate_bert': 5e-05, 'learning_rate_audio': 0.001, 'learning_rate_video': 0.0001, 'learning_rate_other': 0.001, 'weight_decay_bert': 0.001, 'weight_decay_audio': 0.01, 'weight_decay_video': 0.001, 'weight_decay_other': 0.001, 'a_lstm_hidden_size': 32, 'v_lstm_hidden_size': 64, 'a_lstm_layers': 1, 'v_lstm_layers': 1, 'text_out': 768, 'audio_out': 16, 'video_out': 32, 'a_lstm_dropout': 0.0, 'v_lstm_dropout': 0.0, 't_bert_dropout': 0.1, 'd_model': 128, 'fusion_layers': 4, 'heads': 4, 'learnable_pos_emb': False, 'emb_dropout': 0.0, 'attn_dropout': 0.2, 'ff_dropout': 0.1, 'ff_expansion': 4, 'mpu_share': True, 'modality_share': True, 'layer_share': True, 'attn_act_fn': 'tanh', 'gmc_tokens_pred_dim': 128, 'text_pred_dim': 256, 'audio_pred_dim': 8, 'video_pred_dim': 16, 'recon_loss': 'SmoothL1Loss', 'loss_recon_weight': 1, 'loss_attra_weight': 1, 'use_uncertainty_weighted_attra': True, 'use_per_modal_uncertainty_weight': True, 'uncertainty_attra_alpha': 2, 'modal_attra_weights': {'gmc': 1.0, 'text': 1.1, 'audio': 1.0, 'video': 1.0}, 'uncertainty_reg_weight': 0.1, 'uncertainty_reg_margin': 1e-05, 'uncertainty_before_weight': 0.1, 'kl_reg_weight': 0.001, 'post_fusion_dim': 256, 'post_fusion_dropout': 0.2, 'H': 3.0, 'boundary_loss_weight': 0.15, 'cur_time': 3, 'model_save_path': 'results/mosi/emt-dlfr/run_once/models/emt-dlfr-mosi-regression-mr0.4-11111.pth', 'device': device(type='cuda', index=5), 'tasks': 'M'}>",<max/seed>,"(73.18, 111)","(73.25, 111)","(73.78, 111)","(73.94, 111)","(40.09, 11111)","(36.01, 11111)","(103.47, 1111)","(57.59, 111)","(-110.62, 11111)","(103.16, 1111)"
2026-03-01_05-08-57,emt-dlfr,"<Storage{'need_task_scheduling': False, 'is_tune': False, 'train_mode': 'regression', 'modelName': 'emt-dlfr', 'datasetName': 'mosi', 'num_workers': 4, 'model_save_dir': 'results/mosi/emt-dlfr/run_once/models', 'res_save_dir': 'results/mosi/emt-dlfr/run_once/results', 'gpu_ids': [5], 'missing_rates': array([0. , 0.1, 0.2, 0.3, 0.4, 0.5, 0.6, 0.7, 0.8, 0.9, 1. ]), 'seed': 11111, 'num_seeds': 3, 'exp_name': 'moe-uncertainty', 'diff_missing': None, 'KeyEval': 'Loss', 'save_model': True, 'unified_missing': False, 'use_normalized_data': False, 'seeds': [111, 1111, 11111], 'missing_rate': (0.4, 0.4, 0.4), 'dataPath': '/mnt/HDD2/teng/Master-23/sjc/work2/EMT-DLFR-master-based/MMSA/Datasets/MOSI/Processed/unaligned_50.pkl', 'seq_lens': (50, 375, 500), 'feature_dims': (768, 5, 20), 'train_samples': 1284, 'num_classes': 3, 'language': 'en', 'missing_seed': (111, 1111, 11111), 'data_missing': True, 'deal_missing': False, 'need_data_aligned': False, 'need_model_aligned': False, 'need_normalized': False, 'use_bert': True, 'use_finetune': True, 'save_labels': False, 'early_stop': 8, 'update_epochs': 4, 'batch_size': 32, 'learning_rate_bert': 5e-05, 'learning_rate_audio': 0.001, 'learning_rate_video': 0.0001, 'learning_rate_other': 0.001, 'weight_decay_bert': 0.001, 'weight_decay_audio': 0.01, 'weight_decay_video': 0.001, 'weight_decay_other': 0.001, 'a_lstm_hidden_size': 32, 'v_lstm_hidden_size': 64, 'a_lstm_layers': 1, 'v_lstm_layers': 1, 'text_out': 768, 'audio_out': 16, 'video_out': 32, 'a_lstm_dropout': 0.0, 'v_lstm_dropout': 0.0, 't_bert_dropout': 0.1, 'd_model': 128, 'fusion_layers': 4, 'heads': 4, 'learnable_pos_emb': False, 'emb_dropout': 0.0, 'attn_dropout': 0.2, 'ff_dropout': 0.1, 'ff_expansion': 4, 'mpu_share': True, 'modality_share': True, 'layer_share': True, 'attn_act_fn': 'tanh', 'gmc_tokens_pred_dim': 128, 'text_pred_dim': 256, 'audio_pred_dim': 8, 'video_pred_dim': 16, 'recon_loss': 'SmoothL1Loss', 'loss_recon_weight': 1, 'loss_attra_weight': 1, 'use_uncertainty_weighted_attra': True, 'use_per_modal_uncertainty_weight': True, 'uncertainty_attra_alpha': 2, 'modal_attra_weights': {'gmc': 1.0, 'text': 1.1, 'audio': 1.0, 'video': 1.0}, 'uncertainty_reg_weight': 0.1, 'uncertainty_reg_margin': 1e-05, 'uncertainty_before_weight': 0.1, 'kl_reg_weight': 0.001, 'post_fusion_dim': 256, 'post_fusion_dropout': 0.2, 'H': 3.0, 'boundary_loss_weight': 0.15, 'cur_time': 3, 'model_save_path': 'results/mosi/emt-dlfr/run_once/models/emt-dlfr-mosi-regression-mr0.4-11111.pth', 'device': device(type='cuda', index=5), 'tasks': 'M'}>",<min/seed>,"(71.87, 11111)","(71.8, 11111)","(72.87, 11111)","(72.88, 11111)","(35.42, 111)","(31.49, 111)","(102.1, 111)","(56.56, 11111)","(-130.48, 111)","(101.5, 111)"
2026-03-05_08-07-13,emt-dlfr,"<Storage{'need_task_scheduling': False, 'is_tune': False, 'train_mode': 'regression', 'modelName': 'emt-dlfr', 'datasetName': 'mosi', 'num_workers': 4, 'model_save_dir': 'results/mosi/emt-dlfr/run_once/models', 'res_save_dir': 'results/mosi/emt-dlfr/run_once/results', 'gpu_ids': [5], 'missing_rates': array([0. , 0.1, 0.2, 0.3, 0.4, 0.5, 0.6, 0.7, 0.8, 0.9, 1. ]), 'seed': 11111, 'num_seeds': 3, 'exp_name': 'moe-uncertainty', 'diff_missing': None, 'KeyEval': 'Loss', 'save_model': True, 'unified_missing': False, 'use_normalized_data': False, 'seeds': [111, 1111, 11111], 'missing_rate': (0.4, 0.4, 0.4), 'dataPath': '/mnt/HDD2/teng/Master-23/sjc/work2/EMT-DLFR-master-based/MMSA/Datasets/MOSI/Processed/unaligned_50.pkl', 'seq_lens': (50, 375, 500), 'feature_dims': (768, 5, 20), 'train_samples': 1284, 'num_classes': 3, 'language': 'en', 'missing_seed': (111, 1111, 11111), 'data_missing': True, 'deal_missing': False, 'need_data_aligned': False, 'need_model_aligned': False, 'need_normalized': False, 'use_bert': True, 'use_finetune': True, 'save_labels': False, 'early_stop': 8, 'update_epochs': 4, 'batch_size': 32, 'learning_rate_bert': 5e-05, 'learning_rate_audio': 0.001, 'learning_rate_video': 0.0001, 'learning_rate_other': 0.001, 'weight_decay_bert': 0.001, 'weight_decay_audio': 0.01, 'weight_decay_video': 0.001, 'weight_decay_other': 0.001, 'a_lstm_hidden_size': 32, 'v_lstm_hidden_size': 64, 'a_lstm_layers': 1, 'v_lstm_layers': 1, 'text_out': 768, 'audio_out': 16, 'video_out': 32, 'a_lstm_dropout': 0.0, 'v_lstm_dropout': 0.0, 't_bert_dropout': 0.1, 'd_model': 128, 'fusion_layers': 4, 'heads': 4, 'learnable_pos_emb': False, 'emb_dropout': 0.0, 'attn_dropout': 0.2, 'ff_dropout': 0.1, 'ff_expansion': 4, 'mpu_share': True, 'modality_share': True, 'layer_share': True, 'attn_act_fn': 'tanh', 'gmc_tokens_pred_dim': 128, 'text_pred_dim': 256, 'audio_pred_dim': 8, 'video_pred_dim': 16, 'recon_loss': 'SmoothL1Loss', 'loss_recon_weight': 1, 'loss_attra_weight': 1, 'use_uncertainty_weighted_attra': True, 'use_per_modal_uncertainty_weight': True, 'uncertainty_attra_alpha': 2, 'modal_attra_weights': {'gmc': 1.0, 'text': 1.1, 'audio': 1.0, 'video': 1.0}, 'uncertainty_reg_weight': 0.1, 'uncertainty_reg_margin': 1e-05, 'uncertainty_before_weight': 0.1, 'kl_reg_weight': 0.001, 'post_fusion_dim': 256, 'post_fusion_dropout': 0.3, 'H': 3.0, 'boundary_loss_weight': 0.15, 'cur_time': 3, 'model_save_path': 'results/mosi/emt-dlfr/run_once/models/emt-dlfr-mosi-regression-mr0.4-11111.pth', 'device': device(type='cuda', index=5), 'tasks': 'M'}>",111,72.01,72.05,72.26,72.4,35.71,31.78,106.85,56.84,-115.92,107.07
2026-03-05_08-07-13,emt-dlfr,"<Storage{'need_task_scheduling': False, 'is_tune': False, 'train_mode': 'regression', 'modelName': 'emt-dlfr', 'datasetName': 'mosi', 'num_workers': 4, 'model_save_dir': 'results/mosi/emt-dlfr/run_once/models', 'res_save_dir': 'results/mosi/emt-dlfr/run_once/results', 'gpu_ids': [5], 'missing_rates': array([0. , 0.1, 0.2, 0.3, 0.4, 0.5, 0.6, 0.7, 0.8, 0.9, 1. ]), 'seed': 11111, 'num_seeds': 3, 'exp_name': 'moe-uncertainty', 'diff_missing': None, 'KeyEval': 'Loss', 'save_model': True, 'unified_missing': False, 'use_normalized_data': False, 'seeds': [111, 1111, 11111], 'missing_rate': (0.4, 0.4, 0.4), 'dataPath': '/mnt/HDD2/teng/Master-23/sjc/work2/EMT-DLFR-master-based/MMSA/Datasets/MOSI/Processed/unaligned_50.pkl', 'seq_lens': (50, 375, 500), 'feature_dims': (768, 5, 20), 'train_samples': 1284, 'num_classes': 3, 'language': 'en', 'missing_seed': (111, 1111, 11111), 'data_missing': True, 'deal_missing': False, 'need_data_aligned': False, 'need_model_aligned': False, 'need_normalized': False, 'use_bert': True, 'use_finetune': True, 'save_labels': False, 'early_stop': 8, 'update_epochs': 4, 'batch_size': 32, 'learning_rate_bert': 5e-05, 'learning_rate_audio': 0.001, 'learning_rate_video': 0.0001, 'learning_rate_other': 0.001, 'weight_decay_bert': 0.001, 'weight_decay_audio': 0.01, 'weight_decay_video': 0.001, 'weight_decay_other': 0.001, 'a_lstm_hidden_size': 32, 'v_lstm_hidden_size': 64, 'a_lstm_layers': 1, 'v_lstm_layers': 1, 'text_out': 768, 'audio_out': 16, 'video_out': 32, 'a_lstm_dropout': 0.0, 'v_lstm_dropout': 0.0, 't_bert_dropout': 0.1, 'd_model': 128, 'fusion_layers': 4, 'heads': 4, 'learnable_pos_emb': False, 'emb_dropout': 0.0, 'attn_dropout': 0.2, 'ff_dropout': 0.1, 'ff_expansion': 4, 'mpu_share': True, 'modality_share': True, 'layer_share': True, 'attn_act_fn': 'tanh', 'gmc_tokens_pred_dim': 128, 'text_pred_dim': 256, 'audio_pred_dim': 8, 'video_pred_dim': 16, 'recon_loss': 'SmoothL1Loss', 'loss_recon_weight': 1, 'loss_attra_weight': 1, 'use_uncertainty_weighted_attra': True, 'use_per_modal_uncertainty_weight': True, 'uncertainty_attra_alpha': 2, 'modal_attra_weights': {'gmc': 1.0, 'text': 1.1, 'audio': 1.0, 'video': 1.0}, 'uncertainty_reg_weight': 0.1, 'uncertainty_reg_margin': 1e-05, 'uncertainty_before_weight': 0.1, 'kl_reg_weight': 0.001, 'post_fusion_dim': 256, 'post_fusion_dropout': 0.3, 'H': 3.0, 'boundary_loss_weight': 0.15, 'cur_time': 3, 'model_save_path': 'results/mosi/emt-dlfr/run_once/models/emt-dlfr-mosi-regression-mr0.4-11111.pth', 'device': device(type='cuda', index=5), 'tasks': 'M'}>",1111,72.45,72.41,73.32,73.35,38.63,34.69,103.11,56.32,-110.22,104.12
2026-03-05_08-07-13,emt-dlfr,"<Storage{'need_task_scheduling': False, 'is_tune': False, 'train_mode': 'regression', 'modelName': 'emt-dlfr', 'datasetName': 'mosi', 'num_workers': 4, 'model_save_dir': 'results/mosi/emt-dlfr/run_once/models', 'res_save_dir': 'results/mosi/emt-dlfr/run_once/results', 'gpu_ids': [5], 'missing_rates': array([0. , 0.1, 0.2, 0.3, 0.4, 0.5, 0.6, 0.7, 0.8, 0.9, 1. ]), 'seed': 11111, 'num_seeds': 3, 'exp_name': 'moe-uncertainty', 'diff_missing': None, 'KeyEval': 'Loss', 'save_model': True, 'unified_missing': False, 'use_normalized_data': False, 'seeds': [111, 1111, 11111], 'missing_rate': (0.4, 0.4, 0.4), 'dataPath': '/mnt/HDD2/teng/Master-23/sjc/work2/EMT-DLFR-master-based/MMSA/Datasets/MOSI/Processed/unaligned_50.pkl', 'seq_lens': (50, 375, 500), 'feature_dims': (768, 5, 20), 'train_samples': 1284, 'num_classes': 3, 'language': 'en', 'missing_seed': (111, 1111, 11111), 'data_missing': True, 'deal_missing': False, 'need_data_aligned': False, 'need_model_aligned': False, 'need_normalized': False, 'use_bert': True, 'use_finetune': True, 'save_labels': False, 'early_stop': 8, 'update_epochs': 4, 'batch_size': 32, 'learning_rate_bert': 5e-05, 'learning_rate_audio': 0.001, 'learning_rate_video': 0.0001, 'learning_rate_other': 0.001, 'weight_decay_bert': 0.001, 'weight_decay_audio': 0.01, 'weight_decay_video': 0.001, 'weight_decay_other': 0.001, 'a_lstm_hidden_size': 32, 'v_lstm_hidden_size': 64, 'a_lstm_layers': 1, 'v_lstm_layers': 1, 'text_out': 768, 'audio_out': 16, 'video_out': 32, 'a_lstm_dropout': 0.0, 'v_lstm_dropout': 0.0, 't_bert_dropout': 0.1, 'd_model': 128, 'fusion_layers': 4, 'heads': 4, 'learnable_pos_emb': False, 'emb_dropout': 0.0, 'attn_dropout': 0.2, 'ff_dropout': 0.1, 'ff_expansion': 4, 'mpu_share': True, 'modality_share': True, 'layer_share': True, 'attn_act_fn': 'tanh', 'gmc_tokens_pred_dim': 128, 'text_pred_dim': 256, 'audio_pred_dim': 8, 'video_pred_dim': 16, 'recon_loss': 'SmoothL1Loss', 'loss_recon_weight': 1, 'loss_attra_weight': 1, 'use_uncertainty_weighted_attra': True, 'use_per_modal_uncertainty_weight': True, 'uncertainty_attra_alpha': 2, 'modal_attra_weights': {'gmc': 1.0, 'text': 1.1, 'audio': 1.0, 'video': 1.0}, 'uncertainty_reg_weight': 0.1, 'uncertainty_reg_margin': 1e-05, 'uncertainty_before_weight': 0.1, 'kl_reg_weight': 0.001, 'post_fusion_dim': 256, 'post_fusion_dropout': 0.3, 'H': 3.0, 'boundary_loss_weight': 0.15, 'cur_time': 3, 'model_save_path': 'results/mosi/emt-dlfr/run_once/models/emt-dlfr-mosi-regression-mr0.4-11111.pth', 'device': device(type='cuda', index=5), 'tasks': 'M'}>",11111,72.89,72.96,73.78,73.94,39.65,35.42,101.0,58.28,-132.54,100.44
2026-03-05_08-07-13,emt-dlfr,"<Storage{'need_task_scheduling': False, 'is_tune': False, 'train_mode': 'regression', 'modelName': 'emt-dlfr', 'datasetName': 'mosi', 'num_workers': 4, 'model_save_dir': 'results/mosi/emt-dlfr/run_once/models', 'res_save_dir': 'results/mosi/emt-dlfr/run_once/results', 'gpu_ids': [5], 'missing_rates': array([0. , 0.1, 0.2, 0.3, 0.4, 0.5, 0.6, 0.7, 0.8, 0.9, 1. ]), 'seed': 11111, 'num_seeds': 3, 'exp_name': 'moe-uncertainty', 'diff_missing': None, 'KeyEval': 'Loss', 'save_model': True, 'unified_missing': False, 'use_normalized_data': False, 'seeds': [111, 1111, 11111], 'missing_rate': (0.4, 0.4, 0.4), 'dataPath': '/mnt/HDD2/teng/Master-23/sjc/work2/EMT-DLFR-master-based/MMSA/Datasets/MOSI/Processed/unaligned_50.pkl', 'seq_lens': (50, 375, 500), 'feature_dims': (768, 5, 20), 'train_samples': 1284, 'num_classes': 3, 'language': 'en', 'missing_seed': (111, 1111, 11111), 'data_missing': True, 'deal_missing': False, 'need_data_aligned': False, 'need_model_aligned': False, 'need_normalized': False, 'use_bert': True, 'use_finetune': True, 'save_labels': False, 'early_stop': 8, 'update_epochs': 4, 'batch_size': 32, 'learning_rate_bert': 5e-05, 'learning_rate_audio': 0.001, 'learning_rate_video': 0.0001, 'learning_rate_other': 0.001, 'weight_decay_bert': 0.001, 'weight_decay_audio': 0.01, 'weight_decay_video': 0.001, 'weight_decay_other': 0.001, 'a_lstm_hidden_size': 32, 'v_lstm_hidden_size': 64, 'a_lstm_layers': 1, 'v_lstm_layers': 1, 'text_out': 768, 'audio_out': 16, 'video_out': 32, 'a_lstm_dropout': 0.0, 'v_lstm_dropout': 0.0, 't_bert_dropout': 0.1, 'd_model': 128, 'fusion_layers': 4, 'heads': 4, 'learnable_pos_emb': False, 'emb_dropout': 0.0, 'attn_dropout': 0.2, 'ff_dropout': 0.1, 'ff_expansion': 4, 'mpu_share': True, 'modality_share': True, 'layer_share': True, 'attn_act_fn': 'tanh', 'gmc_tokens_pred_dim': 128, 'text_pred_dim': 256, 'audio_pred_dim': 8, 'video_pred_dim': 16, 'recon_loss': 'SmoothL1Loss', 'loss_recon_weight': 1, 'loss_attra_weight': 1, 'use_uncertainty_weighted_attra': True, 'use_per_modal_uncertainty_weight': True, 'uncertainty_attra_alpha': 2, 'modal_attra_weights': {'gmc': 1.0, 'text': 1.1, 'audio': 1.0, 'video': 1.0}, 'uncertainty_reg_weight': 0.1, 'uncertainty_reg_margin': 1e-05, 'uncertainty_before_weight': 0.1, 'kl_reg_weight': 0.001, 'post_fusion_dim': 256, 'post_fusion_dropout': 0.3, 'H': 3.0, 'boundary_loss_weight': 0.15, 'cur_time': 3, 'model_save_path': 'results/mosi/emt-dlfr/run_once/models/emt-dlfr-mosi-regression-mr0.4-11111.pth', 'device': device(type='cuda', index=5), 'tasks': 'M'}>",<mean/std>,"(72.45, 0.36)","(72.47, 0.37)","(73.12, 0.64)","(73.23, 0.63)","(38.0, 1.67)","(33.96, 1.57)","(103.65, 2.42)","(57.15, 0.83)","(-119.56, 9.47)","(103.87, 2.71)"
2026-03-05_08-07-13,emt-dlfr,"<Storage{'need_task_scheduling': False, 'is_tune': False, 'train_mode': 'regression', 'modelName': 'emt-dlfr', 'datasetName': 'mosi', 'num_workers': 4, 'model_save_dir': 'results/mosi/emt-dlfr/run_once/models', 'res_save_dir': 'results/mosi/emt-dlfr/run_once/results', 'gpu_ids': [5], 'missing_rates': array([0. , 0.1, 0.2, 0.3, 0.4, 0.5, 0.6, 0.7, 0.8, 0.9, 1. ]), 'seed': 11111, 'num_seeds': 3, 'exp_name': 'moe-uncertainty', 'diff_missing': None, 'KeyEval': 'Loss', 'save_model': True, 'unified_missing': False, 'use_normalized_data': False, 'seeds': [111, 1111, 11111], 'missing_rate': (0.4, 0.4, 0.4), 'dataPath': '/mnt/HDD2/teng/Master-23/sjc/work2/EMT-DLFR-master-based/MMSA/Datasets/MOSI/Processed/unaligned_50.pkl', 'seq_lens': (50, 375, 500), 'feature_dims': (768, 5, 20), 'train_samples': 1284, 'num_classes': 3, 'language': 'en', 'missing_seed': (111, 1111, 11111), 'data_missing': True, 'deal_missing': False, 'need_data_aligned': False, 'need_model_aligned': False, 'need_normalized': False, 'use_bert': True, 'use_finetune': True, 'save_labels': False, 'early_stop': 8, 'update_epochs': 4, 'batch_size': 32, 'learning_rate_bert': 5e-05, 'learning_rate_audio': 0.001, 'learning_rate_video': 0.0001, 'learning_rate_other': 0.001, 'weight_decay_bert': 0.001, 'weight_decay_audio': 0.01, 'weight_decay_video': 0.001, 'weight_decay_other': 0.001, 'a_lstm_hidden_size': 32, 'v_lstm_hidden_size': 64, 'a_lstm_layers': 1, 'v_lstm_layers': 1, 'text_out': 768, 'audio_out': 16, 'video_out': 32, 'a_lstm_dropout': 0.0, 'v_lstm_dropout': 0.0, 't_bert_dropout': 0.1, 'd_model': 128, 'fusion_layers': 4, 'heads': 4, 'learnable_pos_emb': False, 'emb_dropout': 0.0, 'attn_dropout': 0.2, 'ff_dropout': 0.1, 'ff_expansion': 4, 'mpu_share': True, 'modality_share': True, 'layer_share': True, 'attn_act_fn': 'tanh', 'gmc_tokens_pred_dim': 128, 'text_pred_dim': 256, 'audio_pred_dim': 8, 'video_pred_dim': 16, 'recon_loss': 'SmoothL1Loss', 'loss_recon_weight': 1, 'loss_attra_weight': 1, 'use_uncertainty_weighted_attra': True, 'use_per_modal_uncertainty_weight': True, 'uncertainty_attra_alpha': 2, 'modal_attra_weights': {'gmc': 1.0, 'text': 1.1, 'audio': 1.0, 'video': 1.0}, 'uncertainty_reg_weight': 0.1, 'uncertainty_reg_margin': 1e-05, 'uncertainty_before_weight': 0.1, 'kl_reg_weight': 0.001, 'post_fusion_dim': 256, 'post_fusion_dropout': 0.3, 'H': 3.0, 'boundary_loss_weight': 0.15, 'cur_time': 3, 'model_save_path': 'results/mosi/emt-dlfr/run_once/models/emt-dlfr-mosi-regression-mr0.4-11111.pth', 'device': device(type='cuda', index=5), 'tasks': 'M'}>",<max/seed>,"(72.89, 11111)","(72.96, 11111)","(73.78, 11111)","(73.94, 11111)","(39.65, 11111)","(35.42, 11111)","(106.85, 111)","(58.28, 11111)","(-110.22, 1111)","(107.07, 111)"
2026-03-05_08-07-13,emt-dlfr,"<Storage{'need_task_scheduling': False, 'is_tune': False, 'train_mode': 'regression', 'modelName': 'emt-dlfr', 'datasetName': 'mosi', 'num_workers': 4, 'model_save_dir': 'results/mosi/emt-dlfr/run_once/models', 'res_save_dir': 'results/mosi/emt-dlfr/run_once/results', 'gpu_ids': [5], 'missing_rates': array([0. , 0.1, 0.2, 0.3, 0.4, 0.5, 0.6, 0.7, 0.8, 0.9, 1. ]), 'seed': 11111, 'num_seeds': 3, 'exp_name': 'moe-uncertainty', 'diff_missing': None, 'KeyEval': 'Loss', 'save_model': True, 'unified_missing': False, 'use_normalized_data': False, 'seeds': [111, 1111, 11111], 'missing_rate': (0.4, 0.4, 0.4), 'dataPath': '/mnt/HDD2/teng/Master-23/sjc/work2/EMT-DLFR-master-based/MMSA/Datasets/MOSI/Processed/unaligned_50.pkl', 'seq_lens': (50, 375, 500), 'feature_dims': (768, 5, 20), 'train_samples': 1284, 'num_classes': 3, 'language': 'en', 'missing_seed': (111, 1111, 11111), 'data_missing': True, 'deal_missing': False, 'need_data_aligned': False, 'need_model_aligned': False, 'need_normalized': False, 'use_bert': True, 'use_finetune': True, 'save_labels': False, 'early_stop': 8, 'update_epochs': 4, 'batch_size': 32, 'learning_rate_bert': 5e-05, 'learning_rate_audio': 0.001, 'learning_rate_video': 0.0001, 'learning_rate_other': 0.001, 'weight_decay_bert': 0.001, 'weight_decay_audio': 0.01, 'weight_decay_video': 0.001, 'weight_decay_other': 0.001, 'a_lstm_hidden_size': 32, 'v_lstm_hidden_size': 64, 'a_lstm_layers': 1, 'v_lstm_layers': 1, 'text_out': 768, 'audio_out': 16, 'video_out': 32, 'a_lstm_dropout': 0.0, 'v_lstm_dropout': 0.0, 't_bert_dropout': 0.1, 'd_model': 128, 'fusion_layers': 4, 'heads': 4, 'learnable_pos_emb': False, 'emb_dropout': 0.0, 'attn_dropout': 0.2, 'ff_dropout': 0.1, 'ff_expansion': 4, 'mpu_share': True, 'modality_share': True, 'layer_share': True, 'attn_act_fn': 'tanh', 'gmc_tokens_pred_dim': 128, 'text_pred_dim': 256, 'audio_pred_dim': 8, 'video_pred_dim': 16, 'recon_loss': 'SmoothL1Loss', 'loss_recon_weight': 1, 'loss_attra_weight': 1, 'use_uncertainty_weighted_attra': True, 'use_per_modal_uncertainty_weight': True, 'uncertainty_attra_alpha': 2, 'modal_attra_weights': {'gmc': 1.0, 'text': 1.1, 'audio': 1.0, 'video': 1.0}, 'uncertainty_reg_weight': 0.1, 'uncertainty_reg_margin': 1e-05, 'uncertainty_before_weight': 0.1, 'kl_reg_weight': 0.001, 'post_fusion_dim': 256, 'post_fusion_dropout': 0.3, 'H': 3.0, 'boundary_loss_weight': 0.15, 'cur_time': 3, 'model_save_path': 'results/mosi/emt-dlfr/run_once/models/emt-dlfr-mosi-regression-mr0.4-11111.pth', 'device': device(type='cuda', index=5), 'tasks': 'M'}>",<min/seed>,"(72.01, 111)","(72.05, 111)","(72.26, 111)","(72.4, 111)","(35.71, 111)","(31.78, 111)","(101.0, 11111)","(56.32, 1111)","(-132.54, 11111)","(100.44, 11111)"
